3.73768e+07 1.24536e+09 5.91187e+07 470422 6 17 3.54712e+08 754.031 76 768.808
9.66394e+07 9.01333e+08 8.78739e+07 7.06849e+07 11 14 9.66613e+08 13.675 165.214 1689.55
6.17765e+07 1.2192e+09 7.63845e+07 1.1937e+07 6 17 4.58307e+08 38.3939 55.0588 761.229
1.28035e+09 2.64561e+09 7.73403e+07 976779 10 15 7.73403e+08 791.788 71.3333 1232.29
4.53063e+08 2.87629e+09 5.62034e+07 3.37814e+06 3 19 1.6861e+08 49.9122 72.6316 335.534
6.33477e+07 4.8426e+08 8.36947e+07 5.64051e+07 14 10 1.17173e+09 20.7734 114.4 2654.59
1512.98 30259.5 2.5e+07 30259.5 1 20 2.5e+07 826.186 64.2 106.781
1.15523e+08 1.44383e+09 8.05733e+07 1.75129e+07 9 14 7.2516e+08 41.4073 162.929 1688.64
3.80976e+09 3.84004e+09 8.34357e+07 9.33233e+06 13 10 1.08466e+09 116.226 154.1 3048.03
1.64636e+08 1.74549e+09 9.06683e+07 3.23251e+08 12 12 1.08802e+09 3.36586 224.917 2571.19
3.79463e+08 1.25997e+09 6.39696e+07 2.90618e+06 10 15 6.39696e+08 220.116 129.333 1210.08
1.5613e+08 1.82493e+09 7.22273e+07 8.37758e+06 14 9 1.01118e+09 120.701 184.889 2983.02
8.65145e+07 7.87759e+08 8.34519e+07 1.63901e+07 11 13 9.17971e+08 56.0076 134 1866.87
9.77916e+08 1.72929e+09 7.0955e+07 1.76114e+07 14 9 9.93371e+08 56.4049 212 2683.15
1.59071e+09 1.51118e+10 2.19249e+07 1.38266e+10 2 19 4.38498e+07 0.00317142 26.6316 330.511
9.42012e+15 0 2.04313e+07 3.1558e+15 10 15 2.04313e+08 6.47422e-08 70.9333 1145.66
8.55731e+07 1.06767e+09 8.71344e+07 3.93036e+07 13 12 1.13275e+09 28.8204 80.9167 2357.21
9.26481e+07 1.16654e+09 8.05711e+07 6.45026e+06 8 15 6.44569e+08 99.9292 105.333 1307.88
5.32461e+07 9.2622e+08 8.07952e+07 1.33016e+06 9 16 7.27157e+08 546.668 67.75 1036.9
1.48694e+08 2.56291e+09 8.55365e+07 3.05763e+08 12 11 1.02644e+09 3.35698 132.909 2313.19
1.70256e+18 0 2.90335e+07 2.4617e+14 14 11 4.0647e+08 1.65117e-06 181.636 2705.5
8.08953e+07 7.17557e+08 8.16802e+07 1.91402e+06 11 14 8.98482e+08 469.423 48 1206.48
1.31748e+07 1.72785e+08 7.03874e+07 2.32947e+06 8 16 5.63099e+08 241.729 66.9375 945.13
1.43908e+08 1.70298e+09 8.82588e+07 2.90184e+07 13 13 1.14736e+09 39.5391 144 2051.32
6.57478e+07 5.3773e+08 8.08928e+07 1.95586e+07 9 15 7.28035e+08 37.2234 89.7333 1344
5.5143e+07 7.61536e+08 6.5713e+07 2.09286e+06 11 12 7.22843e+08 345.385 152.917 1894.23
1.86904e+08 1.31751e+09 8.56097e+07 1.95851e+08 12 13 1.02732e+09 5.2454 91.6923 1702.54
8.06352e+06 2.68062e+08 7.36222e+07 1.04693e+07 4 18 2.94489e+08 28.1288 42 455.375
284700 1.23605e+07 8.61022e+07 5.40929e+06 2 19 1.72204e+08 31.8349 62.4211 333.695
2.00422e+08 1.10688e+09 9.04852e+07 1.28634e+07 16 10 1.44776e+09 112.549 123.6 2951.15
4.51567e+06 1.93336e+08 6.47231e+07 980471 3 19 1.94169e+08 198.037 48.7368 337.48
4.35858e+07 9.15955e+08 7.71699e+07 1.32817e+07 6 17 4.63019e+08 34.8614 87.0588 859.12
2.51437e+07 1.91994e+08 8.33638e+07 6.71512e+07 7 16 5.83546e+08 8.69004 80 848.053
1.01666e+09 1.16967e+09 7.70873e+07 5.38619e+06 15 11 1.15631e+09 214.681 70.1818 2211.93
0 0 0 0 0 0 0 0 0 0
1.23464e+08 1.48182e+09 8.11686e+07 1.90521e+07 13 13 1.05519e+09 55.3846 122.923 2065.73
7.31726e+07 1.24842e+09 8.15415e+07 1.93605e+07 10 13 8.15415e+08 42.1175 103.692 1829.71
9.67303e+07 1.60958e+09 8.66946e+07 1.18426e+08 12 10 1.04034e+09 8.78466 112.4 2584.7
1.34776e+08 8.02494e+08 8.63361e+07 9.40558e+06 14 10 1.20871e+09 128.509 174.5 3087.42
4.7469e+08 1.14874e+09 7.99739e+07 1.05838e+07 11 15 8.79712e+08 83.1191 103.733 1436.05
9.03059e+07 9.2781e+08 8.62141e+07 2.64549e+07 10 15 8.62141e+08 32.589 52.4 1229.07
0 0 0 0 0 0 0 0 0 0
2.71561e+12 0 3.125e+06 4.34497e+13 8 16 2.5e+07 5.75378e-07 65.4375 1168.56
2.51326e+09 5.35391e+09 6.98982e+07 1.47809e+07 8 16 5.59185e+08 37.8317 125.438 1141.14
5.04085e+08 1.23196e+09 8.75742e+07 2.33488e+07 14 13 1.22604e+09 52.5098 105.231 1828.93
8.95473e+11 0 1.25e+07 1.7014e+13 2 19 2.5e+07 1.46938e-06 36.6316 330.659
6.849e+07 8.6429e+08 8.42153e+07 1.41525e+08 8 16 6.73722e+08 4.76046 26 998.537
5.07314e+07 7.85367e+08 7.98403e+07 1.36853e+06 10 14 7.98403e+08 583.401 123.5 1380.51
1.87751e+07 5.42534e+08 8.97421e+07 1.80318e+07 7 13 6.28195e+08 34.8381 119.692 1653.41
9.22225e+08 1.17582e+09 6.70527e+07 7.25344e+06 16 10 1.07284e+09 147.908 172.9 2685.25
3.39554e+08 8.35344e+08 7.98456e+07 5.36267e+06 12 13 9.58147e+08 178.67 111.692 1785.24
2.4908e+07 5.57125e+08 8.55698e+07 6.0571e+07 6 16 5.13419e+08 8.4763 48.9375 832.75
1.35132e+18 0 3.01232e+06 1.89185e+19 7 14 2.10863e+07 1.11458e-12 44.8571 1330.13
2.80431e+07 5.9784e+08 8.61289e+07 6.52778e+07 6 17 5.16773e+08 7.91652 84.9412 856.028
3.21723e+07 3.84023e+08 8.53135e+07 1.71571e+07 8 16 6.82508e+08 39.7799 48.9375 978.26
3.7382e+07 1.80028e+09 8.01584e+07 1.31941e+07 12 11 9.61901e+08 72.9041 130.182 2418.21
2.51005e+08 1.13119e+09 5.07139e+07 765740 16 13 8.11422e+08 1059.66 246.308 2185.99
1.2448e+08 1.14459e+09 7.90243e+07 1.67742e+07 13 10 1.02732e+09 61.2437 300.1 3072.36
2.46522e+08 9.3537e+08 8.51656e+07 1.49903e+07 11 14 9.36821e+08 62.495 122.857 1642.22
2.00634e+07 4.13171e+08 7.14989e+07 7.38489e+07 6 17 4.28994e+08 5.80907 74.9412 683.775
7.47425e+12 0 4.16667e+06 1.12114e+14 6 15 2.5e+07 2.22988e-07 58.9333 1062.6
3.69863e+11 0 8.33333e+06 7.02739e+12 3 19 2.5e+07 3.55751e-06 32.5263 285.447
4.16139e+08 1.30866e+09 7.32348e+07 2.44462e+06 10 14 7.32348e+08 299.576 111.714 1625.51
0 0 0 0 0 0 0 0 0 0
2.01874e+08 1.91135e+09 8.921e+07 3.22211e+07 11 13 9.8131e+08 30.4555 128.923 1879.22
16807.1 336142 2.5e+07 336142 1 20 2.5e+07 74.3733 74.55 122.484
2.75977e+08 1.62017e+09 8.24181e+07 3.01783e+06 16 10 1.31869e+09 436.966 155.6 2752.27
1.35269e+08 1.29069e+09 8.95245e+07 8.91672e+07 13 11 1.16382e+09 13.0521 188.727 2452.11
2.00725e+07 9.83694e+08 7.56922e+07 1.1281e+07 9 14 6.8123e+08 60.3875 130.857 1629.06
0 0 0 0 0 0 0 0 0 0
3.5387e+09 1.06613e+10 4.37433e+07 838498 6 18 2.6246e+08 313.012 100.944 593.972
2.3498e+09 1.7635e+09 8.34185e+07 6.59821e+06 15 8 1.25128e+09 189.639 202.875 3728.12
3.42264e+08 9.18811e+08 7.75331e+07 1.02423e+07 14 11 1.08546e+09 105.979 82.1818 2372.76
1.17529e+08 6.56446e+08 7.33493e+07 3.19726e+07 12 11 8.80192e+08 27.5295 52.5455 1893.58
2.20465e+09 2.20602e+09 7.25539e+07 7.21883e+06 16 9 1.16086e+09 160.81 88 2966.68
2.101e+06 1.39864e+08 8.79792e+07 3.99189e+07 2 19 1.75958e+08 4.40789 54.7368 338.252
1.18141e+09 4.48938e+09 2.36102e+07 52868.1 5 19 1.18051e+08 2232.94 74.4211 329.042
3.51864e+07 6.11438e+08 8.41967e+07 1.25584e+08 7 15 5.89377e+08 4.69308 26.9333 879.366
1.5582e+08 1.45269e+09 8.04739e+07 7.24383e+06 15 7 1.20711e+09 166.64 213.714 5246.1
0 0 0 0 0 0 0 0 0 0
1.79216e+07 3.36147e+08 8.47977e+07 5.81956e+07 6 17 5.08786e+08 8.74269 45.0588 750.356
3.66726e+07 5.28629e+08 8.12985e+07 1.23073e+08 7 15 5.69089e+08 4.62401 76.9333 887.056
1.11952e+08 1.45953e+09 8.46446e+07 3.99882e+08 8 15 6.77157e+08 1.69339 51.3333 1151.23
1.07475e+08 2.04565e+09 8.65586e+07 1.04966e+06 7 14 6.05911e+08 577.247 89.2143 1234.59
1.68975e+09 3.38993e+09 7.5852e+07 6.97313e+06 9 15 6.82668e+08 97.8998 115.333 1157.68
4.65614e+07 4.28953e+08 8.42552e+07 1.12812e+07 8 14 6.74042e+08 59.7491 154.857 1520.69
1.05037e+09 3.02895e+09 8.03994e+07 6.76045e+08 10 10 8.03994e+08 1.18926 217.6 2491.43
2.46713e+09 2.57457e+09 7.6723e+07 969262 14 11 1.07412e+09 1108.18 68.1818 2306.14
3.76848e+08 1.69934e+09 9.4988e+07 1.56091e+08 16 8 1.51981e+09 9.73667 69.5 3322.48
9.10289e+07 7.75774e+08 7.47071e+07 1.76638e+07 9 13 6.72364e+08 38.0645 170.923 1757
6.13823e+08 2.79228e+09 7.84505e+07 1.66352e+08 5 18 3.92252e+08 2.35796 52.2778 533.192
1.8768e+09 3.61777e+09 6.85481e+07 3.35204e+06 9 15 6.16933e+08 184.047 41.7333 1229.9
5.98252e+09 3.93776e+09 7.69357e+07 763211 17 9 1.30791e+09 1713.69 124.889 2975.86
7.17684e+08 1.4329e+09 7.52725e+07 3.85854e+06 17 11 1.27963e+09 331.636 139.636 2710.26
2.89706e+16 0 2.72307e+07 6.85195e+13 14 13 3.8123e+08 5.56382e-06 44.9231 1732.2
2.49036e+08 1.06131e+09 9.22843e+07 8.24982e+06 15 9 1.38427e+09 167.793 158.222 3605.14
1.21703e+08 7.32257e+08 8.33466e+07 4.46353e+07 10 8 8.33466e+08 18.6728 156.875 3254.66
5.25516e+07 6.99077e+08 7.22644e+07 1.16715e+06 8 15 5.78115e+08 495.323 125.6 1356.73
2.48015e+07 4.24024e+08 7.23962e+07 822062 10 16 7.23962e+08 880.665 60.9375 1014.46
3.3496e+09 3.32023e+09 5.79986e+07 420588 14 11 8.11981e+08 1930.59 304.545 2806.61
96519.1 943967 3.47125e+07 279040 5 18 1.73562e+08 621.997 73.7778 581.608
3.27518e+07 5.77612e+08 9.06949e+07 350860 6 15 5.44169e+08 1550.96 61.6 1050.03
1.12436e+09 7.12216e+09 2.83014e+07 3.39502e+06 3 19 8.49042e+07 25.0084 34.1053 296.774
3.33657e+07 1.04805e+09 6.55591e+07 514234 5 17 3.27796e+08 637.444 47.7647 733.754
2.01908e+08 1.20417e+09 8.12529e+07 3.65401e+07 14 11 1.13754e+09 31.1313 124.545 2576.82
1.22296e+08 8.86717e+08 8.88126e+07 7.20359e+07 15 9 1.33219e+09 18.4934 287.556 4178.33
8.97946e+07 1.44152e+09 7.86142e+07 1.40303e+06 12 12 9.43371e+08 672.38 228.917 2121.2
2.19627e+09 5.5543e+09 7.66203e+07 4.16019e+07 7 17 5.36342e+08 12.8923 59.7647 759.486
1.25845e+09 2.19764e+09 7.68924e+07 1.27387e+08 13 13 9.99601e+08 7.84693 175.231 2112.1
5.68808e+07 1.5905e+09 8.15609e+07 5.29501e+07 7 15 5.70927e+08 10.7824 171.733 1157.25
5.54518e+07 7.67782e+08 5.70421e+07 1.45134e+06 6 14 3.42252e+08 235.818 76.3571 1292.43
4.15085e+09 3.31123e+09 8.17046e+07 3.21273e+07 17 10 1.38898e+09 43.2335 220 3023.66
1.23802e+08 1.06426e+09 8.96223e+07 4.27728e+07 14 10 1.25471e+09 29.3343 340.1 3457.53
1.19483e+08 2.0411e+09 6.47473e+07 1.0562e+06 11 12 7.1222e+08 674.321 62.6667 1788.85
1.2354e+08 1.49708e+09 8.60441e+07 1.36648e+07 11 14 9.46486e+08 69.2643 90.8571 1556.73
2.07559e+08 1.37282e+09 8.92344e+07 1.86428e+08 14 12 1.24928e+09 6.70115 88.9167 2204.27
1.67222e+08 1.72045e+09 8.78765e+07 2.24185e+07 14 9 1.23027e+09 54.8775 176.889 3409.65
1.21049e+08 7.68708e+08 8.70317e+07 1.14373e+06 11 12 9.57348e+08 837.037 38.9167 1718.16
6.22048e+07 8.85367e+08 6.62711e+07 301754 7 17 4.63898e+08 1537.34 34.9412 785.455
1.39289e+08 8.77e+08 8.47444e+07 2.15615e+07 15 10 1.27117e+09 58.9555 105.6 2775.02
8.28046e+08 1.2324e+09 7.87724e+07 1.17626e+07 13 13 1.02404e+09 87.0593 81.6923 1709.7
1.4176e+08 1.27593e+09 8.59724e+07 2.60577e+07 16 8 1.37556e+09 52.789 116.875 3777.39
0 0 0 0 0 0 0 0 0 0
5.83955e+07 8.74691e+08 7.20714e+07 7.84963e+06 9 11 6.48642e+08 82.6335 292.909 2694.38
7.62762e+08 1.6071e+09 6.99681e+07 3.49209e+06 9 14 6.29712e+08 180.325 108.857 1340.06
4.47273e+07 7.12778e+08 6.66773e+07 832002 10 15 6.66773e+08 801.408 60.4 1190.18
0 0 0 0 0 0 0 0 0 0
8.98675e+06 2.34718e+08 6.74121e+07 1.64221e+06 5 17 3.37061e+08 205.248 61.5294 652.739
4.01593e+07 4.69385e+08 8.23003e+07 1.42442e+07 10 14 8.23003e+08 57.778 145.714 1385.58
2.3988e+08 2.30103e+09 9.01957e+07 5.41353e+07 12 12 1.08235e+09 19.9934 166.667 2410.99
1.12723e+08 1.43675e+09 8.41272e+07 2.14034e+08 11 13 9.25399e+08 4.32361 61.6923 1536.07
3.37577e+09 3.56338e+09 6.98311e+07 1.38531e+06 14 13 9.77636e+08 705.717 131.077 1662.76
0 0 0 0 0 0 0 0 0 0
7.45141e+07 8.56713e+08 8.5197e+07 5.31725e+07 12 12 1.02236e+09 19.2273 162.917 2157.21
1.25837e+08 1.30546e+09 8.50772e+07 1.74404e+06 12 13 1.02093e+09 585.38 101.692 1863.85
1.41423e+08 1.14261e+09 7.51106e+07 1.41942e+06 13 11 9.76438e+08 687.911 178.545 2229.53
7.93435e+07 7.05783e+08 7.12097e+07 8.61552e+06 11 15 7.83307e+08 90.9181 53.6 1312.53
3.29976e+08 1.20322e+09 7.55059e+07 2.70431e+07 15 13 1.13259e+09 41.8808 149.692 2022.96
2.46585e+09 1.958e+09 8.43628e+07 2.09139e+07 18 9 1.51853e+09 72.6086 132 2788.44
1.28174e+06 9.14718e+07 6.30325e+07 7.30686e+06 6 15 3.78195e+08 51.7589 46.9333 873.706
6.86464e+07 1.35318e+09 8.35663e+07 1.42673e+07 8 16 6.6853e+08 46.8576 56 987.58
7.07662e+08 1.51728e+09 8.23163e+07 4.70638e+07 10 7 8.23163e+08 17.4904 303.714 3948.15
1.30913e+08 1.58334e+09 8.04779e+07 3.2165e+07 12 13 9.65735e+08 30.0244 62.7692 1517.69
2.47858e+08 9.23214e+08 8.52835e+07 2.67257e+07 16 10 1.36454e+09 51.0571 126.1 2816.02
1.43791e+08 1.09528e+09 8.84911e+07 2.83138e+07 11 9 9.73403e+08 34.3791 102 2569.36
2.07812e+07 1.07809e+09 8.80511e+07 4.33539e+06 10 13 8.80511e+08 203.099 164.923 1938.8
1.10033e+09 6.96969e+09 4.29712e+07 2.80399e+06 3 19 1.28914e+08 45.9752 40.6316 292.281
5.1907e+06 2.53578e+08 8.52236e+07 9.86232e+07 2 19 1.70447e+08 1.72827 39.1579 281.366
9.0319e+07 1.2729e+09 8.75732e+07 8.19896e+07 12 9 1.05088e+09 12.8172 246 3700.15
1.36227e+06 4.487e+07 8.59824e+07 2.58831e+07 2 19 1.71965e+08 6.64389 44.7368 313.052
175511 4.78332e+06 6.38179e+07 3.33471e+06 2 19 1.27636e+08 38.2749 46.4211 311.125
0 0 0 0 0 0 0 0 0 0
1.20393e+08 1.35252e+09 8.80511e+07 2.95788e+07 15 10 1.32077e+09 44.6524 144.9 2856.45
1.3441e+09 2.3945e+09 6.94622e+07 7.54687e+06 12 13 8.33546e+08 110.449 131.692 1777.77
41144.6 822891 2.5e+07 822891 1 20 2.5e+07 30.3807 21.8 93.824
7.86616e+06 1.76811e+08 5.11296e+07 663074 7 15 3.57907e+08 539.77 61.7333 1040.09
1.27981e+08 1.486e+09 7.71873e+07 2.08641e+07 13 12 1.00343e+09 48.0937 182.25 2282.42
2.57537e+09 2.17248e+09 7.96947e+07 2.01792e+06 18 11 1.4345e+09 710.884 140 2702.8
6.25192e+06 3.21396e+08 8.56629e+07 1.18787e+08 2 19 1.71326e+08 1.4423 42.6316 288.272
5.77221e+07 6.56955e+08 8.75e+07 2.26476e+08 10 13 8.75e+08 3.86354 88.3077 1400.22
3.58158e+08 1.25656e+09 8.63076e+07 7.57664e+07 14 8 1.20831e+09 15.9478 238 3401.7
1.34377e+08 8.30294e+08 7.91964e+07 1.91918e+07 13 12 1.02955e+09 53.6455 114.917 1870.55
7.98533e+07 1.20577e+09 6.09083e+07 626085 7 14 4.26358e+08 680.99 55.2143 1214.19
120452 3.38414e+06 8.31869e+07 2.28858e+06 2 19 1.66374e+08 72.6973 62.1053 276.8
7.98844e+07 6.66928e+08 8.4598e+07 4.12531e+07 12 12 1.01518e+09 24.6085 104.917 1709.9
9.73845e+07 7.35908e+08 6.87191e+07 1.34319e+06 11 12 7.55911e+08 562.773 160 1833.3
1.43447e+09 3.18779e+09 8.13188e+07 2.59727e+07 9 15 7.31869e+08 28.1784 97.3333 1233.79
2.01646e+07 5.83149e+08 8.5643e+07 5.06676e+07 4 18 3.42572e+08 6.76116 40 464.377
1.09009e+08 1.15759e+09 8.47159e+07 2.04448e+06 14 11 1.18602e+09 580.109 159.636 2796.62
4.74148e+07 1.16351e+09 9.47417e+07 1.15672e+08 6 16 5.6845e+08 4.91431 133.438 1083.64
2.71255e+08 7.77158e+08 7.29804e+07 1.0454e+06 14 13 1.02173e+09 977.35 186.923 2107
1.21626e+07 9.65989e+07 7.28914e+07 6.11007e+06 10 12 7.28914e+08 119.297 78.25 1665.38
1.72681e+08 1.19967e+09 8.92743e+07 1.56427e+06 14 10 1.24984e+09 798.991 186 3268.71
6.42562e+07 1.46278e+09 7.01944e+07 351108 6 14 4.21166e+08 1199.53 137.714 1647.08
7.88867e+08 5.05418e+09 6.46166e+07 5.71202e+07 3 19 1.9385e+08 3.39372 58.7368 307.773
1.51728e+08 1.26613e+09 8.60224e+07 6.85143e+06 11 14 9.46246e+08 138.109 117.214 1465.93
1.74642e+08 1.70168e+09 8.93625e+07 4.25693e+08 11 14 9.82987e+08 2.30914 74.8571 1523.9
2.04067e+09 2.18992e+09 7.35783e+07 2.91407e+06 15 11 1.10367e+09 378.74 140.909 2403.12
1.06849e+13 0 1.25e+07 4.51138e+13 6 15 7.5e+07 1.66246e-06 120.933 1156.53
5.79352e+07 1.02543e+09 6.71193e+07 2.5568e+06 6 16 4.02716e+08 157.508 74.4375 862.699
2.4717e+08 1.574e+09 8.43663e+07 1.04701e+07 15 7 1.2655e+09 120.867 171.714 3590.48
1.9227e+08 9.86555e+08 7.79446e+07 1.54192e+07 15 11 1.16917e+09 75.8255 131.636 2415.05
1.15675e+08 1.60814e+09 9.1903e+07 2.9912e+08 8 16 7.35224e+08 2.45795 76.4375 1123.28
1.70231e+09 2.91789e+09 7.83909e+07 5.37718e+07 11 13 8.623e+08 16.0363 289.231 2209.35
5.71721e+07 9.09587e+08 5.59804e+07 595590 8 17 4.47843e+08 751.932 82.4706 749.484
5.01232e+07 1.11885e+09 8.8738e+07 4.75574e+07 6 17 5.32428e+08 11.1955 24.4706 585.951
4.13801e+07 1.11126e+09 8.96299e+07 4.55915e+06 6 17 5.3778e+08 117.956 70.9412 804.747
5.71183e+08 1.32591e+09 7.95827e+07 1.3516e+07 16 9 1.27332e+09 94.2084 84 2652.66
20389 1.18902e+08 4.42812e+07 86371.3 5 18 2.21406e+08 2563.42 62.4444 542.983
4.27555e+07 6.15116e+08 7.79453e+07 2.08966e+07 8 16 6.23562e+08 29.8403 95.75 991.087
5.75197e+06 8.3728e+07 7.02975e+07 446069 8 15 5.6238e+08 1260.75 74.9333 937.408
1.33364e+09 4.92382e+09 7.21725e+07 9.27137e+06 5 18 3.60863e+08 38.9223 24.5 498.486
4.23052e+07 6.35468e+08 8.15267e+07 880142 7 15 5.70687e+08 648.403 72.9333 1112.76
0 0 0 0 0 0 0 0 0 0
1.55054e+08 1.24281e+09 9.28115e+07 1.51638e+08 12 13 1.11374e+09 7.34473 88.7692 1703.23
1.40838e+16 0 3.4345e+07 3.13284e+14 10 9 3.4345e+08 1.09629e-06 84.8889 2668.66
8.90955e+07 1.00562e+09 8.7068e+07 1.69035e+07 11 12 9.57748e+08 56.6597 100.917 1784.7
5.71634e+07 1.07796e+09 8.29517e+07 2.19494e+07 9 13 7.46565e+08 34.0131 197.692 1947.44
9.19418e+08 2.51994e+09 7.59242e+07 5.98832e+07 7 17 5.3147e+08 8.87511 47.7647 750.165
1.77385e+09 2.83095e+09 4.91303e+07 254692 9 14 4.42173e+08 1736.11 81.7143 1352.36
1.4257e+08 1.27008e+09 9.14803e+07 4.07071e+08 9 14 8.23323e+08 2.02255 44.3571 1122
3.96003e+09 5.00893e+09 5.90256e+07 1.38704e+06 11 13 6.49281e+08 468.107 296.308 2429.31
5.61481e+07 1.16015e+09 9.16534e+07 5.33133e+07 6 17 5.4992e+08 10.3149 48.9412 803.314
0 0 0 0 0 0 0 0 0 0
3.49985e+09 6.71187e+09 5.19169e+07 365155 9 16 4.67252e+08 1279.6 67.75 1056.27
7.10295e+11 0 4.16667e+06 1.27853e+13 6 18 2.5e+07 1.95537e-06 35.1111 540.884
1.17854e+08 7.93153e+08 8.71261e+07 3.18889e+07 11 12 9.58387e+08 30.0539 208.667 2471.1
6.88496e+08 1.86402e+09 5.46825e+07 346760 8 16 4.3746e+08 1261.57 51.75 930.715
3.14644e+07 5.09483e+08 6.89497e+07 1.51824e+06 12 13 8.27396e+08 544.97 122.923 1734.38
1.47138e+09 2.15175e+09 7.0299e+07 1.04319e+06 14 14 9.84185e+08 943.44 43.2143 1504.83
2.46536e+08 1.29711e+09 7.53444e+07 9.03087e+06 16 9 1.20551e+09 133.488 114 3020.92
6.17899e+07 1.48299e+09 9.21636e+07 9.37494e+07 9 12 8.29473e+08 8.84776 162.667 2093.14
1.78915e+09 3.42377e+09 7.35115e+07 2.79367e+06 11 14 8.08626e+08 289.45 65.2143 1349.79
6.11984e+07 1.71664e+09 9.31709e+07 4.23622e+08 4 18 3.72684e+08 0.879755 62.2778 511.219
7.14702e+07 3.69359e+08 5.81137e+07 331714 12 13 6.97364e+08 2102.31 71.6923 1555.35
2.34655e+09 6.21352e+09 7.68142e+07 1.85939e+08 7 17 5.377e+08 2.89181 64.4706 767.775
1.21414e+08 7.37439e+08 9.00373e+07 4.48468e+07 15 9 1.35056e+09 30.1149 265.556 3508.27
1.51878e+08 7.97597e+08 7.7729e+07 2.8218e+07 12 11 9.32748e+08 33.0551 158.909 2515.16
9.61384e+07 1.75315e+09 9.2918e+07 2.75565e+08 6 17 5.57508e+08 2.02315 108.941 876.046
2.78135e+08 1.14951e+09 8.05911e+07 1.04932e+08 13 12 1.04768e+09 9.98437 99 1987.51
2.27934e+09 3.78853e+09 6.86247e+07 726398 11 14 7.54872e+08 1039.2 95.7143 1629.65
