4.18356e+08 2.02023e+09 8.5852e+07 2.27364e+07 15 5 1.28778e+09 56.6394 27.2 3948.15
3.12605e+08 1.41815e+09 8.68903e+07 1.15532e+08 15 5 1.30335e+09 11.2813 126.8 5526.3
1.26768e+08 4.14617e+09 7.36721e+07 2.11972e+06 16 5 1.17875e+09 556.091 83.2 5006.69
1.00455e+08 8.11022e+08 8.48442e+07 2.23757e+07 12 7 1.01813e+09 45.5015 396.857 6680.55
1.77184e+09 1.265e+09 7.52985e+07 2.09399e+07 19 8 1.43067e+09 68.3226 163.875 3386.94
4.82489e+08 1.51093e+09 8.59671e+07 3.27012e+08 13 5 1.11757e+09 3.41752 251.2 5303.53
1.80114e+08 1.99851e+09 8.38943e+07 5.9446e+07 14 7 1.17452e+09 19.7578 277.714 4814.9
5.47226e+08 1.43582e+09 8.4533e+07 1.80779e+07 17 8 1.43706e+09 79.4928 149.5 3437.14
7.04284e+07 1.20521e+09 7.64263e+07 2.84657e+07 14 9 1.06997e+09 37.5879 110 2772.28
1.40692e+08 1.25743e+09 8.63133e+07 1.1538e+07 14 5 1.20839e+09 104.731 118.8 5026.48
1.41915e+08 1.22928e+09 9.02411e+07 1.74968e+07 11 8 9.92652e+08 56.7335 322.875 5771.55
1.58052e+08 8.89727e+08 8.88878e+07 7.65832e+06 16 6 1.4222e+09 185.707 155.333 4778.1
2.01487e+08 1.08968e+09 8.97592e+07 2.5018e+08 14 11 1.25663e+09 5.02291 106.182 2736.98
2.52796e+08 1.81671e+09 8.41587e+07 1.21984e+08 15 7 1.26238e+09 10.3487 170.857 3824.03
2.55211e+08 1.20708e+09 9.00106e+07 7.2683e+07 15 7 1.35016e+09 18.576 109.714 4111.47
8.32026e+08 1.99477e+09 8.00408e+07 1.58443e+08 18 7 1.44073e+09 9.09306 144 3931.65
2.73952e+09 2.30199e+09 7.12354e+07 5.58952e+06 15 8 1.06853e+09 191.167 94 3790.37
1.98188e+08 1.07388e+09 8.24516e+07 5.27561e+07 17 7 1.40168e+09 26.569 79.7143 3559.65
3.84653e+08 2.04639e+09 8.9393e+07 2.55331e+08 15 7 1.34089e+09 5.25159 94 3715.27
3.44359e+09 2.95087e+09 7.40166e+07 2.80235e+07 16 5 1.18427e+09 42.2597 133.2 4055.91
2.44283e+08 1.39397e+09 8.40855e+07 3.87456e+07 16 7 1.34537e+09 34.7231 121.714 3677.89
1.63775e+09 2.4564e+09 8.15362e+07 1.94808e+08 18 8 1.46765e+09 7.53384 131.5 3650.79
8.41823e+07 9.95228e+08 7.64976e+07 1.41749e+07 16 6 1.22396e+09 86.3469 239.333 4758.95
2.05573e+08 1.47882e+09 8.79516e+07 4.37899e+07 13 7 1.14337e+09 26.1103 256 4671.91
1.90202e+08 1.5589e+09 8.58455e+07 2.63735e+06 14 6 1.20184e+09 455.698 118.833 3996.71
2.24874e+08 1.82603e+09 8.35977e+07 1.71898e+08 14 5 1.17037e+09 6.8085 194.8 6163.1
5.10627e+08 1.26629e+09 8.18424e+07 3.85432e+07 18 8 1.47316e+09 38.2211 146.875 3692.15
6.9452e+08 1.29074e+09 8.2465e+07 6.91497e+07 13 7 1.07204e+09 15.5033 213.429 3935.14
1.18766e+08 8.48423e+08 8.87608e+07 4.06348e+07 14 7 1.24265e+09 30.581 200 4455.19
4.84336e+07 6.22149e+08 7.9393e+07 5.51996e+07 10 6 7.9393e+08 14.3829 136 115413
1.1683e+08 8.973e+08 7.07791e+07 855296 13 7 9.20128e+08 1075.8 94.8571 3268.88
1.18423e+08 8.61243e+08 8.61322e+07 2.03745e+07 16 7 1.37812e+09 67.6392 152.857 3878.09
4.38285e+08 1.55434e+09 7.82694e+07 2.35661e+07 15 8 1.17404e+09 49.819 196.875 3639.21
2.2338e+08 1.71495e+09 8.03743e+07 7.28244e+07 14 5 1.12524e+09 15.4514 169.2 4693.32
7.23848e+08 1.69358e+09 7.66507e+07 2.9257e+07 18 6 1.37971e+09 47.1583 94 3876.72
6.75153e+08 1.92655e+09 8.0639e+07 1.74737e+08 15 7 1.20958e+09 6.92231 152.857 4208.37
2.54106e+08 1.63135e+09 7.68421e+07 3.86512e+07 16 9 1.22947e+09 31.8094 222 3221.38
1.74035e+08 1.24752e+09 8.85669e+07 2.27401e+07 14 6 1.23994e+09 54.5264 234.833 6111.01
1.74125e+08 1.70078e+09 8.27046e+07 4.18857e+06 13 9 1.07516e+09 256.689 200 3504.89
1.22119e+08 1.64885e+09 8.74251e+07 4.20188e+07 16 6 1.3988e+09 33.2899 160.833 4314.93
1.94049e+08 2.34091e+09 8.43143e+07 8.56056e+07 13 6 1.09609e+09 12.8039 118.833 3729.38
2.84941e+08 1.28068e+09 8.99817e+07 1.50249e+08 14 5 1.25974e+09 8.38437 152 6301.76
1.31327e+08 3.52055e+09 6.88711e+07 8.92239e+06 15 7 1.03307e+09 115.784 118.857 3387.3
2.09248e+08 1.44649e+09 8.62291e+07 5.85146e+07 17 10 1.46589e+09 25.0518 134.9 2748
1.56789e+08 1.47382e+09 8.02202e+07 5.96305e+06 14 7 1.12308e+09 188.34 127.429 3953.47
1.32542e+09 1.70707e+09 7.78904e+07 6.73011e+07 16 9 1.24625e+09 18.5175 99.5556 3137.79
1.93322e+08 1.11238e+09 8.35164e+07 1.02006e+07 16 6 1.33626e+09 130.999 166.833 4152.35
7.75595e+07 1.47533e+09 8.44954e+07 7.02619e+06 17 5 1.43642e+09 204.438 3.2 3956.63
1.39354e+09 2.06906e+09 7.29183e+07 5.0836e+07 16 7 1.16669e+09 22.9501 132.857 3741.89
1.8367e+08 1.065e+09 8.13525e+07 2.71251e+07 15 9 1.22029e+09 44.9874 108 3075.33
1.89469e+08 1.14251e+09 7.32674e+07 1.53099e+07 13 6 9.52476e+08 62.2131 269.333 4438.73
2.15288e+08 1.05873e+09 9.04706e+07 1.62299e+06 13 5 1.17612e+09 724.66 166 5652.87
2.35395e+08 1.3923e+09 8.43237e+07 1.7878e+07 15 9 1.26486e+09 70.7494 180.889 3291.38
6.39071e+08 1.20618e+09 8.55554e+07 1.20201e+08 13 8 1.11222e+09 9.25297 159.875 3291.28
3.15402e+08 1.63579e+09 8.26001e+07 7.77658e+07 13 4 1.0738e+09 13.8082 54.75 6268.62
2.00403e+08 9.78126e+08 8.99216e+07 3.46073e+07 11 8 9.89137e+08 28.5817 188 3555.06
2.93256e+07 3.46267e+08 6.51634e+07 677656 13 5 8.47125e+08 1250.08 294.8 6335.11
7.07916e+07 1.90002e+09 8.67658e+07 9.92166e+06 13 7 1.12796e+09 113.686 102.857 3679.14
2.02727e+08 1.68113e+09 9.0605e+07 7.27083e+07 16 7 1.44968e+09 19.9383 70.8571 3992.1
4.57488e+08 1.18224e+09 7.89759e+07 5.31272e+07 18 7 1.42157e+09 26.7578 179.429 4394.42
1.7462e+08 2.00983e+09 8.64331e+07 1.62962e+08 14 7 1.21006e+09 7.42543 293.714 5088.88
3.54921e+08 2.02118e+09 8.28275e+07 1.32455e+08 15 6 1.24241e+09 9.37988 146 4716.45
3.84813e+09 3.39794e+09 7.92148e+07 2.75272e+06 13 8 1.02979e+09 374.1 219.5 3208.54
2.81607e+08 1.34108e+09 8.59724e+07 8.4248e+06 16 7 1.37556e+09 163.275 122.857 3914.82
4.61344e+08 1.71338e+09 9.43352e+07 1.01309e+08 13 6 1.22636e+09 12.1051 108.833 6302.4
3.11948e+08 1.8965e+09 6.56664e+07 8.1101e+06 14 6 9.19329e+08 113.356 394.833 4942.81
3.1375e+08 1.6948e+09 8.91524e+07 1.97249e+08 16 8 1.42644e+09 7.23165 105.5 3605.24
2.25262e+08 1.45408e+09 8.9763e+07 1.52775e+07 12 8 1.07716e+09 70.5061 128 3862.37
1.65405e+08 8.71073e+08 8.97022e+07 5.7412e+07 14 6 1.25583e+09 21.874 273.5 5790.21
3.8894e+08 1.76664e+09 8.19724e+07 1.28414e+08 17 7 1.39353e+09 10.8518 195.429 4508.33
1.60412e+09 1.77758e+09 7.46849e+07 3.82632e+06 18 10 1.34433e+09 351.337 124.4 2552.02
6.01303e+08 1.47679e+09 8.47095e+07 1.91503e+08 16 5 1.35535e+09 7.07746 276.8 5567.34
3.05319e+08 1.98314e+09 8.53142e+07 1.56628e+08 15 6 1.27971e+09 8.17041 44.8333 4351.23
3.32476e+08 1.78291e+09 7.97594e+07 6.82141e+06 17 7 1.35591e+09 198.773 50 3470.62
2.11339e+08 1.73607e+09 8.31576e+07 3.13527e+07 15 6 1.24736e+09 39.7849 96 4687.64
1.87046e+08 1.02559e+09 8.49099e+07 7.60743e+07 14 7 1.18874e+09 15.626 207.429 3495.34
2.74698e+09 2.75789e+09 7.16163e+07 1.13333e+08 11 8 7.8778e+08 6.95102 148.875 3002.87
1.73602e+08 5.70835e+08 8.94384e+07 3.84045e+06 13 5 1.1627e+09 302.751 292.8 8062.38
6.82471e+08 1.72458e+09 8.34931e+07 4.26203e+07 15 7 1.2524e+09 29.385 61.4286 3716.04
8.64984e+08 1.82128e+09 7.13365e+07 2.29794e+06 15 7 1.07005e+09 465.655 153.714 3452.95
1.57925e+08 1.92441e+09 8.03568e+07 2.21315e+06 15 7 1.20535e+09 544.633 141.714 3804.66
2.00045e+08 1.47976e+09 8.11302e+07 6.90233e+07 12 8 9.73562e+08 14.1048 151.5 3064.75
4.33316e+09 2.5468e+09 6.82009e+07 3.83946e+06 16 8 1.09121e+09 284.21 70 3241.5
1.97327e+08 1.13895e+09 8.70137e+07 4.81741e+07 17 7 1.47923e+09 30.706 122.857 4229.3
2.48282e+08 5.14589e+08 8.1899e+07 8.77377e+06 16 7 1.31038e+09 149.352 202 4192.71
1.46464e+08 1.13398e+09 8.68743e+07 1.59244e+07 15 7 1.30312e+09 81.8315 75.4286 3259.51
2.85991e+09 2.70471e+09 8.11958e+07 8.65964e+06 14 7 1.13674e+09 131.269 79.7143 3416.73
2.06989e+08 1.33862e+09 7.79403e+07 1.95048e+06 16 11 1.24704e+09 639.352 110.909 2543.77
8.69102e+15 0 3.33333e+07 2.8328e+14 12 9 4e+08 1.41203e-06 172.889 2888.19
2.83585e+08 1.34127e+09 9.4312e+07 1.20538e+08 14 6 1.32037e+09 10.954 69.3333 4069.46
2.79246e+08 1.37795e+09 8.46531e+07 2.62828e+07 14 7 1.18514e+09 45.0919 41.4286 3238.46
1.61849e+17 0 8.30163e+07 1.48762e+16 11 7 9.13179e+08 6.13851e-08 177.714 3928.66
2.43246e+08 1.6449e+09 8.59525e+07 1.71347e+07 16 8 1.37524e+09 80.2607 109.5 3299.85
9.11506e+07 1.68911e+09 9.1262e+07 7.77797e+07 10 7 9.1262e+08 11.7334 122.857 3650.18
1.12204e+09 1.73759e+09 7.63928e+07 1.0256e+07 16 9 1.22228e+09 119.177 172 3308.72
2.20598e+09 2.1851e+09 8.0027e+07 1.97488e+07 16 8 1.28043e+09 64.836 186 3810.77
6.48678e+07 1.17402e+09 8.62005e+07 6.2238e+06 13 6 1.12061e+09 180.052 214.833 5229.67
3.4082e+08 1.60594e+09 8.47528e+07 2.39686e+07 19 8 1.6103e+09 67.1839 132 3964.97
3.62026e+08 1.23978e+09 8.61593e+07 2.05111e+07 14 6 1.20623e+09 58.8086 201.5 4732.13
2.51105e+08 1.15594e+09 8.41154e+07 1.85483e+07 16 7 1.34585e+09 72.5589 161.714 4287.76
2.12505e+08 1.19781e+09 8.34112e+07 1.33857e+07 13 8 1.08435e+09 81.0076 290.875 3841.58
1.11292e+09 1.90922e+09 8.30163e+07 2.99947e+07 11 10 9.13179e+08 30.4447 110.4 2678.15
5.97539e+07 1.3397e+09 8.50284e+07 5.42104e+06 9 8 7.65256e+08 141.164 147.5 2954.6
3.44205e+08 1.85367e+09 7.82694e+07 1.01017e+07 15 7 1.17404e+09 116.222 108 3681.79
1.81385e+08 8.29064e+08 7.07917e+07 7.282e+06 16 6 1.13267e+09 155.543 172 4916.07
2.24654e+08 1.47504e+09 8.92407e+07 1.3475e+08 17 7 1.51709e+09 11.2586 105.429 3745.94
2.92479e+08 1.46088e+09 8.98413e+07 2.35194e+08 16 7 1.43746e+09 6.11181 85.4286 3564.58
4.80462e+08 2.09424e+09 9.5015e+07 2.06523e+08 17 9 1.61526e+09 7.8212 40.8889 3047.46
8.02894e+07 1.88489e+09 6.40895e+07 4.66587e+06 15 5 9.61342e+08 206.037 405.2 7020.98
1.42126e+08 1.48039e+09 9.16441e+07 1.73607e+08 13 7 1.19137e+09 6.86248 213.714 3726.51
8.25236e+08 8.29452e+08 6.26903e+07 6.45795e+06 17 7 1.06573e+09 165.027 171.429 2949.69
3.34203e+09 2.52229e+09 7.38179e+07 6.16366e+06 15 8 1.10727e+09 179.645 191.5 3518.19
2.89641e+08 1.65386e+09 8.68553e+07 1.59282e+08 14 6 1.21597e+09 7.63409 207.333 4913.83
2.20167e+09 3.29225e+09 7.7303e+07 3.40791e+07 12 8 9.27636e+08 27.2201 197.875 3506.75
2.51363e+08 1.49309e+09 9.03621e+07 4.18847e+07 12 5 1.08435e+09 25.8888 71.2 4835.85
5.36465e+08 2.20025e+09 7.92033e+07 8.36773e+06 16 6 1.26725e+09 151.445 52.8333 4091.25
2.15889e+08 2.05979e+09 8.29473e+07 3.96471e+07 14 6 1.16126e+09 29.29 155.5 3822.75
2.31123e+08 1.66249e+09 8.5016e+07 9.48115e+07 15 7 1.27524e+09 13.4503 195.429 3572.97
1.40005e+08 8.47045e+08 8.09305e+07 4.29952e+07 16 6 1.29489e+09 30.117 41.3333 3716.69
3.41447e+08 2.09939e+09 8.05682e+07 1.14522e+07 14 7 1.12796e+09 98.4923 95.7143 3244.44
1.0971e+09 1.86201e+09 8.15401e+07 1.48943e+07 17 10 1.38618e+09 93.0682 96.4 2872.85
2.52917e+08 1.56973e+09 8.07721e+07 3.54342e+07 15 7 1.21158e+09 34.1924 231.714 4444.66
3.45068e+08 1.5624e+09 8.39235e+07 4.08403e+07 18 7 1.51062e+09 36.9885 106.857 3933.02
2.54536e+09 2.16619e+09 7.97574e+07 3.87226e+07 16 8 1.27612e+09 32.9554 192 3952.93
5.22174e+07 3.74443e+08 8.60715e+07 1.39165e+07 13 6 1.11893e+09 80.4033 357.333 5798.21
2.63349e+08 1.31264e+09 8.94455e+07 1.05976e+08 14 7 1.25224e+09 11.8163 112 3692.71
3.08258e+08 1.56423e+09 8.50173e+07 2.63058e+07 12 4 1.02021e+09 38.7827 374 119604
1.73654e+09 2.51478e+09 8.32554e+07 1.77527e+08 14 9 1.16558e+09 6.56562 188.889 3377.38
4.30309e+08 1.3676e+09 8.60224e+07 8.30077e+07 15 6 1.29034e+09 15.5448 93.5 4207.99
1.89738e+08 8.83809e+08 7.66174e+07 1.23964e+07 16 7 1.22588e+09 98.8901 125.714 4207.2
2.28666e+08 1.47257e+09 8.97764e+07 8.98027e+07 10 5 8.97764e+08 9.99706 294.8 15972.3
3.07385e+08 1.30688e+09 8.02777e+07 7.1255e+06 13 8 1.04361e+09 146.461 258 3706.82
8.79345e+08 1.68955e+09 8.63818e+07 1.31211e+08 14 6 1.20935e+09 9.21682 164.833 5233.56
3.28968e+08 1.54568e+09 8.6869e+07 4.19175e+07 15 6 1.30304e+09 31.0857 95.5 4318.5
5.38316e+09 3.75644e+09 8.58341e+07 1.19811e+08 14 7 1.20168e+09 10.0298 190 3801.56
4.15704e+08 1.23859e+09 7.46406e+07 1.87707e+07 16 8 1.19425e+09 63.6231 107.875 3724.77
1.99623e+08 1.43709e+09 8.29381e+07 1.02825e+07 13 7 1.07819e+09 104.858 160.857 4207.93
4.47677e+08 1.25572e+09 8.52336e+07 6.69183e+07 16 7 1.36374e+09 20.3791 165.429 3854.49
3.46953e+09 3.31184e+09 7.28742e+07 1.99e+07 13 5 9.47364e+08 47.6061 353.2 14245.3
1.81597e+08 1.3337e+09 8.88008e+07 1.89739e+08 14 8 1.24321e+09 6.5522 172 3599.51
3.65113e+08 1.555e+09 9.16181e+07 1.01391e+07 17 8 1.55751e+09 153.615 29.5 3497.61
7.18313e+07 2.39657e+09 7.16933e+07 4.68673e+06 10 6 7.16933e+08 152.971 172.833 4541.8
5.22657e+08 8.72503e+08 7.185e+07 2.27336e+06 16 10 1.1496e+09 505.682 130.1 2815.03
1.88051e+08 1.78972e+09 9.09744e+07 4.05245e+07 11 5 1.00072e+09 24.6942 402.8 8161.66
3.7424e+08 1.71704e+09 8.47632e+07 1.48294e+08 17 6 1.44097e+09 9.71699 65.3333 3639.8
1.28521e+08 2.30466e+09 8.99042e+07 1.26841e+08 15 7 1.34856e+09 10.6319 67.4286 3517.62
1.83262e+08 1.33468e+09 8.02716e+07 5.61418e+07 16 7 1.28435e+09 22.8768 271.714 4611.49
1.27174e+08 1.39843e+09 7.31842e+07 8.0448e+06 15 5 1.09776e+09 136.456 144 4733.54
1.91957e+09 1.90839e+09 7.42212e+07 2.12992e+07 12 6 8.90655e+08 41.8163 384.833 6504.9
7.63573e+08 1.69631e+09 8.42153e+07 7.52211e+07 16 8 1.34744e+09 17.9131 125.5 3207.02
2.28128e+08 8.6645e+08 7.66585e+07 2.54386e+07 17 6 1.30319e+09 51.2291 120.833 4064.39
2.57571e+09 2.33776e+09 7.99681e+07 2.66992e+08 20 8 1.59936e+09 5.99029 101.5 3167.58
8.82707e+07 1.21662e+09 8.46702e+07 1.24549e+08 14 6 1.18538e+09 9.51744 136.833 4264.55
1.88165e+08 8.24163e+08 8.33313e+07 2.82026e+06 13 7 1.08331e+09 384.116 137.714 3496.3
2.92904e+08 1.21446e+09 8.84239e+07 2.53044e+08 15 7 1.32636e+09 5.24161 137.429 3833.52
2.11581e+08 1.19618e+09 8.01776e+07 1.37235e+07 17 6 1.36302e+09 99.3201 224.833 4700.38
7.0335e+07 8.6426e+08 9.61794e+07 8.50301e+06 6 9 5.77077e+08 67.8673 188.222 3426.02
3.44732e+08 2.224e+09 9.01278e+07 3.84908e+07 15 10 1.35192e+09 35.1231 128.9 2800.51
5.27277e+07 7.88923e+08 8.38886e+07 8.01251e+06 14 9 1.17444e+09 146.576 186 3955.66
3.36723e+08 1.82181e+09 8.68493e+07 5.48101e+07 17 7 1.47644e+09 26.9373 72 3954.63
5.11838e+08 1.57956e+09 7.82322e+07 1.07353e+07 15 10 1.17348e+09 109.311 130.1 2934.87
2.74269e+08 2.27872e+09 7.84345e+07 3.83127e+06 13 6 1.01965e+09 266.138 301.333 4689.14
1.83013e+08 8.76958e+08 7.71851e+07 5.50623e+07 14 7 1.08059e+09 19.6249 285.714 3764.96
1.85779e+08 1.99451e+09 8.43205e+07 1.98506e+07 13 7 1.09617e+09 55.2209 268 4549.83
2.79358e+09 2.88237e+09 7.25468e+07 2.36067e+06 14 7 1.01565e+09 430.24 199.429 3141
3.1094e+08 2.26392e+09 8.26478e+07 3.76343e+07 16 6 1.32236e+09 35.1372 168.833 4868.59
1.09391e+08 1.16009e+09 8.26092e+07 1.11145e+07 15 5 1.23914e+09 111.489 178 4935.17
4.24509e+08 1.54288e+09 8.11002e+07 1.35915e+08 16 7 1.2976e+09 9.5472 136.857 3855.83
4.38622e+08 1.84588e+09 8.81939e+07 7.33861e+07 16 6 1.4111e+09 19.2285 94.8333 4494.12
3.71933e+08 1.37722e+09 8.17315e+07 1.64771e+07 18 7 1.47117e+09 89.2854 95.4286 3571.64
3.52126e+07 2.37439e+09 7.95793e+07 1.927e+07 12 6 9.54952e+08 49.5563 381.333 5438.01
1.45054e+08 1.10326e+09 8.11502e+07 1.5238e+07 18 6 1.4607e+09 95.859 285.333 4782.99
2.46605e+08 1.26122e+09 8.46379e+07 9.92887e+06 18 9 1.52348e+09 153.44 170 3766.05
1.40512e+09 1.47598e+09 7.81826e+07 1.28471e+07 13 6 1.01637e+09 79.1134 239.5 4572.11
3.46325e+08 1.57575e+09 8.03864e+07 1.50017e+07 16 6 1.28618e+09 85.7359 166.833 4870.23
3.22635e+08 1.68279e+09 9.09087e+07 8.79732e+07 17 7 1.54545e+09 17.5672 112 3945
1.86748e+08 2.04446e+09 8.23858e+07 1.80271e+07 17 7 1.40056e+09 77.6917 122.857 3893
2.74738e+08 1.21976e+09 8.582e+07 1.07943e+08 15 6 1.2873e+09 11.9258 161.333 4093.8
3.12234e+08 1.06559e+09 8.44698e+07 8.2208e+07 16 7 1.35152e+09 16.4402 129.429 3338.16
1.21508e+08 1.32765e+09 7.94606e+07 1.60727e+07 13 5 1.03299e+09 64.2696 191.2 114802
2.24942e+08 1.5018e+09 8.89592e+07 4.06048e+07 13 7 1.15647e+09 28.4811 77.4286 3243.26
1.53007e+08 9.56319e+08 8.36362e+07 1.53293e+07 16 6 1.33818e+09 87.2954 139.333 3978.96
1.87758e+09 2.28957e+09 8.28029e+07 7.4871e+07 13 9 1.07644e+09 14.3772 220 3196.84
2.18058e+08 2.13873e+09 8.5537e+07 1.80222e+07 13 6 1.11198e+09 61.7007 188 4973.12
2.49565e+08 1.30556e+09 8.877e+07 9.27791e+07 15 5 1.33155e+09 14.3518 75.2 4785.54
2.14571e+08 1.54087e+09 8.99947e+07 1.82251e+08 15 7 1.34992e+09 7.40691 158.857 4800.71
7.54269e+08 1.55465e+09 8.52396e+07 1.75014e+07 15 6 1.27859e+09 73.0568 311.333 5663.21
1.11373e+10 5.38222e+09 7.2886e+07 2.6747e+06 15 7 1.09329e+09 408.752 155.429 3252.26
3.19464e+08 1.24579e+09 8.46379e+07 1.3257e+08 15 7 1.26957e+09 9.57657 224.857 4193.87
2.17173e+08 1.56483e+09 8.5618e+07 1.62104e+08 16 9 1.36989e+09 8.4507 96 2922.15
7.58851e+08 2.06453e+09 8.32224e+07 2.5556e+08 18 8 1.498e+09 5.86165 152.875 3877.8
3.65238e+09 2.40522e+09 8.319e+07 8.95398e+07 13 6 1.08147e+09 12.0781 329.333 6721.81
4.7881e+08 9.20024e+08 7.58387e+07 2.77083e+06 18 9 1.3651e+09 492.667 231.556 3983.12
1.12346e+08 5.32821e+08 8.44249e+07 2.19743e+07 17 8 1.43522e+09 65.3139 327.5 4879.6
3.68477e+09 2.44675e+09 8.29731e+07 3.2774e+07 17 8 1.41054e+09 43.0385 108.875 3622.08
3.24191e+08 1.73844e+09 8.77396e+07 1.97785e+08 12 5 1.05288e+09 5.32334 150.8 5584.86
2.57601e+08 2.10701e+09 8.1033e+07 1.66799e+06 15 9 1.2155e+09 728.719 130.222 3291.75
6.67293e+08 1.41549e+09 8.42652e+07 92959.1 14 6 1.17971e+09 12690.7 138.833 3942.51
1.13714e+08 8.01034e+08 8.17732e+07 7.59639e+06 15 5 1.2266e+09 161.471 114.8 4210.2
2.6096e+08 1.35765e+09 7.82002e+07 1.32401e+07 15 7 1.173e+09 88.5948 186 5505.93
2.34781e+09 2.92824e+09 8.44925e+07 4.55034e+08 13 11 1.0984e+09 2.41389 142 2376.44
1.80727e+08 1.68546e+09 9.0913e+07 1.14558e+08 13 9 1.18187e+09 10.3168 243.556 3221.27
2.16399e+08 1.24391e+09 8.6764e+07 2.38871e+07 14 6 1.2147e+09 50.8516 147.5 4660.26
3.08919e+08 1.48498e+09 8.44715e+07 9.50695e+06 12 6 1.01366e+09 106.623 98.8333 3944.53
2.00602e+08 1.25069e+09 8.59368e+07 7.8313e+07 14 7 1.20312e+09 15.3629 102.857 4732.42
1.53129e+09 2.62776e+09 7.82318e+07 1.37746e+08 13 5 1.01701e+09 7.38326 313.2 14169.8
4.55989e+08 1.70457e+09 7.7511e+07 1.69659e+07 16 8 1.24018e+09 73.0979 169.5 3867.27
6.42097e+09 3.58161e+09 7.59335e+07 2.2148e+08 16 6 1.21494e+09 5.48554 197.333 4113.51
2.00828e+09 2.59072e+09 8.17277e+07 8.15736e+06 13 9 1.06246e+09 130.246 108.889 2813.55
4.66886e+08 1.13184e+09 9.19386e+07 5.47477e+07 14 5 1.28714e+09 23.5104 201.2 5201.49
2.21838e+08 1.98471e+09 8.85383e+07 1.89594e+08 14 8 1.23954e+09 6.53786 169.5 3401.02
3.19574e+08 2.28636e+09 8.20858e+07 1.55699e+08 14 6 1.1492e+09 7.38093 159.333 4288.32
1.7636e+09 2.16556e+09 7.69702e+07 3.44571e+07 15 10 1.15455e+09 33.507 240.4 2867.2
3.34069e+08 1.53737e+09 8.16893e+07 5.61757e+07 16 5 1.30703e+09 23.2668 217.2 5648.6
5.01646e+07 6.99452e+08 7.92913e+07 1.516e+07 11 6 8.72204e+08 57.5331 525.333 7170.55
3.33323e+08 1.30757e+09 9.05152e+07 1.98129e+08 16 7 1.44824e+09 7.30961 215.714 4632.89
1.45317e+08 1.36031e+09 8.0729e+07 2.58422e+07 11 4 8.88019e+08 34.3631 226.75 6690.78
2.05106e+08 1.63702e+09 8.4787e+07 3.76282e+07 15 8 1.27181e+09 33.7992 163.5 3262.75
2.69255e+08 1.95052e+09 7.97258e+07 4.28648e+07 18 9 1.43506e+09 33.4788 198 3239.62
2.8086e+08 1.9866e+09 8.89823e+07 1.7598e+08 17 7 1.5127e+09 8.59586 147.714 4381.59
