1.5773e+08 1.61795e+09 8.77496e+07 6.88953e+07 16 6 1.40399e+09 20.3787 74.8333 4722.45
3.32e+08 1.22872e+09 8.22053e+07 1.9288e+08 19 5 1.5619e+09 8.09779 72 4863.18
3.66409e+08 1.73324e+09 8.20554e+07 1.19386e+08 15 6 1.23083e+09 10.3097 309.333 5685.77
1.74121e+08 9.27101e+08 8.47657e+07 7.76034e+07 15 5 1.27149e+09 16.3844 61.2 4882.16
2.67873e+08 1.14877e+09 8.73216e+07 605.2 15 6 1.30982e+09 2.16428e+06 153.5 4417.37
2.84922e+08 2.97522e+09 7.68199e+07 8.91169e+07 14 4 1.07548e+09 12.0682 22.75 5281.56
6.16071e+08 2.26901e+09 7.96387e+07 5.0533e+08 13 4 1.0353e+09 2.04877 131 5687.98
9.73724e+07 8.50152e+08 8.64731e+07 2.89096e+07 14 5 1.21062e+09 41.8762 114.8 4777.03
1.85455e+08 1.88964e+09 7.80843e+07 1.08492e+07 13 4 1.0151e+09 93.5643 142.75 6339.46
9.43527e+07 9.34623e+08 8.7287e+07 4.31951e+07 12 5 1.04744e+09 24.2492 349.2 6195.82
3.23088e+08 1.4511e+09 8.14811e+07 4.67247e+07 14 6 1.14073e+09 24.4139 238.833 14047.8
1.79632e+08 2.08531e+09 6.72657e+07 5.50051e+06 18 5 1.21078e+09 220.122 96 4371.59
4.37926e+08 1.61745e+09 8.37487e+07 2.69239e+07 15 7 1.25623e+09 46.6585 205.429 4673.07
1.64022e+08 1.44902e+09 7.06969e+07 1.1856e+07 16 4 1.13115e+09 95.4076 69 6360.35
4.62075e+08 1.64449e+09 8.50373e+07 1.92542e+08 12 4 1.02045e+09 5.29988 130.75 6424.65
6.73669e+08 3.54317e+09 7.71811e+07 2.36583e+08 13 4 1.00335e+09 4.24103 125 6476.27
9.30937e+07 6.96626e+08 8.56686e+07 6.36598e+07 14 6 1.19936e+09 18.8402 194.833 4501.83
5.83876e+07 1.45186e+09 8.17559e+07 7.40424e+07 12 6 9.8107e+08 13.2501 174.833 5217.03
2.82978e+07 1.82287e+09 7.76871e+07 1.47629e+07 14 4 1.08762e+09 73.6726 62 5424.04
2.82411e+08 1.7085e+09 8.89577e+07 1.23966e+08 12 5 1.06749e+09 8.61118 132.8 5047.45
2.58987e+08 3.50293e+09 7.19299e+07 7.12509e+06 16 5 1.15088e+09 161.525 120.8 5284.24
2.44466e+09 2.08197e+09 8.125e+07 1.16775e+08 8 5 6.5e+08 5.56627 169.2 13203.4
4.15291e+08 2.08183e+09 7.55698e+07 8.73112e+07 15 4 1.13355e+09 12.9828 188.75 6073.06
1.63885e+08 1.41376e+09 6.93823e+07 2.95944e+06 12 4 8.32588e+08 281.333 84.75 5666.38
3.50142e+08 2.19268e+09 7.64377e+07 1.63695e+08 13 4 9.9369e+08 6.07039 104.75 6556.11
1.29049e+08 1.2026e+09 8.48055e+07 3.03994e+07 17 6 1.44169e+09 47.4251 219.333 5365.05
1.57915e+08 4.72067e+09 7.05222e+07 3.37878e+06 16 5 1.12835e+09 333.953 21.2 4440.73
3.80895e+08 2.0172e+09 7.95101e+07 8.08192e+07 15 4 1.19265e+09 14.757 122.75 6208.48
2.4735e+08 1.52747e+09 8.53142e+07 4.72204e+07 15 5 1.27971e+09 27.1009 128.8 5288.11
3.64592e+08 2.19737e+09 7.95927e+07 1.17334e+08 12 5 9.55112e+08 8.1401 92.8 4567.84
2.05825e+08 1.29875e+09 8.6252e+07 1.63711e+08 16 5 1.38003e+09 8.4297 146.8 5630.74
3.40014e+07 2.08393e+08 8.72204e+07 7.49411e+06 11 4 9.59425e+08 128.024 152.75 5540.73
1.55462e+08 2.22967e+09 8.60889e+07 2.89031e+07 12 5 1.03307e+09 35.7424 206.8 7329.07
2.57023e+08 1.56783e+09 7.9938e+07 3.20534e+07 17 5 1.35895e+09 42.3963 93.2 4830.24
1.69388e+08 6.18592e+08 7.57934e+07 2.51886e+06 15 5 1.1369e+09 451.356 279.2 5793.17
2.3877e+08 1.42478e+09 8.60873e+07 1.04055e+08 16 6 1.3774e+09 13.2372 98.8333 4003.98
4.57038e+08 2.15413e+09 8.37737e+07 1.30078e+08 13 5 1.08906e+09 8.37231 283.2 5153.08
4.45525e+07 1.5739e+09 7.40043e+07 2.29784e+06 15 5 1.11006e+09 483.09 147.2 6946.45
6.33338e+08 1.78409e+09 8.21304e+07 3.03945e+08 11 5 9.03435e+08 2.97237 298.8 5501.09
2.69039e+08 1.07719e+09 8.40211e+07 5.58484e+07 18 6 1.51238e+09 27.0801 200.833 5265.36
2.1355e+08 1.53558e+09 8.85595e+07 6.92776e+07 17 6 1.50551e+09 21.7316 67.3333 4253.23
6.77002e+07 1.17422e+09 8.174e+07 4.22962e+07 13 6 1.06262e+09 25.1233 191.5 4539.3
3.13886e+08 1.85106e+09 8.62163e+07 1.05052e+08 14 5 1.20703e+09 11.4898 79.2 4905.44
1.70152e+08 4.65083e+09 7.37487e+07 8.37117e+06 12 4 8.84984e+08 105.718 73 5299.67
1.40748e+08 1.318e+09 8.96094e+07 2.76092e+07 11 4 9.85703e+08 35.702 105 5668.28
8.66858e+07 9.53815e+08 8.25719e+07 1.65332e+07 10 4 8.25719e+08 49.9432 109 6084.3
3.453e+08 1.77646e+09 8.78594e+07 1.48188e+07 14 5 1.23003e+09 83.0051 45.2 5149.78
3.10147e+08 1.31629e+09 8.74746e+07 1.06095e+08 11 4 9.6222e+08 9.06941 224.75 6711.53
2.22275e+08 1.96824e+09 8.23802e+07 2.25056e+07 15 5 1.2357e+09 54.9066 164.8 5082.32
6.04521e+08 1.62064e+09 8.15495e+07 3.65391e+07 13 6 1.06014e+09 29.0139 243.5 5766.2
2.48889e+08 1.16355e+09 8.45333e+07 7.0302e+07 14 5 1.18347e+09 16.834 84.8 5042.73
5.85223e+08 1.61397e+09 8.99148e+07 1.37502e+08 15 7 1.34872e+09 9.80876 181.714 4290.54
5.70337e+09 3.59825e+09 8.02487e+07 2.44785e+08 14 5 1.12348e+09 4.58967 203.2 4973.61
9.80692e+08 1.65044e+09 7.4361e+07 1.19222e+08 18 5 1.3385e+09 11.2269 238 5592.22
2.25394e+08 9.86365e+08 7.8811e+07 1.27727e+08 14 5 1.10335e+09 8.63836 218.8 6136.57
1.56135e+08 1.49296e+09 8.20173e+07 3.03983e+07 14 4 1.14824e+09 37.7732 84.75 14893.3
8.07025e+07 1.1275e+09 7.72727e+07 3.11671e+06 11 5 8.5e+08 272.724 244.8 6519.91
3.32481e+08 1.69708e+09 8.3988e+07 2.2774e+08 17 7 1.4278e+09 6.26941 201.429 4227.66
1.9924e+08 9.89102e+08 8.66613e+07 2.09401e+07 16 6 1.38658e+09 66.2165 265.333 6219.79
5.35104e+08 2.22075e+09 8.36685e+07 3.1456e+06 17 5 1.42236e+09 452.176 72 5392.18
3.30671e+08 6.64827e+08 8.81723e+07 4.30372e+07 12 4 1.05807e+09 24.585 125 16143.9
4.85519e+08 1.82597e+09 8.19204e+07 7.68393e+06 14 4 1.14688e+09 149.258 88.75 7262.78
2.06515e+08 1.60784e+09 8.98277e+07 7.38269e+07 14 6 1.25759e+09 17.0343 231.333 6208.67
2.82343e+08 1.98651e+09 8.3127e+07 1.22487e+07 16 5 1.33003e+09 108.585 193.2 15865.9
2.13585e+08 1.03759e+09 8.11502e+07 8.39421e+07 14 4 1.1361e+09 13.5344 230.75 16499.3
1.68896e+08 1.06109e+09 7.99977e+07 8.08342e+07 14 4 1.11997e+09 13.8551 62.75 4457.34
7.89663e+08 1.28558e+09 7.12276e+07 950651 13 5 9.25958e+08 974.026 360.8 5107.88
2.08743e+08 9.58555e+08 8.16494e+07 2.653e+07 12 5 9.79792e+08 36.9315 201.2 6202.92
1.91878e+08 1.19892e+09 8.59311e+07 5.18514e+06 14 5 1.20304e+09 232.016 112 14350.5
1.06217e+08 4.93562e+08 9.375e+07 8.27398e+07 8 3 7.5e+08 9.06456 18.6667 6622.25
4.18894e+08 1.35429e+09 9.39588e+07 2.51525e+08 11 5 1.03355e+09 4.10912 44.8 4856.42
3.41911e+08 1.74072e+09 8.5024e+07 1.18655e+07 14 5 1.19034e+09 100.319 64.8 4813.29
7.94664e+08 1.2925e+09 7.51966e+07 1.91424e+08 13 5 9.77556e+08 5.10675 324.8 15939.7
2.04211e+08 1.41256e+09 8.98296e+07 3.46877e+07 12 5 1.07796e+09 31.076 126 4524.36
3.44611e+08 1.26955e+09 8.80929e+07 9.11114e+06 13 4 1.14521e+09 125.693 18.75 14972.2
8.12568e+07 7.46372e+08 8.71283e+07 5.97568e+07 13 5 1.13267e+09 18.9546 78.8 5964.89
1.92525e+08 1.29931e+09 8.77995e+07 1.26029e+08 12 4 1.05359e+09 8.35995 59 4753.13
3.81461e+08 1.50168e+09 8.65216e+07 7.06789e+07 12 4 1.03826e+09 14.6898 72.75 15230.4
3.16092e+08 2.54967e+09 8.31736e+07 4.88154e+07 12 4 9.98083e+08 20.4461 125 6381.98
1.84151e+08 6.77648e+08 8.6944e+07 3.05782e+07 13 4 1.13027e+09 36.9633 178.75 6815.27
2.74887e+08 1.52532e+09 8.92899e+07 1.53317e+08 11 5 9.82189e+08 6.40627 108.8 5280.24
1.21452e+08 2.87919e+09 7.1885e+07 8.23145e+06 15 4 1.07827e+09 130.995 212.75 6197.87
2.46657e+08 9.41095e+08 8.6176e+07 2.28726e+08 13 5 1.12029e+09 4.89795 172 15880.8
1.78791e+08 1.61261e+09 8.5e+07 2.18622e+07 10 5 8.5e+08 38.8799 190.8 5741.11
5.26693e+08 7.62737e+08 7.90678e+07 6.51164e+07 14 5 1.10695e+09 16.9995 194.8 4284.3
1.82888e+08 1.10967e+09 8.07558e+07 1.49062e+07 16 5 1.29209e+09 86.6818 169.2 5915.54
3.14415e+08 2.36861e+09 7.90735e+07 3.34881e+06 12 4 9.48882e+08 283.349 69 6027.78
3.44137e+07 1.98322e+09 8.20288e+07 4.60212e+06 14 5 1.1484e+09 249.537 115.2 4757.84
1.36437e+08 1.41365e+09 7.20162e+07 7.56805e+06 14 5 1.00823e+09 133.221 136 5034.21
2.2904e+08 8.54749e+08 9.03478e+07 1.09462e+08 13 4 1.17452e+09 10.73 77 5889.27
1.52792e+08 2.25654e+09 8.09904e+07 5.79239e+07 10 4 8.09904e+08 13.9822 49 5366.1
2.22225e+08 8.10871e+08 8.58976e+07 1.49958e+08 16 6 1.37436e+09 9.16495 49.3333 4191.5
1.20305e+08 1.02789e+09 8.65753e+07 8.32465e+07 13 5 1.12548e+09 13.5198 186.8 6676.36
1.25783e+08 1.07269e+09 8.08193e+07 5.68654e+06 14 4 1.13147e+09 198.973 164.75 6766.64
2.34637e+07 1.06879e+09 7.66274e+07 2.9507e+07 8 4 6.13019e+08 20.7754 26 3845.91
1.92471e+08 1.27881e+09 8.6804e+07 2.58036e+07 14 5 1.21526e+09 47.0963 205.2 5870.19
1.79442e+08 2.22749e+09 8.23882e+07 6.28741e+06 14 4 1.15343e+09 183.451 92.75 14194.5
2.29623e+08 9.57911e+08 8.57428e+07 7.55143e+07 12 4 1.02891e+09 13.6254 82.75 7317.28
1.67531e+07 1.04283e+09 9.12851e+07 1.35758e+07 9 3 8.21565e+08 60.5169 28.6667 14679.3
1.53646e+08 8.20265e+08 8.58408e+07 6.00888e+06 11 4 9.44249e+08 157.142 56.75 5426.23
1.60859e+08 9.3622e+08 8.87007e+07 5.78941e+07 15 6 1.33051e+09 22.9818 241.5 6572.16
1.74956e+08 9.68044e+08 8.19329e+07 9.90374e+06 15 4 1.22899e+09 124.094 84.75 14602.8
1.55826e+08 9.00738e+08 8.31777e+07 4.62967e+07 13 5 1.08131e+09 23.3561 48.8 3687.8
3.04345e+08 1.62433e+09 8.78994e+07 1.85333e+08 14 5 1.23059e+09 6.63988 150.8 5329.81
1.03583e+08 1.17615e+09 8.85492e+07 9.11122e+07 11 6 9.74042e+08 10.6906 310.833 4781.52
2.3526e+08 1.30888e+09 8.45105e+07 4.58035e+07 14 5 1.18315e+09 25.8309 24.8 4294.32
4.40625e+08 1.95623e+09 8.55132e+07 3.6396e+07 16 5 1.36821e+09 37.5923 178 5252.57
4.82187e+08 2.26694e+09 7.94356e+07 1.07164e+08 15 6 1.19153e+09 11.1188 92.8333 4281.98
1.76312e+08 1.13626e+09 8.85274e+07 9.16623e+07 11 4 9.73802e+08 10.6238 32.75 5604.31
1.33187e+08 8.41187e+08 8.97897e+07 9.70555e+07 12 5 1.07748e+09 11.1016 289.2 6366.27
1.60409e+08 1.41515e+09 7.52875e+07 3.53231e+06 10 4 7.52875e+08 213.139 118.75 4682.96
1.52132e+08 6.6173e+08 6.31789e+07 5.54841e+06 12 4 7.58147e+08 136.642 101 5075.4
1.21532e+08 2.3822e+09 7.77525e+07 5.48282e+07 13 4 1.01078e+09 18.4355 90 5799.44
2.48623e+08 1.45904e+09 8.81922e+07 1.73475e+08 12 4 1.05831e+09 6.10064 46.75 6427.45
2.40001e+08 1.17062e+09 8.40256e+07 2.23582e+07 16 7 1.34441e+09 60.1305 215.429 4226.98
3.39032e+08 1.56094e+09 8.49095e+07 2.07048e+08 15 5 1.27364e+09 6.15144 51.2 4530.04
1.45763e+08 1.39474e+09 8.97473e+07 6.32624e+07 11 5 9.8722e+08 15.6052 181.2 5448.29
3.74679e+08 1.54394e+09 8.39883e+07 1.7084e+08 15 5 1.25982e+09 7.37431 339.2 5335.59
3.36553e+08 1.24888e+09 8.45101e+07 1.39779e+08 15 4 1.26765e+09 9.06894 84.75 5949.44
1.03999e+08 1.43896e+09 8.59585e+07 5.2145e+07 15 5 1.28938e+09 24.7268 243.2 6193.08
1.82225e+08 8.3897e+08 8.82641e+07 2.9828e+07 15 5 1.32396e+09 44.3865 166 5295.68
1.17797e+08 1.29244e+09 8.48734e+07 1.13658e+08 13 5 1.10335e+09 9.70769 66.8 4740.71
3.0165e+08 9.35041e+08 8.67812e+07 1.00996e+08 10 4 8.67812e+08 8.59255 90.75 15422.6
2.58739e+08 1.1613e+09 8.45261e+07 1.529e+07 15 6 1.26789e+09 82.9231 249.333 5343.99
2.83645e+08 8.88324e+08 8.80724e+07 1.02342e+08 15 5 1.32109e+09 12.9085 173.2 5529.27
1.98348e+08 2.09626e+09 7.84645e+07 2.80145e+07 16 6 1.25543e+09 44.8137 99.3333 4378.54
6.5481e+07 1.12628e+09 8.57508e+07 1.12022e+07 15 5 1.28626e+09 114.822 107.2 4915.49
8.00815e+08 3.37851e+09 6.9815e+07 2.04447e+06 12 6 8.3778e+08 409.779 223.333 5216.14
3.47577e+09 3.83344e+09 7.50061e+07 1.57575e+08 13 6 9.7508e+08 6.18804 349.5 4664.38
5.40126e+08 2.15322e+09 8.27852e+07 3.5694e+07 17 5 1.40735e+09 39.4281 50 5101
2.78354e+08 1.17992e+09 8.7597e+07 1.29203e+08 14 6 1.22636e+09 9.49169 179.333 4701.33
1.10045e+08 1.35907e+09 8.90938e+07 3.57462e+07 11 5 9.80032e+08 27.4164 110.8 4974.48
1.41171e+08 1.02146e+09 8.25365e+07 2.69946e+07 14 6 1.15551e+09 42.8053 241.5 6871.13
8.62888e+08 1.30698e+09 7.84298e+07 1.75528e+07 17 6 1.33331e+09 75.9599 141.5 4237.39
1.70999e+09 1.45382e+09 7.69918e+07 7.79967e+06 16 7 1.23187e+09 157.939 152.857 3957.14
1.66649e+08 1.4494e+09 8.7927e+07 2.12499e+07 13 4 1.14305e+09 53.791 42.75 5284.61
1.94772e+08 8.78914e+08 8.08107e+07 1.57535e+08 16 4 1.29297e+09 8.20751 88.75 6221.06
8.63073e+07 1.03495e+09 8.11574e+07 4.08605e+06 11 5 8.92732e+08 218.483 74.8 3643.22
2.84329e+08 8.95611e+08 8.64167e+07 2.86528e+07 16 6 1.38267e+09 48.256 137.333 4536.64
2.54383e+08 1.54592e+09 8.96412e+07 4.59309e+07 13 6 1.16534e+09 25.3715 65.5 3733.25
4.78335e+09 2.8332e+09 8.00148e+07 1.2928e+07 14 5 1.12021e+09 86.6498 114.8 4011.97
2.71809e+08 1.84843e+09 7.76415e+07 9.56639e+06 14 4 1.08698e+09 113.625 74.75 6197.22
5.3123e+08 2.22545e+09 7.84824e+07 1.45255e+07 15 5 1.17724e+09 81.0461 216.8 5398.27
2.81228e+08 2.30317e+09 7.38326e+07 4.36426e+07 13 4 9.59824e+08 21.9928 20.75 5565.18
1.26552e+08 1.90413e+09 7.7311e+07 1.88783e+07 15 5 1.15966e+09 61.4286 319.2 5265.63
2.03968e+08 1.94534e+09 7.92279e+07 2.38379e+07 15 5 1.18842e+09 49.8542 95.2 5188.04
3.71871e+09 2.59663e+09 8.06595e+07 1.63997e+07 14 5 1.12923e+09 68.8569 153.2 5053.15
1.23184e+08 1.31561e+09 8.9235e+07 6.56296e+07 9 4 8.03115e+08 12.2371 52 5564.65
3.36504e+08 1.27882e+09 8.86182e+07 8.50642e+07 16 6 1.41789e+09 16.6685 166 4424.76
2.77698e+08 1.54858e+09 8.26616e+07 2.50001e+08 13 4 1.0746e+09 4.29839 74.75 5930.74
9.46206e+07 1.01598e+09 8.35304e+07 1.10701e+07 15 5 1.25296e+09 113.184 98.8 4759.34
1.87278e+08 1.91116e+09 8.56157e+07 4.61711e+07 11 5 9.41773e+08 20.3975 140.8 5255.14
3.51518e+09 2.38859e+09 7.81731e+07 3.15368e+07 11 4 8.59904e+08 27.2667 225 5935.63
8.99041e+08 1.37644e+09 7.65475e+07 1.261e+08 16 6 1.22476e+09 9.71263 371.5 4962.92
2.67535e+08 1.85378e+09 8.37061e+07 2.59794e+08 12 5 1.00447e+09 3.86642 149.2 4827.66
2.19163e+08 1.70253e+09 8.03937e+07 5.82915e+07 17 5 1.36669e+09 23.4458 99.2 4706.82
1.55257e+09 2.01177e+09 8.24375e+07 5.82676e+07 17 6 1.40144e+09 24.0517 98.8333 3992.93
1.86923e+08 1.42543e+09 8.86981e+07 1.7167e+08 16 7 1.41917e+09 8.26684 218 4644.92
3.30021e+08 2.43729e+09 8.03461e+07 2.60104e+07 15 5 1.20519e+09 46.335 51.2 4938.23
2.69996e+08 2.00384e+09 8.19169e+07 3.07999e+07 15 6 1.22875e+09 39.8948 158 4219.68
2.73751e+08 1.83041e+09 8.20915e+07 1.39608e+08 14 6 1.14928e+09 8.23222 254.833 5035.54
1.32862e+08 1.0334e+09 8.56002e+07 3.58295e+07 14 4 1.1984e+09 33.4474 74.75 5957.42
2.04596e+08 9.97877e+08 8.7475e+07 4.241e+07 16 6 1.3996e+09 33.0016 227.333 5613.41
1.98583e+08 1.63616e+09 8.49641e+07 1.91282e+08 12 5 1.01957e+09 5.3302 256.8 5380.52
1.52786e+08 1.92427e+09 8.26063e+07 1.53184e+08 13 4 1.07388e+09 7.0104 152.75 6693.26
9.72662e+07 1.34974e+09 8.99071e+07 4.13452e+07 11 4 9.88978e+08 23.92 53 5134.98
2.90355e+08 1.11776e+09 8.78794e+07 2.42488e+08 12 4 1.05455e+09 4.34889 72 5164.42
2.66122e+08 1.52158e+09 7.93017e+07 8.44307e+07 14 4 1.11022e+09 13.1495 144.75 6290.51
1.50502e+09 1.83298e+09 7.90182e+07 4.23933e+06 13 5 1.02724e+09 242.311 98 4152.93
5.36712e+08 2.2208e+09 8.41739e+07 3.7208e+08 14 5 1.17843e+09 3.16716 110.8 5309.54
1.37488e+09 2.38213e+09 7.86065e+07 2.31292e+08 13 5 1.02188e+09 4.41817 127.2 4418.64
8.19144e+08 1.62281e+09 8.13448e+07 1.96015e+08 16 5 1.30152e+09 6.6399 191.2 5395.8
1.83996e+08 1.0266e+09 9.13665e+07 1.43019e+07 11 5 1.00503e+09 70.2727 140.8 6849.48
1.59905e+08 1.9155e+09 8.51438e+07 5.9758e+07 12 4 1.02173e+09 17.0977 66.75 5186.73
3.2778e+08 2.40487e+09 7.95404e+07 3.29335e+08 13 4 1.03403e+09 3.13974 165 5864.14
1.86446e+09 3.84849e+09 7.10756e+07 5.15234e+08 15 4 1.06613e+09 2.06922 214 5871.37
2.07726e+08 1.61729e+09 8.19808e+07 1.17808e+08 15 5 1.22971e+09 10.4383 166.8 5555.87
3.03901e+08 1.96774e+09 8.44427e+07 2.06022e+08 18 6 1.51997e+09 7.37769 77.5 4416.78
4.34048e+08 1.39471e+09 8.98512e+07 3.40744e+08 16 6 1.43762e+09 4.21906 167.333 4729.54
4.78015e+08 1.72985e+09 9.4452e+07 7.94027e+07 13 6 1.22788e+09 15.4639 29.3333 3679
1.45739e+08 5.29617e+08 8.9558e+07 1.47269e+07 15 5 1.34337e+09 91.2186 69.2 4701.47
3.16689e+08 1.57793e+09 9.02556e+07 4.17793e+07 11 6 9.92812e+08 23.7632 27.3333 3922.12
7.83161e+07 3.29855e+08 7.93371e+07 1.36566e+06 10 5 7.93371e+08 580.943 32.8 4466.32
2.14429e+08 1.25049e+09 9.36741e+07 3.30737e+07 10 4 9.36741e+08 28.3228 27 6933.97
3.78363e+08 1.3611e+09 8.69979e+07 2.35576e+07 14 5 1.21797e+09 51.7018 94 5575.39
6.88669e+08 2.21525e+09 7.08466e+07 7.32232e+06 16 5 1.13355e+09 154.807 267.2 5395.35
3.52202e+08 2.33971e+09 8.63818e+07 2.7583e+08 10 5 8.63818e+08 3.1317 201.2 6967.62
6.0098e+07 1.727e+09 7.62997e+07 6.7052e+07 11 4 8.39297e+08 12.5171 121 7508.35
1.63535e+08 2.4762e+09 8.1463e+07 4.13966e+07 12 4 9.77556e+08 23.6144 22 4423.57
5.66044e+08 2.8562e+09 7.75621e+07 2.92328e+07 13 4 1.00831e+09 34.4923 84.75 116398
4.19145e+08 2.18758e+09 7.95104e+07 4.39212e+07 17 8 1.35168e+09 30.775 182 4155.57
5.89155e+07 1.47343e+09 7.92047e+07 1.78258e+07 14 5 1.10887e+09 62.2058 348 6038.28
