9.2321e+07 1.23377e+09 8.18158e+07 1.36834e+07 12 4 9.81789e+08 71.7506 146 6907.88
1.11611e+08 9.6566e+08 7.5e+07 7.89452e+07 13 3 9.75e+08 12.3503 20.6667 8052.65
2.69539e+08 1.48581e+09 8.88911e+07 1.62383e+08 12 4 1.06669e+09 6.56899 33 15291.1
2.57408e+08 1.67861e+09 8.73556e+07 1.19313e+08 13 4 1.13562e+09 9.51798 54 114825
3.40698e+08 1.07752e+09 6.84562e+07 4.06792e+06 14 5 9.58387e+08 235.596 83.2 4104.63
1.95774e+08 1.59722e+09 6.79247e+07 1.24453e+07 12 3 8.15096e+08 65.4943 74.6667 5560.15
1.37947e+08 1.43222e+09 9.22379e+07 4.88285e+07 11 4 1.01462e+09 20.7792 16 4857.23
4.40795e+08 1.30127e+09 8.48992e+07 4.05179e+07 16 4 1.35839e+09 33.5256 74 6826.03
4.05533e+08 2.11288e+09 8.04484e+07 3.40394e+07 14 4 1.12628e+09 33.0875 36 4680.15
2.36659e+08 1.92841e+09 7.6258e+07 2.00622e+07 16 4 1.22013e+09 60.8173 116.75 5725.63
4.95662e+07 2.13239e+09 6.23439e+07 57080.6 11 4 6.85783e+08 12014.3 218.75 5487.49
2.71084e+08 2.4289e+09 8.29073e+07 2.16061e+08 12 4 9.94888e+08 4.60466 8.75 5472.75
2.67967e+08 1.97457e+09 7.86675e+07 1.06918e+07 12 4 9.4401e+08 88.293 74 5739.44
6.43445e+07 7.45017e+08 8.71206e+07 1.46752e+07 12 3 1.04545e+09 71.2391 18 8229.67
8.35135e+07 6.64397e+08 8.86581e+07 3.2799e+07 12 4 1.0639e+09 32.4369 162.75 7129.42
1.92198e+08 9.34876e+08 8.72785e+07 2.28902e+07 11 4 9.60064e+08 41.9421 240.75 15533
8.79456e+07 2.54474e+09 7.74281e+07 8.33435e+06 15 3 1.16142e+09 139.354 28.6667 7899.62
3.80592e+08 1.572e+09 8.24331e+07 1.63071e+08 16 4 1.31893e+09 8.08807 16.75 15122.1
4.22447e+07 8.84691e+08 8.98363e+07 2.83596e+07 12 4 1.07804e+09 38.013 190.75 5648.19
1.69554e+08 2.08712e+09 8.61981e+07 2.44237e+07 10 4 8.61981e+08 35.2927 141 5531.75
7.49562e+07 1.40517e+09 8.00565e+07 5.16489e+07 13 4 1.04073e+09 20.1502 110 5786.57
8.62932e+07 1.93878e+09 8.72204e+07 3.83498e+07 10 4 8.72204e+08 22.7434 2.75 3789.34
4.28492e+08 1.8099e+09 8.33733e+07 3.22151e+08 12 3 1.00048e+09 3.10562 24.6667 6465.13
1.47654e+08 2.1991e+09 6.73403e+07 1.97763e+06 10 3 6.73403e+08 340.509 6 7083.42
6.326e+09 3.11558e+09 7.81949e+07 4.38412e+06 10 4 7.81949e+08 178.359 149 5179.15
2.31585e+08 1.52479e+09 8.15039e+07 1.31595e+08 14 4 1.14105e+09 8.67094 168 14985.9
1.69293e+08 9.45238e+08 8.35264e+07 1.37914e+07 12 4 1.00232e+09 72.6767 80.75 5427.33
1.62292e+08 1.3576e+09 8.65349e+07 7.31224e+07 12 4 1.03842e+09 14.2011 51 5824.37
9.12535e+07 9.74177e+08 7.28634e+07 3.23448e+07 12 4 8.74361e+08 27.0325 268.75 7958.96
4.82607e+07 1.5649e+09 8.32401e+07 4.14308e+06 12 4 9.98882e+08 241.096 205 7050.36
3.11499e+08 1.13399e+09 8.74383e+07 5.81872e+07 11 4 9.61821e+08 16.5298 266.75 6920.02
1.33578e+08 1.42579e+09 8.42971e+07 1.21575e+08 10 4 8.42971e+08 6.93375 62 4942
3.79019e+08 2.39644e+09 8.21086e+07 3.29651e+07 13 4 1.06741e+09 32.3801 98.75 5426.49
1.50768e+08 2.13613e+09 8.1901e+07 1.30963e+07 15 4 1.22851e+09 93.8062 26 5261.02
1.78485e+08 1.47773e+09 8.43328e+07 1.31765e+08 13 4 1.09633e+09 8.3203 62 14588.5
1.27665e+08 1.72148e+09 7.84824e+07 9.63827e+06 15 4 1.17724e+09 122.142 131 6124.26
1.15514e+08 2.38839e+09 7.09598e+07 3.81166e+06 12 4 8.51518e+08 223.398 225 6765.55
4.3551e+08 1.92463e+09 7.80808e+07 1.098e+08 14 4 1.09313e+09 9.95563 118.75 6256.67
1.52364e+08 7.7341e+08 8.14144e+07 2.10388e+06 13 4 1.05839e+09 503.065 138 6287.38
2.00271e+08 1.16118e+09 8.96486e+07 4.97076e+07 10 4 8.96486e+08 18.0352 19 4912.86
5.14238e+09 4.49712e+09 6.90342e+07 2.20185e+08 13 4 8.97444e+08 4.07586 236.75 6878.62
5.04021e+08 2.38774e+09 8.06609e+07 1.00844e+08 16 5 1.29058e+09 12.7977 177.2 5490.5
5.06458e+08 1.03672e+09 8.4149e+07 1.37176e+08 11 4 9.25639e+08 6.7478 174.75 5391.42
2.2196e+08 1.60264e+09 8.53301e+07 3.77233e+07 12 4 1.02396e+09 27.144 126.75 6784.05
2.23427e+08 1.8291e+09 8.72889e+07 1.22015e+07 14 5 1.22204e+09 100.155 102.8 5165.06
4.8298e+08 3.0813e+09 8.02893e+07 1.73451e+08 9 3 7.22604e+08 4.16603 220.667 118957
3.38452e+08 1.68201e+09 8.30855e+07 6.22282e+07 13 4 1.08011e+09 17.3573 69 5122.41
1.39803e+08 1.31895e+09 9.00626e+07 1.3913e+07 12 4 1.08075e+09 77.6793 116.75 16226.5
2.35212e+08 1.67663e+09 8.52408e+07 1.37571e+08 14 4 1.19337e+09 8.67456 42 5728.62
1.49897e+08 4.45016e+09 8.06177e+07 9.90142e+06 12 5 9.67412e+08 97.7044 98.8 4729.28
8.25198e+07 8.28372e+08 8.29644e+07 1.68549e+07 14 4 1.1615e+09 68.912 59 5136.33
6.49139e+07 1.46903e+09 7.60224e+07 7.85254e+07 10 4 7.60224e+08 9.68125 153 15922.5
1.91806e+08 1.51444e+09 8.38351e+07 1.71534e+08 13 4 1.08986e+09 6.35359 188.75 5999.24
8.83146e+07 1.11996e+09 8.07508e+07 1.07579e+07 13 4 1.04976e+09 97.5807 122 6079.18
2.10179e+08 2.27032e+09 8.60224e+07 1.22594e+08 12 4 1.03227e+09 8.42021 98.75 15698.4
2.32376e+08 1.54157e+09 8.52789e+07 4.0117e+06 13 4 1.10863e+09 276.348 2 4749.12
3.22097e+08 1.05041e+09 9.13369e+07 2.9496e+08 13 4 1.18738e+09 4.02556 51 15492.1
2.34477e+08 1.17907e+09 8.79332e+07 1.43049e+08 13 4 1.14313e+09 7.99118 60.75 4737.2
1.93384e+08 8.73994e+08 8.7202e+07 1.20037e+08 13 4 1.13363e+09 9.44396 9 5387.22
4.62877e+08 2.17296e+09 7.67326e+07 2.82757e+08 13 3 9.97524e+08 3.52785 0.666667 7619.76
3.76557e+08 2.64958e+08 7.08001e+07 3.80341e+07 12 4 8.49601e+08 22.3379 270 5954.69
2.54239e+08 2.67804e+09 7.20877e+07 8.37706e+06 13 3 9.37141e+08 111.87 108.667 16032.1
1.63861e+08 2.05956e+09 8.03714e+07 3.82159e+06 8 4 6.42971e+08 168.247 116.75 15236.6
3.0254e+08 1.22791e+09 8.51267e+07 5.48591e+06 14 4 1.19177e+09 217.243 83 6051.3
8.60907e+08 1.4542e+09 7.55591e+07 4.93166e+07 15 5 1.13339e+09 22.9818 295.2 5134.38
9.80628e+07 7.71466e+08 8.40826e+07 5.44192e+07 14 4 1.17716e+09 21.6313 54.75 116205
4.09765e+08 5.54737e+09 6.69276e+07 6.0045e+06 15 4 1.00391e+09 167.193 22.75 5551.57
1.90001e+08 1.02074e+09 8.40455e+07 1.3176e+08 12 4 1.00855e+09 7.6544 10.75 5603.17
2.03059e+08 1.16638e+09 8.79884e+07 5.97565e+07 13 4 1.14385e+09 19.1418 58.75 6417.65
3.00025e+08 1.47964e+09 8.27704e+07 1.22258e+08 14 4 1.15879e+09 9.47824 22.75 5785.81
3.69334e+07 1.10653e+09 8.53108e+07 2.81131e+06 11 4 9.38419e+08 333.801 146 7453.64
5.19251e+08 2.39371e+09 7.63008e+07 7.53027e+07 14 4 1.06821e+09 14.1856 164 6899.37
1.92836e+08 1.19667e+09 8.72277e+07 8.21065e+07 11 4 9.59505e+08 11.6861 78.75 5921.28
1.76975e+08 1.81957e+09 9.14537e+07 1.66437e+07 10 4 9.14537e+08 54.9479 44.75 5388.99
4.20646e+08 3.08067e+09 8.04028e+07 2.43996e+08 14 4 1.12564e+09 4.61336 104.75 5699.83
2.84239e+08 2.21813e+09 8.42652e+07 9.34461e+07 13 4 1.09545e+09 11.7228 58.75 5690.79
1.95212e+08 1.32548e+09 7.88154e+07 7.25795e+07 13 4 1.0246e+09 14.1169 194 16717.5
4.29954e+08 2.29169e+09 6.79655e+07 1.34008e+07 14 4 9.51518e+08 71.0044 402 6239.41
2.98449e+08 1.26577e+09 8.45601e+07 1.71751e+08 13 4 1.09928e+09 6.40044 185 5831.61
7.93562e+07 1.66731e+09 8.16237e+07 7.20854e+06 14 4 1.14273e+09 158.525 115 6968.2
1.67024e+08 3.2083e+09 7.25055e+07 6.60928e+06 13 4 9.42572e+08 142.613 220.75 6122
2.02549e+08 1.13088e+09 8.63206e+07 7.23588e+07 15 5 1.29481e+09 17.8943 34 4325.95
9.60898e+07 2.28355e+09 8.93947e+07 5.29724e+06 9 5 8.04553e+08 151.881 197.2 5675.9
2.92672e+08 2.38907e+09 7.89847e+07 1.33956e+08 9 4 7.10863e+08 5.30671 126 7146.47
2.27935e+08 9.48323e+08 7.51997e+07 3.86858e+07 14 5 1.0528e+09 27.214 261.2 5770.98
3.711e+08 1.75089e+09 8.5838e+07 2.85243e+07 13 4 1.11589e+09 39.1208 120.75 6339.81
2.46588e+08 9.76223e+08 8.22991e+07 5.70722e+07 13 4 1.06989e+09 18.7462 187 6710.28
1.69536e+08 2.281e+09 7.75375e+07 1.62998e+08 13 4 1.00799e+09 6.18404 201 5360.59
6.88045e+07 1.88979e+09 8.31687e+07 4.5934e+06 11 4 9.14856e+08 199.168 100 16615.6
2.17099e+08 2.1823e+09 9.20128e+07 7.97351e+07 8 4 7.36102e+08 9.23185 26.75 5038.4
1.73301e+08 2.61396e+09 7.645e+07 3.65321e+06 13 4 9.9385e+08 272.048 62.75 5986.24
5.75533e+08 2.11602e+09 8.53711e+07 4.4056e+08 13 4 1.10982e+09 2.51912 6 5329.47
1.71148e+08 1.49298e+09 8.1869e+07 1.35788e+08 14 4 1.14617e+09 8.44082 65 14293.5
4.23005e+08 2.67555e+09 7.38552e+07 2.49809e+07 12 4 8.86262e+08 35.4775 246.75 7359.56
1.76956e+08 2.38055e+09 8.36947e+07 5.07694e+07 14 4 1.17173e+09 23.0794 90 5566.69
2.92815e+07 9.33459e+08 7.82634e+07 2.16674e+06 14 4 1.09569e+09 505.684 181 6487.42
7.06425e+08 2.94059e+09 8.07608e+07 4.81213e+08 16 4 1.29217e+09 2.68524 20.75 5667.83
1.07225e+08 9.87881e+08 8.73745e+07 8.97522e+07 14 4 1.22324e+09 13.6291 77 5091.25
5.92458e+07 1.40552e+09 8.46891e+07 2.51455e+06 13 4 1.10096e+09 437.834 184.75 6693.85
1.69098e+08 7.29542e+08 8.95634e+07 2.63282e+07 12 4 1.07476e+09 40.8217 98.75 5832.34
8.76434e+07 1.02622e+09 7.8769e+07 4.46917e+06 16 4 1.2603e+09 282 137 5437.49
2.98815e+08 9.67151e+08 7.99568e+07 2.03665e+08 17 4 1.35927e+09 6.67403 156.75 7389.99
1.2508e+08 1.05193e+09 7.83781e+07 2.13009e+07 17 4 1.33243e+09 62.5528 22 5221.84
1.84438e+08 1.90797e+09 8.91519e+07 3.45774e+06 11 4 9.80671e+08 283.616 54.75 5079.72
3.40553e+08 1.42202e+09 8.85353e+07 2.85736e+07 13 4 1.15096e+09 40.2804 116 16187.8
1.82824e+08 8.09918e+08 8.40378e+07 3.95094e+07 13 4 1.09249e+09 27.6514 44.75 5400.82
1.45629e+08 1.56682e+09 8.39893e+07 3.88583e+07 11 4 9.23882e+08 23.7757 69 5789.81
1.68862e+08 2.19571e+09 8.20421e+07 1.30305e+08 12 4 9.84505e+08 7.55541 102.75 7777.39
1.59949e+08 1.12172e+09 8.43051e+07 4.15454e+07 16 4 1.34888e+09 32.4677 182.75 4903.82
4.30897e+08 1.80841e+09 8.20394e+07 4.81211e+06 15 4 1.23059e+09 255.728 136.75 6377.24
3.5497e+08 2.41642e+09 7.84775e+07 7.70913e+06 13 4 1.02021e+09 132.338 122.75 5825.55
1.82968e+08 7.00287e+08 8.84001e+07 1.02944e+08 13 4 1.1492e+09 11.1634 66.75 5719.63
1.1188e+08 2.78616e+09 7.77636e+07 4.28583e+06 15 4 1.16645e+09 272.165 164.75 5730.45
1.47413e+08 1.1075e+09 9.035e+07 1.37508e+08 11 4 9.9385e+08 7.22755 130.75 5616.58
3.69101e+08 2.78898e+09 8.46573e+07 3.03629e+08 11 4 9.3123e+08 3.067 74.75 5682.69
1.19591e+08 1.20451e+09 9.07282e+07 9.93484e+07 12 4 1.08874e+09 10.9588 58 5367.97
1.67189e+08 1.6266e+09 8.29972e+07 9.36329e+07 8 4 6.63978e+08 7.09128 85 112488
1.04041e+09 1.19516e+09 7.97186e+07 1.56452e+07 13 5 1.03634e+09 66.2402 108 4688.45
3.34175e+08 1.7157e+09 8.72125e+07 2.64427e+08 10 4 8.72125e+08 3.29816 52.75 5426.82
3.86909e+08 2.35672e+09 7.89567e+07 7.20683e+06 13 4 1.02644e+09 142.426 164.75 7276.01
2.76869e+08 1.48844e+09 9.09345e+07 5.02264e+06 10 4 9.09345e+08 181.049 27 5740.51
2.00935e+08 1.54061e+09 7.87233e+07 7.4667e+07 13 4 1.0234e+09 13.7062 309 6931
3.29097e+08 1.54727e+09 8.5666e+07 1.80946e+08 13 4 1.11366e+09 6.15466 50 5345.36
1.66307e+08 2.03863e+09 8.27113e+07 1.85621e+07 11 4 9.09824e+08 49.0151 200.75 6034.46
1.87171e+08 1.28459e+09 8.68963e+07 1.10759e+08 17 5 1.47724e+09 13.3374 50.8 4847.49
1.38383e+08 1.03456e+09 8.21314e+07 4.29034e+06 14 4 1.14984e+09 268.007 72.75 5350.88
6.93722e+06 1.44857e+09 8.20651e+07 2.00857e+06 11 4 9.02716e+08 449.433 102.75 5447.92
1.51933e+08 7.03792e+08 7.96756e+07 5.86069e+06 13 4 1.03578e+09 176.734 330.75 7413.72
2.07798e+08 2.39142e+09 7.71366e+07 1.8826e+07 12 3 9.25639e+08 49.168 104.667 15497.6
2.06092e+08 1.27783e+09 8.26056e+07 1.25923e+08 9 4 7.4345e+08 5.90403 121 5117.16
2.24069e+08 1.7673e+09 7.73334e+07 6.48463e+07 14 4 1.08267e+09 16.6959 18 4926.35
2.37101e+08 2.29924e+09 8.59691e+07 1.66828e+07 12 4 1.03163e+09 61.8378 41 6122.98
2.02291e+08 2.0423e+09 7.26198e+07 5.41584e+07 15 4 1.0893e+09 20.1132 184.75 7279.78
2.74943e+08 1.56888e+09 8.69409e+07 1.06698e+08 10 3 8.69409e+08 8.14831 20.6667 15632.3
6.36823e+07 8.76001e+08 8.82007e+07 7.52928e+07 11 4 9.70208e+08 12.8858 121 7616.15
2.47872e+08 9.30639e+08 8.4636e+07 4.76714e+07 14 4 1.1849e+09 24.8557 171 15074.1
1.23709e+08 1.68143e+09 7.43657e+07 8.33345e+07 17 4 1.26422e+09 15.1704 68.75 5108.47
9.67557e+07 1.4705e+09 8.00148e+07 2.80094e+07 14 4 1.12021e+09 39.994 102.75 5453.97
2.24137e+08 1.95571e+09 7.4771e+07 9.07098e+07 15 4 1.12157e+09 12.3643 28.75 5277.06
3.10545e+08 2.04641e+09 7.98437e+07 3.67047e+07 14 4 1.11781e+09 30.4542 102.75 5925.59
2.83317e+07 4.90906e+08 7.4146e+07 7.72237e+06 13 3 9.63898e+08 124.819 62 7335.92
3.61238e+08 1.53147e+09 8.65069e+07 2.6318e+07 15 4 1.2976e+09 49.3048 14 5757.22
3.0016e+08 1.68012e+09 8.26605e+07 1.79866e+08 11 4 9.09265e+08 5.05525 158 6926.66
7.81765e+07 1.10694e+09 8.18182e+07 4.28088e+06 11 4 9e+08 210.237 98.75 6674.86
1.94866e+08 1.04836e+09 8.88397e+07 4.73332e+07 11 4 9.77236e+08 20.6459 98.75 15198.5
4.65381e+08 1.54979e+09 8.6648e+07 1.45185e+08 12 4 1.03978e+09 7.16176 113 6303.69
1.47567e+08 1.80876e+09 7.90858e+07 1.07346e+08 13 4 1.02812e+09 9.57761 98.75 5257.44
8.95013e+07 1.26976e+09 7.91411e+07 4.91956e+07 13 3 1.02883e+09 20.9131 62 5931.89
4.82129e+08 1.85405e+09 8.22737e+07 1.10917e+08 15 4 1.23411e+09 11.1264 148.75 6427.02
2.71782e+07 6.77067e+08 8.94868e+07 2.20391e+07 8 3 7.15895e+08 32.483 28.6667 15076.5
4.18566e+08 2.73612e+09 8.11169e+07 2.02619e+08 12 4 9.73403e+08 4.8041 18.75 5404.41
1.84036e+08 3.14588e+09 7.98522e+07 1.77564e+08 16 5 1.27764e+09 7.19536 146.8 5506.95
1.33518e+08 1.19933e+09 8.10874e+07 4.17816e+07 14 4 1.13522e+09 27.1704 4.75 4488.7
1.63962e+08 2.05529e+09 8.85463e+07 2.3673e+07 10 5 8.85463e+08 37.4039 258.8 5737
2.58102e+08 1.65635e+09 8.0979e+07 1.21983e+08 14 4 1.13371e+09 9.29395 26 5109.69
6.64242e+07 1.84828e+09 8.65234e+07 5.39962e+06 11 4 9.51757e+08 176.264 49 6205.16
2.27801e+08 1.82956e+09 8.56375e+07 3.96302e+06 11 4 9.42013e+08 237.701 29 5396.87
2.22715e+08 1.89979e+09 8.07679e+07 1.45265e+08 14 4 1.13075e+09 7.78405 84.75 5831.51
1.87254e+08 1.07781e+09 9.14936e+07 2.18825e+07 12 4 1.09792e+09 50.1737 44.75 5063.11
