1.48861e+08 1.28609e+09 8.58094e+07 4.52493e+07 12 12 1.02971e+09 22.7564 120.917 2056.62
1.64895e+08 1.62416e+09 7.91693e+07 6.35692e+07 10 13 7.91693e+08 12.454 43.6923 1284.84
7.84445e+16 0 6.59278e+07 1.17605e+15 12 10 7.91134e+08 6.72706e-07 122.5 2370.78
8.26468e+08 2.62454e+09 8.43793e+07 2.00273e+08 7 16 5.90655e+08 2.94925 117.75 1044.32
6.94149e+07 1.75832e+09 7.41853e+07 7.40386e+06 5 17 3.70927e+08 50.0991 77.8824 721.74
1.65375e+08 1.24111e+09 8.88065e+07 1.66775e+08 14 10 1.24329e+09 7.45488 157.6 2904.93
1.35272e+08 1.21778e+09 7.99828e+07 2.17636e+07 13 11 1.03978e+09 47.7759 235.636 2387.85
9.10351e+08 2.60106e+09 6.74361e+07 1.88637e+07 10 12 6.74361e+08 35.7491 109.667 1779.38
3.53223e+07 3.63077e+08 6.82748e+07 832859 10 16 6.82748e+08 819.764 68 1052.53
3.70837e+09 2.99162e+09 7.80751e+07 7.26568e+06 16 9 1.2492e+09 171.932 127.556 3219.98
3.57219e+07 4.96406e+08 6.56683e+07 1.18314e+06 6 16 3.9401e+08 333.021 97.75 833.258
8.67782e+08 1.33378e+09 7.95128e+07 2.52915e+07 14 12 1.11318e+09 44.014 136.667 1989.66
248492 5.52953e+06 4.41427e+07 215176 3 19 1.32428e+08 615.442 48.4211 329.874
1.37696e+09 2.41786e+09 7.88707e+07 3.48231e+07 13 13 1.02532e+09 29.4437 118.308 1809.79
109207 2.51333e+06 5.23962e+07 2.07493e+06 2 19 1.04792e+08 50.5039 94.4211 327.935
9.49142e+07 1.03182e+09 8.52091e+07 2.49835e+06 11 12 9.373e+08 375.167 222.25 2259.08
8.38444e+11 0 6.25e+06 1.42535e+13 4 17 2.5e+07 1.75395e-06 37.0588 603.336
6.32405e+07 7.33339e+08 6.92592e+07 621396 8 16 5.54073e+08 891.659 42.9375 851.491
64962.9 1.68479e+06 3.10703e+07 1.2343e+06 2 19 6.21406e+07 50.345 29.1579 283.761
9.44497e+08 3.44953e+09 4.61502e+07 6.54676e+06 5 18 2.30751e+08 35.2466 28.4444 504.934
3.3826e+09 5.84754e+09 6.99326e+07 8.62313e+07 9 13 6.29393e+08 7.29889 92.7692 1471.14
5.18808e+07 1.17165e+09 9.02689e+07 2.40596e+07 6 17 5.41613e+08 22.5113 129.529 926.512
3.14648e+16 0 5.65628e+07 1.00018e+15 6 15 3.39377e+08 3.39317e-07 147.733 1414.26
233760 9.50546e+07 5.60703e+07 1.24214e+06 5 18 2.80351e+08 225.699 63.6111 533.059
1.23524e+12 0 6.25e+06 2.22343e+13 4 18 2.5e+07 1.12439e-06 30.4444 485.305
1.6608e+09 1.87582e+09 6.86673e+07 582076 14 13 9.61342e+08 1651.58 45.0769 1426.95
2.11342e+09 3.02235e+09 7.59953e+07 4.27261e+06 13 13 9.87939e+08 231.226 91.6923 1958.04
8.43718e+06 6.29788e+08 8.89776e+07 1.60306e+08 2 19 1.77955e+08 1.11009 40.4211 327.889
1.54525e+08 1.65724e+09 8.79659e+07 1.72694e+08 12 14 1.05559e+09 6.11248 89.2143 1619.3
1.74737e+09 2.09495e+09 8.38772e+07 4.24846e+07 14 8 1.17428e+09 27.6401 185.875 3305.95
2.47046e+08 6.43902e+08 7.71965e+07 7.00287e+07 16 9 1.23514e+09 17.6377 315.556 4239.5
1.35851e+09 3.19684e+09 8.43371e+07 3.43709e+08 10 13 8.43371e+08 2.45373 132.308 1876.97
5.74477e+07 1.49199e+09 7.75787e+07 1.35555e+07 7 17 5.43051e+08 40.0614 29.8824 704.957
1.01861e+08 5.81729e+08 7.80485e+07 2.78258e+06 12 11 9.36581e+08 336.587 70.9091 2178.74
1.62248e+08 1.31931e+09 8.61555e+07 1.66624e+07 12 12 1.03387e+09 62.0479 192.917 2597.2
1.47762e+09 1.55417e+09 7.27835e+07 1.35672e+06 12 8 8.73403e+08 643.761 227.875 3827.04
3.87909e+07 7.25269e+08 8.13199e+07 8.34593e+06 8 16 6.50559e+08 77.9493 69.4375 950.967
1.06381e+08 1.43453e+09 8.28889e+07 6.06932e+06 13 10 1.07756e+09 177.541 178.9 2633.34
4.27223e+08 1.63365e+09 8.21619e+07 1.14168e+08 12 11 9.85942e+08 8.63586 80.1818 1987.79
7.61121e+07 9.89594e+08 8.49042e+07 1.14826e+08 9 15 7.64137e+08 6.65473 34.9333 1136.14
1.65549e+07 2.90137e+08 8.63285e+07 4.94171e+07 6 17 5.17971e+08 10.4816 25.0588 725.495
5.08345e+08 1.65034e+09 7.80706e+07 3.04101e+07 9 13 7.02636e+08 23.1053 144.769 1287.3
3.96708e+08 1.84188e+09 8.54304e+07 1.29828e+08 17 9 1.45232e+09 11.1865 100 3127.27
1.29991e+08 8.11511e+08 8.77396e+07 3.46643e+07 12 9 1.05288e+09 30.3735 327.556 4316.6
2.33903e+06 9.61528e+07 8.47843e+07 1.50376e+07 4 17 3.39137e+08 22.5526 18.1176 537.845
1.22775e+08 8.9359e+08 8.71577e+07 2.15949e+07 14 8 1.22021e+09 56.5044 101.875 3616.04
1.60625e+08 1.66989e+09 8.59425e+07 5.10741e+07 9 14 7.73482e+08 15.1443 81.5 1262.71
1.59688e+09 2.35875e+09 8.70407e+07 2.0281e+08 12 10 1.04449e+09 5.15009 140.1 2610.32
4.3675e+08 1.11668e+09 7.93074e+07 4.42069e+07 14 12 1.1103e+09 25.1161 90.6667 1936.58
4.90264e+06 3.67022e+08 8.69808e+07 9.31501e+07 2 19 1.73962e+08 1.86754 62.4211 306.174
1.14037e+08 2.08956e+09 8.80306e+07 4.91257e+08 7 16 6.16214e+08 1.25436 109.75 1065.85
1.39959e+09 1.39959e+10 2.33227e+07 261170 2 20 4.66454e+07 178.602 29.75 102.77
5.17932e+12 0 1.25e+07 2.56734e+13 6 17 7.5e+07 2.92132e-06 55.5294 786.818
1.66074e+08 1.93457e+09 9.10783e+07 3.62229e+08 10 14 9.10783e+08 2.51438 135.429 1587.77
4.1717e+08 2.23251e+09 7.64077e+07 2.08263e+07 8 16 6.11262e+08 29.3505 78.4375 1000.11
0 0 0 0 0 0 0 0 0 0
1.48345e+08 1.57223e+09 9.64956e+07 3.65703e+08 8 13 7.71965e+08 2.11091 88.9231 1710.88
4.37822e+09 2.51084e+09 7.75337e+07 9.97817e+06 18 9 1.39561e+09 139.866 209.556 3434.05
2.00495e+07 4.04429e+08 8.60423e+07 1.68905e+08 4 17 3.44169e+08 2.03765 34.1176 643.402
8.29398e+08 1.40875e+09 8.26855e+07 1.46279e+07 18 10 1.48834e+09 101.747 132.9 2520.56
2.64195e+09 2.35267e+09 8.24081e+07 9.06211e+06 12 7 9.88898e+08 109.124 242.857 5015.85
2.1111e+07 6.94902e+08 8.63951e+07 1.52717e+07 6 17 5.18371e+08 33.9432 49.7647 771.273
4.05105e+08 1.89203e+09 8.63472e+07 1.81571e+07 15 9 1.29521e+09 71.3333 135.556 3295.48
7.81519e+07 4.9211e+08 7.42412e+07 1.52667e+06 10 14 7.42412e+08 486.296 95.2143 1384.35
7.40925e+07 1.77712e+09 8.88179e+07 6.25701e+07 8 14 7.10543e+08 11.356 154.357 1544.82
1.00119e+08 1.4006e+09 7.83846e+07 1.72238e+07 8 16 6.27077e+08 36.4075 44.4375 1111.81
1.83737e+08 8.09922e+08 9.26451e+07 1.6157e+08 12 10 1.11174e+09 6.88087 88 2373.6
1.51613e+08 1.35714e+09 8.84119e+07 4.65962e+07 12 11 1.06094e+09 22.7689 154.182 2140.95
7.95242e+07 9.25108e+08 6.99558e+07 3.44026e+06 13 9 9.09425e+08 264.347 160.889 2975.26
2.11298e+08 9.04775e+08 8.20767e+07 9.30938e+06 15 9 1.23115e+09 132.248 110.889 3123.27
2.39655e+08 8.10503e+08 7.71337e+07 1.79137e+07 14 6 1.07987e+09 60.2821 170.833 4448.34
9.14857e+06 1.90765e+08 6.65735e+07 1.45889e+06 4 18 2.66294e+08 182.532 84.9444 506.099
1.20259e+09 1.78372e+09 7.66343e+07 1.83462e+07 13 11 9.96246e+08 54.3025 84.5455 2108.2
1.72285e+07 3.10232e+08 7.78488e+07 2.19037e+06 6 17 4.67093e+08 213.248 40.1176 669.161
2.93679e+09 2.87698e+09 7.8162e+07 2.57362e+07 17 10 1.32875e+09 51.6298 100 2515.78
1.55916e+09 4.57598e+09 5.71619e+07 1.64467e+07 6 17 3.42971e+08 20.8535 48.1176 572.61
1.95142e+08 1.58081e+09 8.36999e+07 7.87528e+06 13 9 1.0881e+09 138.166 153.556 2879.29
8.24057e+08 2.01379e+09 7.94215e+07 5.10659e+07 14 11 1.1119e+09 21.7739 102.182 2245.85
1.88225e+09 3.136e+09 7.39457e+07 2.99051e+06 10 15 7.39457e+08 247.268 75.7333 1106.34
3309.07 66181.5 2.5e+07 66181.5 1 20 2.5e+07 377.749 44.2 123.213
5.3481e+09 6.47157e+09 6.30511e+07 1.56411e+06 10 12 6.30511e+08 403.113 82.6667 1829.04
2.03641e+09 2.39198e+09 7.79153e+07 1.07496e+07 14 12 1.09081e+09 101.475 112 1972.3
0 0 0 0 0 0 0 0 0 0
4.2502e+07 3.35589e+09 7.71765e+07 5.75077e+07 4 17 3.08706e+08 5.36808 55.0588 616.022
6.10043e+06 2.05799e+08 6.55218e+07 312011 3 18 1.96565e+08 629.996 30.5 488.632
1.56182e+09 2.18943e+09 7.94302e+07 2.39963e+07 15 11 1.19145e+09 49.6516 166.727 2253.99
1.34481e+08 1.04111e+09 8.84738e+07 1.99949e+07 13 11 1.15016e+09 57.5228 154.545 2378.44
2.07417e+08 1.84038e+09 7.9377e+07 1.53434e+07 15 9 1.19065e+09 77.6003 248.222 3728.64
5.32447e+06 1.65922e+08 8.61821e+07 1.0756e+07 4 18 3.44728e+08 32.0499 48.4444 497.377
2.08948e+09 2.21159e+09 6.2886e+07 1.12689e+06 15 12 9.43291e+08 837.076 66.6667 1937.93
500026 9.3061e+07 7.34345e+07 3.79326e+06 5 17 3.67173e+08 96.7961 27.5294 624.819
1.58722e+08 1.3437e+09 8.34265e+07 2.2447e+07 10 13 8.34265e+08 37.166 132.923 1826.47
6.10859e+12 0 1.75e+07 3.15298e+13 10 15 1.75e+08 5.5503e-06 57.7333 1404.66
1.2622e+13 0 1.875e+07 1.50696e+13 4 15 7.5e+07 4.9769e-06 68.4 1251.33
2.19561e+08 1.40726e+09 8.84239e+07 1.58611e+07 15 9 1.32636e+09 83.6233 138 3431.42
2.28804e+09 4.05327e+09 7.11226e+07 2.04857e+06 11 14 7.82348e+08 381.899 62 1118.33
2.884e+07 7.7843e+08 8.6262e+07 1.45703e+08 6 17 5.17572e+08 3.55223 49.8824 738.465
1.10692e+06 2.88996e+07 5.26957e+07 1.21687e+06 4 16 2.10783e+08 173.217 45 789.575
203261 2.06166e+06 3.65216e+07 1.76932e+06 4 17 1.46086e+08 82.5665 80.4706 604.412
1.31827e+12 0 1.25e+07 2.50472e+13 2 19 2.5e+07 9.98117e-07 38.4211 317.035
2.26785e+09 5.19573e+09 7.82976e+07 8.49151e+06 7 14 5.48083e+08 64.5449 199.214 1604.44
2.34295e+17 0 5.36342e+07 1.2083e+16 12 9 6.4361e+08 5.32656e-08 181.556 3169.36
1.62923e+08 1.06498e+09 8.51381e+07 3.3887e+07 14 9 1.19193e+09 35.1738 110.889 3130.12
6.0766e+08 1.57286e+09 6.91853e+07 1.10439e+07 10 12 6.91853e+08 62.6457 172.917 2026.16
3.79017e+07 1.14605e+09 7.83546e+07 1.55622e+06 11 11 8.61901e+08 553.842 120.545 2324.8
2.31002e+06 9.78391e+07 8.47045e+07 4.15803e+07 2 18 1.69409e+08 4.07426 36.2778 373.841
9.75054e+07 1.33935e+09 8.94169e+07 2.27592e+07 8 16 7.15335e+08 31.4306 103 1149.35
2.21555e+08 1.83072e+09 8.44249e+07 6.7935e+07 13 10 1.09752e+09 16.1555 84.4 2381.38
1.56213e+08 1.49098e+09 8.52556e+07 1.21217e+08 10 13 8.52556e+08 7.03328 110.923 1591.36
1.03268e+08 1.70138e+09 8.96266e+07 3.29367e+07 8 15 7.17013e+08 21.7694 52.9333 1195.54
5.42462e+08 1.86479e+09 8.65758e+07 4.18201e+07 14 11 1.21206e+09 28.9827 178.909 2620.03
8.11784e+07 7.01553e+08 8.45847e+07 5.57419e+07 13 10 1.0996e+09 19.7266 108.9 2231.4
1.86688e+09 2.78912e+09 7.00546e+07 5.64991e+06 12 14 8.40655e+08 148.791 149.5 1625.55
1.28259e+07 4.86829e+08 8.5024e+07 7.30996e+07 4 18 3.40096e+08 4.6525 60.2778 495.209
9.82934e+08 5.97552e+09 6.50692e+07 6.63493e+07 3 18 1.95208e+08 2.94212 22.4444 427.335
3.73476e+09 4.55469e+09 7.53062e+07 2.32116e+08 12 11 9.03674e+08 3.89319 44.9091 1564.9
4.84665e+07 9.38404e+08 8.57428e+07 1.36871e+08 4 18 3.42971e+08 2.5058 38.9444 593.523
6.0987e+08 1.80109e+09 8.13765e+07 9.37484e+06 12 14 9.76518e+08 104.164 130.929 1866.81
1.07257e+08 1.21344e+09 9.01757e+07 3.8418e+07 8 14 7.21406e+08 18.7778 104 1593.53
6.88137e+07 7.9796e+08 7.68837e+07 2.19236e+06 12 13 9.22604e+08 420.826 100 1705.75
1.76917e+08 1.23873e+09 8.02716e+07 7.7324e+06 12 14 9.63259e+08 124.574 126.857 1849.51
1.33198e+07 3.4621e+08 8.57029e+07 5.57491e+07 4 18 3.42812e+08 6.14918 38.4444 467.638
1.6495e+08 1.00786e+09 7.89278e+07 1.86051e+07 17 8 1.34177e+09 72.1187 81.875 3294.42
7.02201e+06 3.82621e+08 8.64617e+07 1.33418e+08 2 19 1.72923e+08 1.2961 28.6316 299.72
4.25078e+13 0 1.5625e+07 1.12164e+14 8 13 1.25e+08 1.11444e-06 70.7692 1529.23
3.26715e+07 8.087e+08 8.58892e+07 8.07933e+07 6 17 5.15335e+08 6.37844 32.2353 645.803
4.96955e+07 1.4561e+09 6.02037e+07 1.85059e+06 4 17 2.40815e+08 130.129 64.9412 704.428
6.49785e+07 6.09364e+08 8.16194e+07 3.39896e+07 8 14 6.52955e+08 19.2104 91.5 1194.87
4.37915e+12 0 2.27273e+06 6.13081e+13 11 14 2.5e+07 4.07777e-07 67.4286 1431.7
171380 3.26867e+07 4.41853e+07 453529 5 18 2.20927e+08 487.127 26.2778 377.723
7.66963e+07 7.28075e+08 8.17891e+07 1.56834e+07 10 15 8.17891e+08 52.1502 60 1221.5
6.42861e+07 1.20779e+09 8.91507e+07 1.76296e+08 6 17 5.34904e+08 3.03413 44.2353 669.303
1.2634e+08 1.03711e+09 8.73294e+07 2.10698e+08 11 13 9.60623e+08 4.55923 91.6923 1772.9
1.04671e+08 7.98341e+08 8.75952e+07 1.68325e+07 13 13 1.13874e+09 67.6511 166.308 1962.55
9.6085e+07 1.69434e+09 8.7043e+07 2.58142e+07 9 13 7.83387e+08 30.3471 120.308 1708.69
1.42725e+09 1.62141e+09 6.79962e+07 7.02e+06 16 11 1.08794e+09 154.977 167.636 2821.51
1.05679e+09 2.16102e+09 7.34824e+07 1.4117e+07 13 12 9.55272e+08 67.6683 78.6667 1940.18
8.35807e+07 1.13823e+09 8.25413e+07 1.68713e+06 12 14 9.90495e+08 587.09 155.214 1730.48
2.34961e+07 1.33781e+09 8.36034e+07 2.63036e+07 7 16 5.85224e+08 22.2488 65 938.344
2.79897e+16 0 5.75399e+07 8.339e+14 10 11 5.75399e+08 6.9001e-07 174 2358.26
1.68379e+09 2.17821e+09 8.04579e+07 8.26161e+06 15 10 1.20687e+09 146.082 85.6 2467.21
2.7601e+08 1.31664e+09 8.35763e+07 2.49625e+07 16 11 1.33722e+09 53.5691 159.636 2902.67
3.31485e+07 1.81429e+09 7.08666e+07 1.72087e+06 4 16 2.83466e+08 164.723 57.75 755.86
5.41698e+17 0 2.10863e+06 7.04208e+18 10 13 2.10863e+07 2.99432e-12 57.6923 1670.59
2.81414e+07 7.36487e+08 8.34487e+07 5.49606e+07 9 14 7.51038e+08 13.665 54 1131.75
3.44469e+06 2.0462e+08 8.65016e+07 6.5449e+07 2 19 1.73003e+08 2.64333 37.6842 275.425
1.35939e+06 7.52333e+07 8.63419e+07 2.58284e+07 2 19 1.72684e+08 6.6858 64.7368 304.091
2.72053e+09 2.29545e+09 7.78009e+07 7.99778e+06 15 11 1.16701e+09 145.917 80.7273 2115.59
3.25237e+07 1.03373e+09 8.51637e+07 2.26743e+08 4 18 3.40655e+08 1.50238 62.4444 454.803
1.42207e+08 9.94901e+08 8.52023e+07 1.02371e+07 15 10 1.27804e+09 124.843 233.6 3197.07
0 0 0 0 0 0 0 0 0 0
5.0992e+07 6.75141e+08 7.46805e+07 1.36405e+07 8 16 5.97444e+08 43.7992 43.9375 860.048
6.17876e+11 0 4.16667e+06 9.88602e+12 6 16 2.5e+07 2.52882e-06 27.75 837.582
5.89676e+08 1.75424e+09 8.07907e+07 1.26479e+07 14 12 1.13107e+09 89.4275 152.917 2295.18
4.06143e+07 4.74977e+08 6.8557e+07 2.31485e+07 6 17 4.11342e+08 17.7697 92 787.235
1.38815e+08 1.2236e+09 8.08706e+07 1.48149e+06 12 13 9.70447e+08 655.048 78.9231 1627.12
1.34121e+16 0 1.96406e+07 8.50311e+13 10 15 1.96406e+08 2.30981e-06 63.7333 1394.17
1.69834e+08 1.42249e+09 9.09744e+07 2.85592e+08 12 12 1.09169e+09 3.82256 236.917 2341.4
1.29516e+09 1.71863e+09 8.16793e+07 1.83242e+07 16 12 1.30687e+09 71.3195 70.9167 2251.3
5.80077e+06 1.82116e+08 8.67612e+07 1.91213e+07 4 18 3.47045e+08 18.1497 20 540.568
9.70364e+07 1.13277e+09 7.97923e+07 1.48201e+06 10 13 7.97923e+08 538.407 180 1866.99
7.75156e+08 4.90932e+09 2.24707e+07 433549 3 19 6.74121e+07 155.489 30.7368 328.099
7.76052e+17 0 1.2403e+07 8.53657e+18 7 11 8.68211e+07 1.01705e-11 106 2291.52
2.53472e+07 6.67915e+08 8.77396e+07 3.93042e+07 4 18 3.50958e+08 8.92929 30.2778 491.107
9.24684e+07 1.37308e+09 8.8778e+07 2.81327e+08 8 16 7.10224e+08 2.52455 109.938 1234.35
2.35548e+08 1.38917e+09 9.02042e+07 3.28657e+07 14 13 1.26286e+09 38.4248 98.9231 2169.08
1.56635e+09 1.82594e+09 6.03219e+07 792590 13 13 7.84185e+08 989.396 138.308 1837.57
1.81597e+08 1.65561e+09 8.77662e+07 2.49574e+06 12 12 1.05319e+09 421.996 100.667 1747.92
3.21221e+08 1.22153e+09 8.32437e+07 6.72327e+07 19 8 1.58163e+09 23.5247 135.875 3917.97
3.33592e+08 1.92427e+09 8.76358e+07 5.21015e+07 10 15 8.76358e+08 16.8202 113.733 1351.08
2.50775e+09 4.31418e+09 5.83777e+07 483799 9 15 5.25399e+08 1085.99 45.6 1251.2
1.10489e+08 1.07613e+09 8.57561e+07 6.3498e+07 12 12 1.02907e+09 16.2064 107 1989.24
1.49185e+09 4.49975e+09 3.74334e+07 258556 6 18 2.24601e+08 868.674 36.5 479.902
1.02679e+08 8.00529e+08 7.7492e+07 1.49542e+06 10 14 7.7492e+08 518.197 76.8571 1307.89
58188.2 1.88825e+06 4.34824e+07 25921.6 5 17 2.17412e+08 8387.31 29.5294 522.32
1.20782e+09 2.5126e+09 6.55218e+07 1.43642e+06 9 14 5.89696e+08 410.532 160 1668.24
6.19761e+07 6.38282e+08 7.79952e+07 1.30374e+07 12 12 9.35942e+08 71.7889 236.25 1977.04
1.7973e+09 5.08688e+09 7.82291e+07 1.06784e+08 7 17 5.47604e+08 5.12812 92.4706 923.486
1.25458e+08 9.46745e+08 8.0204e+07 1.91903e+07 13 12 1.04265e+09 54.3321 156.917 2250.57
4.46063e+07 1.48016e+09 9.20527e+07 9.59697e+07 4 17 3.68211e+08 3.83674 51.8824 612.587
1.89893e+07 6.0012e+08 7.08866e+07 3.48729e+06 6 17 4.25319e+08 121.963 53.0588 629.041
0 0 0 0 0 0 0 0 0 0
1.24872e+08 1.47768e+09 8.45629e+07 2.4329e+07 11 11 9.30192e+08 38.2338 145.636 2292.5
1.71435e+09 1.97645e+09 7.85191e+07 5.94518e+06 17 12 1.33482e+09 224.522 72.6667 2362.56
2.05442e+08 1.30458e+09 8.928e+07 3.56318e+07 14 10 1.24992e+09 35.0788 96.4 2753.17
1.09856e+07 2.47283e+08 8.08786e+07 3.40109e+07 5 17 4.04393e+08 11.8901 39.5294 641.289
3.19449e+09 3.92289e+09 7.8754e+07 6.5562e+06 11 11 8.66294e+08 132.133 76.7273 1947.12
2228.77 44575.5 2.5e+07 44575.5 1 20 2.5e+07 560.846 24.95 111.473
3.75038e+18 0 8.41994e+07 1.40255e+17 17 8 1.43139e+09 1.02056e-08 73.5 3443.51
5014 50140 2.5e+07 48598.4 2 20 5e+07 1028.84 47 114.714
4.90199e+06 1.57096e+08 6.60011e+07 986174 3 19 1.98003e+08 200.779 29.6842 283.721
2.47334e+09 3.36448e+09 8.06044e+07 1.21711e+08 12 13 9.67252e+08 7.9471 99.6923 1852.81
2.19928e+08 2.01447e+09 8.6222e+07 5.55972e+08 12 13 1.03466e+09 1.861 88.3077 1891.49
3.75808e+08 1.50702e+09 8.39191e+07 3.1435e+08 18 6 1.51054e+09 4.8053 113.333 3649.52
1.14307e+07 1.97876e+08 6.5016e+07 543310 8 17 5.20128e+08 957.332 48.9412 750.506
6.66537e+07 6.15883e+08 7.86981e+07 5.42977e+06 10 14 7.86981e+08 144.938 68.8571 1207.54
1.59062e+08 1.1834e+09 8.48243e+07 1.8702e+07 13 11 1.10272e+09 58.9624 195.636 2830.01
1.27591e+08 6.32991e+08 8.61222e+07 4.03196e+07 12 12 1.03347e+09 25.6319 90.9167 2015.34
5.62888e+06 3.43854e+08 8.81789e+07 1.06949e+08 2 19 1.76358e+08 1.649 44.7368 315.985
1.93198e+09 2.86942e+09 7.66906e+07 2.39983e+06 12 14 9.20288e+08 383.48 85.2143 1542.79
4.33415e+09 3.42329e+09 8.32867e+07 4.60699e+06 12 8 9.99441e+08 216.94 162.875 2916.74
3.99707e+06 2.29417e+08 6.59212e+07 524342 3 19 1.97764e+08 377.165 28.4211 304.581
5.80294e+07 5.13864e+08 7.76174e+07 1.51714e+07 13 11 1.00903e+09 66.5084 314.545 3286.31
9.28675e+06 6.66409e+08 8.89776e+07 1.76448e+08 2 19 1.77955e+08 1.00854 72.7368 313.468
8.77775e+07 1.53142e+09 8.73802e+07 4.27162e+08 6 17 5.24281e+08 1.22736 62.9412 820.713
3.15435e+07 6.26269e+08 5.42812e+07 2.51243e+06 10 14 5.42812e+08 216.05 93.7143 1117.18
1.0197e+08 1.23078e+09 8.24481e+07 2.04746e+06 12 14 9.89377e+08 483.222 83.4286 1522.96
10973.1 219463 2.5e+07 219463 1 20 2.5e+07 113.915 45.2 100.34
1.01673e+08 1.3781e+09 8.72071e+07 1.07291e+07 12 12 1.04649e+09 97.5371 129 2204.94
6.15541e+08 2.14215e+09 7.63818e+07 1.88551e+06 10 15 7.63818e+08 405.098 76.9333 1205.09
3.49076e+09 5.06144e+09 6.05875e+07 601776 9 11 5.45288e+08 906.13 96.7273 1623.49
2.81297e+07 8.61252e+08 8.59225e+07 6.69224e+07 4 18 3.4369e+08 5.13565 46.2778 527.056
1.15119e+08 1.48595e+09 8.50209e+07 1.84765e+08 13 9 1.10527e+09 5.98204 246.889 3350.41
11165.5 98170 2.93131e+07 93742.6 3 18 8.79393e+07 938.093 38.5 518.742
1.36903e+09 8.76543e+09 6.46699e+07 4.3144e+07 3 19 1.9401e+08 4.49679 50.4211 295.684
3.91096e+08 1.99017e+09 8.69595e+07 2.66073e+08 15 10 1.30439e+09 4.90239 114.4 2576.81
5.64618e+07 3.04176e+08 8.52599e+07 1.00737e+07 11 14 9.37859e+08 93.1001 161.714 1724.33
2.48266e+08 5.43171e+08 7.25312e+07 9.66442e+06 11 13 7.97843e+08 82.5547 56.7692 1454.05
87175 5.45788e+06 8.54633e+07 1.65632e+06 2 19 1.70927e+08 103.196 42.1053 296.002
5.72323e+06 4.28281e+08 8.61821e+07 1.08741e+08 2 19 1.72364e+08 1.58509 36.7368 312.904
1.81151e+07 5.74812e+08 6.24258e+07 790286 7 15 4.36981e+08 552.94 89.7333 784.616
7.98886e+15 0 2.23802e+07 1.29444e+14 10 13 2.23802e+08 1.72895e-06 128.923 1968.84
1.72715e+08 9.71568e+08 7.01211e+07 584472 12 14 8.41454e+08 1439.68 78.8571 1505.92
4.84505e+07 1.10717e+09 7.71565e+07 333277 5 18 3.85783e+08 1157.54 65.6111 572.118
1.06148e+06 2.00296e+07 7.61581e+07 5.07723e+06 4 17 3.04633e+08 59.9997 67.7647 643.274
1.38465e+09 2.44338e+09 7.85011e+07 1.47221e+06 12 11 9.42013e+08 639.862 168 2621.15
1.76114e+08 1.35222e+09 8.65507e+07 4.66162e+07 13 13 1.12516e+09 24.1367 55.6923 1740.53
1.05419e+08 7.76941e+08 8.7515e+07 3.69554e+07 16 8 1.40024e+09 37.89 135.5 3671.37
9.77932e+07 6.95145e+08 8.30871e+07 1.12676e+07 12 12 9.97045e+08 88.4878 50.9167 1849.29
4.71689e+07 6.50916e+08 8.98363e+07 7.11925e+07 8 12 7.1869e+08 10.095 216.917 2190.06
8.53506e+07 1.11046e+09 6.4986e+07 2.01329e+06 8 16 5.19888e+08 258.228 37.75 815.708
7.0639e+07 6.12021e+08 8.83919e+07 1.06744e+07 12 9 1.0607e+09 99.369 164.222 3261.01
5.4556e+07 7.30043e+08 8.46461e+07 3.24051e+07 13 12 1.1004e+09 33.9575 86 1967.76
1.12959e+08 1.17318e+09 8.76416e+07 7.88877e+07 11 12 9.64058e+08 12.2206 204.25 2361.48
4.67453e+06 7.73824e+08 8.69808e+07 8.88161e+07 2 19 1.73962e+08 1.95867 67.6842 269.357
1.24829e+08 9.89811e+08 8.40921e+07 4.7166e+07 12 13 1.00911e+09 21.3948 38.9231 1789.39
6.31852e+07 9.21785e+08 7.54171e+07 1.32747e+07 9 14 6.78754e+08 51.1315 147.214 1409.76
8.20902e+06 4.79053e+08 8.43291e+07 5.51095e+06 5 17 4.21645e+08 76.5105 89.0588 688.159
2.54556e+09 4.20016e+09 7.83679e+07 2.8356e+06 12 14 9.40415e+08 331.646 101.5 1512.47
3.03599e+06 6.63084e+07 7.38339e+07 529442 5 18 3.69169e+08 697.28 71.1111 592.85
1.99213e+08 8.7233e+08 8.79093e+07 2.15818e+07 16 11 1.40655e+09 65.173 56.7273 2216.4
9.16933e+07 1.05477e+09 7.96858e+07 1.26858e+06 9 16 7.17173e+08 565.336 63.75 920.857
9.88954e+07 1.00929e+09 8.85928e+07 5.34169e+07 11 12 9.74521e+08 18.2437 73.6667 2009.89
2.00608e+08 1.12433e+09 8.73802e+07 2.75543e+07 13 12 1.13594e+09 41.2256 74.25 2011.2
3.78236e+09 3.31369e+09 6.85585e+07 1.61866e+06 17 11 1.1655e+09 720.036 152.727 2550.8
4549.78 90995.7 2.5e+07 90995.7 1 20 2.5e+07 274.738 25.2 101.845
2.38098e+08 1.01624e+09 8.38924e+07 2.35879e+07 15 12 1.25839e+09 53.3488 104.917 2219.38
8.54396e+08 8.54396e+09 2.28035e+07 197670 2 20 4.5607e+07 230.723 28.55 97.405
2.01248e+08 7.41211e+08 7.86513e+07 8.40309e+07 14 9 1.10112e+09 13.1037 78.8889 2779.76
2.86226e+08 7.27067e+08 3.93656e+07 159426 7 16 2.75559e+08 1728.45 131 1214.95
1.62024e+08 8.03235e+08 6.79872e+07 1.28978e+07 15 8 1.01981e+09 79.0684 246 3515.85
1.39845e+09 2.21077e+09 7.08733e+07 4.11711e+07 12 13 8.50479e+08 20.6572 63.6923 1727.01
4.0688e+08 1.25484e+09 7.57697e+07 3.24604e+07 11 10 8.33466e+08 25.6764 273.6 2542.98
2.34273e+08 3.21195e+08 6.70194e+07 6.42469e+06 12 13 8.04233e+08 125.179 135.231 1700.69
5.60804e+08 1.99123e+09 8.53301e+07 4.32458e+07 9 15 7.67971e+08 17.7583 85.7333 1377.14
4.33249e+06 3.61593e+08 8.53035e+07 8.23174e+07 2 19 1.70607e+08 2.07255 46.6316 318.297
4.97554e+08 1.15767e+09 8.62106e+07 4.95985e+06 14 10 1.20695e+09 243.344 338.5 3772.54
1.99636e+06 8.32593e+07 6.54952e+07 229120 3 19 1.96486e+08 857.566 37.6842 293.648
1.42306e+09 2.3428e+09 8.54233e+07 6.69856e+07 12 11 1.02508e+09 15.303 194.182 2601.99
1.2737e+07 3.74928e+08 8.6049e+07 1.91223e+07 6 13 5.16294e+08 26.9995 188.923 1453.29
1.33871e+07 8.37836e+08 8.63818e+07 2.54354e+08 2 19 1.72764e+08 0.679224 77.6842 335.84
7.22067e+07 1.13211e+09 7.7261e+07 4.85967e+06 13 8 1.00439e+09 206.679 91.5 2538.13
1.00108e+08 1.27745e+09 8.39457e+07 1.63966e+07 10 14 8.39457e+08 51.197 121.429 1314.1
3.43832e+09 3.08953e+09 7.49429e+07 4.22824e+06 14 10 1.0492e+09 248.141 89.6 2188.93
1.12976e+09 1.31519e+09 7.66944e+07 9.43114e+07 14 11 1.07372e+09 11.3849 104.909 2236.85
4.82085e+07 1.27632e+09 8.84548e+07 1.35433e+07 11 9 9.73003e+08 71.8439 205.556 3121.34
4.70036e+07 7.87379e+08 6.90395e+07 1.14938e+07 8 14 5.52316e+08 48.0534 173.214 1439.29
2.21077e+09 2.54477e+09 7.51348e+07 1.1761e+06 16 12 1.20216e+09 1022.16 79.6667 2016.64
1.99676e+09 2.48144e+09 7.04952e+07 5.25194e+07 15 10 1.05743e+09 20.134 240 3056.14
154672 1.06141e+07 6.52556e+07 2.93877e+06 2 19 1.30511e+08 44.4101 90.4211 295.68
2.00945e+09 1.90897e+10 2.29233e+07 66935.4 2 19 4.58466e+07 684.938 58.7368 287.014
6.72423e+08 1.93478e+09 8.42718e+07 2.73521e+07 12 14 1.01126e+09 36.972 75.2143 1588.87
1.73689e+07 1.91142e+08 7.62562e+07 2.15899e+06 11 15 8.38818e+08 388.524 75.6 1329.17
6.36788e+07 1.16785e+09 8.62442e+07 1.28769e+08 9 15 7.76198e+08 6.02781 64.4 1267.31
1.7234e+09 3.15034e+09 7.94365e+07 2.17969e+06 11 14 8.73802e+08 400.883 214 2020.37
3.40176e+07 1.17642e+09 8.1483e+07 1.65922e+07 6 17 4.88898e+08 29.4655 136.941 844.15
0 0 0 0 0 0 0 0 0 0
2.16843e+09 2.02551e+09 6.77476e+07 2.19337e+06 15 11 1.01621e+09 463.313 212.909 2913.26
1.89161e+08 1.43484e+09 8.48699e+07 2.3088e+07 14 11 1.18818e+09 51.4631 136.909 2535.13
1.07305e+09 1.77534e+09 7.67449e+07 9.47603e+06 13 9 9.97684e+08 105.285 112 2946.41
7.32476e+07 7.25095e+08 8.13987e+07 1.62839e+06 9 15 7.32588e+08 449.884 60 1121.11
1.16526e+09 1.47164e+09 6.96592e+07 629961 15 10 1.04489e+09 1658.66 109.6 2643.05
1.28467e+08 1.7264e+09 8.89066e+07 8.89484e+07 9 15 8.0016e+08 8.99578 56.4 1187.69
9.37466e+08 1.57775e+09 7.3727e+07 1.46992e+06 16 11 1.17963e+09 802.517 92.7273 2098.59
2.11275e+09 2.45308e+09 6.72831e+07 1.15503e+06 13 13 8.74681e+08 757.279 89.2308 1568.46
1.55915e+09 4.0627e+09 5.34459e+07 637243 7 18 3.74121e+08 587.094 32.2778 507.826
2.83427e+08 1.68562e+09 8.5566e+07 2.22361e+08 14 11 1.19792e+09 5.38729 58.5455 2134.49
6.38086e+07 6.82987e+08 8.43565e+07 1.18116e+07 7 15 5.90495e+08 49.9928 61.6 1183.72
6.97576e+09 4.92278e+09 6.23056e+07 2.45104e+06 15 9 9.34585e+08 381.301 102 2752.55
4.44715e+07 1.25559e+09 8.1254e+07 1.71314e+07 10 10 8.1254e+08 47.4299 202 2297.36
2.52679e+09 3.4318e+09 8.48186e+07 2.20929e+08 14 11 1.18746e+09 5.37485 354.182 3775.06
1.8893e+08 1.41766e+09 8.95797e+07 8.05621e+06 13 10 1.16454e+09 144.551 146.4 2261.03
1.30818e+08 9.94613e+08 9.25186e+07 1.37388e+08 12 11 1.11022e+09 8.08095 268.909 2936.1
6.8197e+08 1.56748e+09 7.39457e+07 2.45492e+06 15 12 1.10919e+09 451.822 196.667 2132.86
4.27303e+06 4.76389e+07 7.04872e+07 4.9882e+06 6 17 4.22923e+08 84.7848 57.5294 727.025
1.55881e+08 1.2399e+09 7.14514e+07 4.76608e+06 7 16 5.0016e+08 104.942 148.438 1107.75
1.43686e+08 1.26225e+09 6.10224e+07 5.6675e+06 10 13 6.10224e+08 107.671 90.3077 1521.8
1.18471e+08 1.55889e+09 8.6262e+07 8.77057e+07 11 13 9.48882e+08 10.8189 180.923 1750.74
3.56216e+07 8.75008e+08 8.49641e+07 1.45609e+08 4 18 3.39856e+08 2.33403 50.5 489.28
3.43785e+08 1.52658e+09 8.20288e+07 4.63158e+07 11 13 9.02316e+08 19.4818 52.7692 1584.45
2.94237e+07 8.96245e+08 6.54092e+07 1.93799e+06 13 14 8.50319e+08 438.764 120.929 1810.66
1.4779e+06 9.98201e+07 8.67812e+07 2.80801e+07 2 19 1.73562e+08 6.18097 28.6316 323.184
1.142e+09 3.00146e+09 6.96785e+07 5.60643e+07 8 16 5.57428e+08 9.94266 74.9375 911.898
3.145e+07 6.2265e+08 6.8699e+07 247537 9 16 6.18291e+08 2497.77 69.75 1043.21
3.20442e+07 1.10516e+09 8.65415e+07 3.57899e+07 6 17 5.19249e+08 14.5083 45.5294 742.474
2.76354e+08 9.16492e+08 8.90362e+07 4.44362e+07 15 10 1.33554e+09 30.0553 50.9 2322.7
2.34406e+08 1.8564e+09 9.30055e+07 8.76375e+07 14 12 1.30208e+09 14.8575 161.667 2606.91
0 0 0 0 0 0 0 0 0 0
1.68759e+07 1.02322e+09 8.76997e+07 3.20642e+08 2 19 1.75399e+08 0.547025 42.1053 303.054
2.35816e+07 3.3809e+08 8.66114e+07 2.08032e+07 8 15 6.92891e+08 33.307 70.4 1109.07
2.91878e+08 1.60618e+09 9.07703e+07 1.64577e+07 18 10 1.63387e+09 99.2767 74 2887.96
274443 1.74398e+07 8.38259e+07 5.21441e+06 2 19 1.67652e+08 32.1516 52.4211 299.471
1.2909e+09 1.36709e+09 8.3573e+07 6.283e+07 15 9 1.25359e+09 19.9522 143.556 3073.82
2.79709e+09 2.66075e+09 6.04686e+07 601891 15 11 9.07029e+08 1506.97 132.545 2817.46
4.2089e+16 0 5.4393e+07 4.6026e+14 16 11 8.70288e+08 1.89086e-06 102.909 2614.83
9.00091e+07 1.51506e+09 7.04073e+07 665867 14 10 9.85703e+08 1480.33 223.6 2462.18
3.05688e+07 4.9521e+08 7.15256e+07 1.93029e+06 8 11 5.72204e+08 296.435 94.5455 1718.94
1.05556e+08 1.82153e+09 9.06949e+07 1.42984e+08 6 17 5.44169e+08 3.80582 47.7647 803.023
7.02312e+08 1.57737e+09 7.53932e+07 1.87991e+06 13 11 9.80112e+08 521.362 208.182 2761.79
2.52852e+09 2.73944e+09 7.39788e+07 1.8776e+06 14 9 1.0357e+09 551.611 141.556 3109.38
2.0746e+08 1.44389e+09 8.71063e+07 4.49778e+07 14 12 1.21949e+09 27.1131 232.917 2708.69
5.7916e+07 1.13248e+09 8.56801e+07 2.64379e+08 7 16 5.9976e+08 2.26857 139.75 1073.92
3.55354e+09 3.36582e+09 7.38247e+07 5.03674e+06 14 12 1.03355e+09 205.201 148.917 2545.37
1.01169e+08 8.41271e+08 8.35783e+07 5.002e+07 15 10 1.25367e+09 25.0635 40.1 2004.06
4.07308e+07 8.67663e+08 6.59744e+07 1.40994e+06 10 15 6.59744e+08 467.923 70.9333 1400.68
7.3644e+07 8.9328e+08 6.15929e+07 1.32259e+07 7 17 4.3115e+08 32.599 123.882 768.38
50511.7 1.54895e+07 3.9345e+07 339166 5 18 1.96725e+08 580.026 40.5 487.39
7.94086e+07 5.80748e+08 8.44031e+07 5.43408e+07 11 14 9.28435e+08 17.0854 37.5 1516.86
25138.1 251381 2.5e+07 65290.9 2 20 5e+07 765.804 50.95 130.325
1.14519e+09 1.72439e+09 8.21832e+07 1.72356e+08 15 12 1.23275e+09 7.15235 98.25 2204.11
3.16798e+09 2.69384e+09 7.75071e+07 1.46616e+06 18 12 1.39513e+09 951.551 71.6667 2335.34
2.87329e+07 1.24726e+09 8.66014e+07 1.70852e+08 4 18 3.46406e+08 2.02752 42 496.853
1.92779e+08 1.9904e+09 8.66541e+07 5.73685e+07 11 13 9.53195e+08 16.6153 73.0769 1713.01
0 0 0 0 0 0 0 0 0 0
1.83641e+06 1.62127e+07 6.94688e+07 4.43034e+06 4 16 2.77875e+08 62.721 17.75 526.748
5.40644e+07 7.74896e+08 8.74144e+07 1.93068e+07 7 16 6.11901e+08 31.6935 91.75 1018.9
1.98403e+07 1.01362e+09 8.24015e+07 3.57125e+08 3 18 2.47204e+08 0.692208 87.6111 474.032
1.58523e+08 1.6738e+09 7.37656e+07 8.17508e+06 11 13 8.11422e+08 99.2555 54.7692 1530.96
1.26592e+09 2.86877e+09 7.00379e+07 1.24484e+07 8 16 5.60304e+08 45.0101 42.9375 869.407
5.0121e+07 1.19595e+09 8.52336e+07 2.2037e+07 8 13 6.81869e+08 30.942 73.0769 1378.85
4.2493e+08 1.27899e+09 8.45048e+07 1.04841e+07 12 14 1.01406e+09 96.7235 97.7143 1677.6
4.28493e+09 7.53826e+09 4.81829e+07 719873 8 14 3.85463e+08 535.46 98.8571 1358.42
6.98261e+08 2.04738e+09 8.00106e+07 9.25306e+06 15 10 1.20016e+09 129.704 218.4 3339.32
4.22394e+08 1.31914e+09 7.81036e+07 9.61104e+06 14 12 1.09345e+09 113.77 168.917 1988.01
6.83474e+07 6.7971e+08 7.03602e+07 950372 11 13 7.73962e+08 814.378 154.769 1804.81
6.99675e+07 2.03789e+09 6.89617e+07 7.14126e+06 10 13 6.89617e+08 96.568 110.769 1674.95
1.56805e+08 1.09873e+09 7.1031e+07 2.097e+06 13 12 9.23403e+08 440.344 188.667 2260.32
2.93917e+09 3.00814e+09 6.70005e+07 3.57895e+06 13 11 8.71006e+08 243.369 120.545 2211.14
1.50361e+09 1.6342e+09 6.97391e+07 1.71268e+06 15 13 1.04609e+09 610.789 158.308 2078.96
2.4737e+08 1.44114e+09 8.65964e+07 1.9712e+08 16 10 1.38554e+09 7.02895 84.4 2641.43
1.11073e+08 1.20665e+09 8.53404e+07 2.70742e+07 13 14 1.10942e+09 40.9772 120.857 1952.9
1.59387e+09 2.44357e+09 6.59236e+07 486159 11 14 7.2516e+08 1491.61 83.7143 1618.52
1.27562e+07 2.05286e+08 7.55021e+07 688243 7 17 5.28514e+08 767.918 26.2353 710.804
1.00914e+09 4.81246e+09 5.47125e+07 1.99139e+06 4 19 2.1885e+08 109.898 74.6316 322.905
2.56769e+09 2.80199e+09 7.54165e+07 6.55939e+06 14 11 1.05583e+09 160.965 170.182 2270.82
2.44445e+09 2.7342e+09 6.31589e+07 1.77391e+06 12 12 7.57907e+08 427.253 106.25 1818.89
918091 2.86929e+08 5.69808e+07 490798 5 18 2.84904e+08 580.492 50.2778 411.32
6.38748e+07 1.25366e+09 8.2953e+07 3.37631e+07 7 11 5.80671e+08 17.1984 132.545 1712.57
3.10047e+07 2.9414e+08 8.65256e+07 1.24955e+07 10 13 8.65256e+08 69.2454 311.231 2183.4
6.01346e+07 1.16188e+09 9.09744e+07 3.6832e+08 5 16 4.54872e+08 1.23499 81.75 871.919
1.3234e+08 1.09483e+09 8.47901e+07 2.16692e+07 14 12 1.18706e+09 54.7811 127 2356.06
1.04867e+08 1.46943e+09 8.20687e+07 3.95557e+07 16 10 1.3131e+09 33.1962 225.6 3345.04
3.42246e+08 9.92617e+08 8.50929e+07 1.39807e+08 11 10 9.36022e+08 6.69508 146.5 2805.68
2.48032e+07 5.55349e+08 7.55192e+07 7.60846e+06 6 17 4.53115e+08 59.5541 88.4706 861.884
3537.97 35379.7 2.5e+07 32625.7 2 20 5e+07 1532.53 59.2 102.917
9.95769e+07 7.80033e+08 7.03408e+07 1.16482e+08 9 14 6.33067e+08 5.4349 64.3571 1138.89
3.22682e+08 1.35676e+09 8.64483e+07 1.14604e+08 15 8 1.29673e+09 11.3148 97.875 3262.24
2.67752e+07 9.90943e+08 7.28701e+07 392198 6 17 4.3722e+08 1114.8 77.7647 676.638
8.15055e+07 1.08367e+09 8.68566e+07 8.35336e+07 9 11 7.81709e+08 9.35802 152.727 2368.36
2.76531e+09 4.35049e+09 4.82073e+07 452028 9 14 4.33866e+08 959.821 67.5 1245.2
6.44761e+08 1.41401e+09 7.74494e+07 1.16103e+07 12 13 9.29393e+08 80.0489 143.692 1774.47
6.88278e+07 9.07276e+08 8.39395e+07 4.94816e+07 13 9 1.09121e+09 22.0529 100.889 2563.59
5.68068e+07 1.07774e+09 8.62287e+07 2.62544e+07 12 13 1.03474e+09 39.4122 95.6923 1753.41
0 0 0 0 0 0 0 0 0 0
2.93269e+08 1.92283e+09 9.47899e+07 5.34598e+07 13 9 1.23227e+09 23.0504 100.222 3238.48
2.18017e+09 5.02927e+09 5.84764e+07 3.21452e+06 8 16 4.67812e+08 145.531 37.75 834.848
0 0 0 0 0 0 0 0 0 0
1.09076e+08 1.31308e+09 8.11356e+07 1.75502e+07 11 10 8.92492e+08 50.8535 84 2141.43
3.00075e+08 1.09509e+09 7.32268e+07 9.96929e+06 5 18 3.66134e+08 36.7262 46.4444 495.535
1.54107e+09 1.23064e+09 8.05201e+07 6.54043e+07 18 8 1.44936e+09 22.16 170 3515.6
1.12335e+08 1.50571e+09 8.05023e+07 2.19555e+07 9 11 7.24521e+08 32.9995 139.636 2385.03
5.42987e+07 1.02816e+09 9.03355e+07 3.27614e+07 6 17 5.42013e+08 16.5442 72.9412 852.098
4.63108e+09 3.83359e+09 7.46191e+07 713886 13 8 9.70048e+08 1358.83 157.875 3211.06
5.55261e+07 9.13971e+08 7.84678e+07 1.25079e+06 12 12 9.41613e+08 752.812 114.667 2419.31
3.24837e+06 1.84237e+08 8.42252e+07 6.17191e+07 2 19 1.6845e+08 2.72931 36.6316 340.361
1.27543e+09 2.57253e+09 5.46026e+07 581426 8 15 4.36821e+08 751.293 64.9333 965.076
5.05991e+07 7.82651e+08 8.52008e+07 1.17269e+08 7 16 5.96406e+08 5.08577 67 1006.39
1.33964e+08 1.16975e+09 8.50566e+07 1.66258e+06 11 13 9.35623e+08 562.754 115.692 1691.36
2.31393e+08 1.5542e+09 8.56858e+07 8.48958e+07 14 8 1.1996e+09 14.1303 152.875 3194.64
1.22347e+09 2.595e+09 8.13232e+07 5.94922e+07 12 13 9.75879e+08 16.4035 124.923 1917.48
3.90409e+07 4.6809e+08 8.85871e+07 6.42377e+07 9 13 7.97284e+08 12.4115 148 1933.98
1.36438e+09 8.67777e+09 6.42173e+07 3.72719e+07 3 19 1.92652e+08 5.16882 47.6842 280.22
5.43653e+07 1.0517e+09 9.0229e+07 2.28388e+08 6 17 5.41374e+08 2.37041 56.4706 773.301
9.75918e+08 2.02207e+09 8.00836e+07 1.98526e+07 17 11 1.36142e+09 68.5763 130.182 2623.22
1.27118e+08 1.65868e+09 8.72524e+07 1.39039e+08 10 15 8.72524e+08 6.27539 58.4 1277.31
8.08091e+08 1.86112e+09 8.38943e+07 8.72112e+07 14 11 1.17452e+09 13.4676 88.1818 2268.12
1.65908e+12 0 1.25e+07 2.82044e+13 2 17 2.5e+07 8.86387e-07 40.2353 560.837
1.19469e+08 1.03091e+09 7.41321e+07 6.45107e+06 15 8 1.11198e+09 172.371 193.5 3500.64
2.19085e+18 0 2.31896e+07 1.49039e+17 12 9 2.78275e+08 1.86713e-09 152.222 2882.63
1.80546e+09 3.61093e+10 2.0607e+07 3.61093e+10 1 20 2.0607e+07 0.000570685 46.55 108.821
2.16501e+07 3.88802e+08 8.59824e+07 8.40857e+07 6 17 5.15895e+08 6.13534 41.8824 723.499
1.79801e+09 2.11816e+09 6.47421e+07 978977 14 11 9.0639e+08 925.854 170.909 2909.16
171160 5.48804e+06 6.51491e+07 199005 3 19 1.95447e+08 982.124 66.7368 310.335
1.67309e+09 4.10682e+09 7.9005e+07 1.76014e+08 7 14 5.53035e+08 3.142 172.857 1578.5
1.26465e+08 1.70273e+09 8.88978e+07 2.45452e+07 11 9 9.77875e+08 39.8398 232 3410.04
1.24247e+08 1.33467e+09 7.67971e+07 2.56872e+07 10 14 7.67971e+08 29.897 80.9286 1285.26
1.53757e+08 1.39144e+09 9.19409e+07 1.48037e+07 10 12 9.19409e+08 62.1067 116 1978.67
1.10194e+08 1.44627e+09 8.8728e+07 3.37518e+08 8 16 7.09824e+08 2.10307 71 1124.07
2.35515e+07 4.10197e+08 8.53301e+07 2.21311e+07 6 17 5.11981e+08 23.134 48.4706 739.781
1.52236e+08 1.36858e+09 8.05911e+07 4.6021e+07 11 14 8.86502e+08 19.263 71.2143 1516.74
6.74203e+07 1.23322e+09 8.70527e+07 5.40704e+07 10 15 8.70527e+08 16.0999 80.4 1300.12
453751 2.36377e+07 8.54233e+07 8.62128e+06 2 19 1.70847e+08 19.8169 34.7368 310.366
2.72509e+07 4.4198e+08 7.56504e+07 4.95432e+06 7 17 5.29553e+08 106.887 27.8824 692.255
0 0 0 0 0 0 0 0 0 0
1.48681e+07 7.7128e+08 5.3115e+07 1.24167e+06 4 16 2.1246e+08 171.108 62.9375 721.032
8.63314e+13 0 2.01777e+07 1.99466e+14 8 15 1.61422e+08 8.09269e-07 95.3333 1516.17
9.8402e+07 1.23784e+09 8.29146e+07 3.11058e+07 11 14 9.12061e+08 29.3213 162.857 1807.47
2.31625e+08 1.68109e+09 8.30564e+07 5.32574e+07 15 8 1.24585e+09 23.3929 221.5 3502.63
2.73217e+07 5.70818e+08 8.53534e+07 8.69743e+06 8 14 6.82827e+08 78.5091 73.5 2119.58
8.52321e+08 1.48478e+09 8.01346e+07 5.67976e+07 14 9 1.12188e+09 19.7523 78.2222 2678.69
2.97006e+09 3.28881e+09 8.26432e+07 1.53487e+07 13 9 1.07436e+09 69.9971 134.222 2966.05
0 0 0 0 0 0 0 0 0 0
2.13312e+08 1.01326e+09 9.08147e+07 4.91544e+07 16 11 1.45304e+09 29.5607 118.182 2559.98
5.03469e+07 9.9895e+08 7.82748e+07 5.8542e+06 6 17 4.69649e+08 80.2242 74.9412 849.786
2.57685e+12 0 1.25e+07 3.86528e+13 6 15 7.5e+07 1.94035e-06 53.3333 1063.3
4.46852e+07 3.87141e+08 8.18254e+07 1.22811e+08 11 12 9.0008e+08 7.32899 110.917 1917.99
4.7756e+08 1.27674e+09 8.12129e+07 1.59624e+07 14 11 1.13698e+09 71.2287 160 2551.59
2.58459e+09 3.64963e+09 6.95128e+07 863707 10 13 6.95128e+08 804.819 74.7692 1785.18
2.19725e+09 2.75907e+09 7.26438e+07 2.40868e+06 12 13 8.71725e+08 361.91 46.9231 1313.21
7.40717e+07 6.03663e+08 7.03674e+07 1.46205e+06 14 12 9.85144e+08 673.809 36.9167 1828.9
2.48869e+09 4.41743e+09 8.14137e+07 8.13978e+07 10 12 8.14137e+08 10.002 124.667 2330.16
4.28589e+07 8.39858e+08 8.64217e+07 1.12404e+07 9 13 7.77796e+08 69.1963 116.769 1853.62
6.39831e+06 6.57828e+08 6.63738e+07 330670 4 18 2.65495e+08 802.901 79.7778 494.904
2.66787e+07 5.57682e+08 7.92732e+07 9.81569e+06 6 17 4.75639e+08 48.457 37.5294 737.349
1.04797e+06 6.4179e+07 8.3107e+07 1.99114e+07 2 19 1.66214e+08 8.34769 77.6842 350.158
8.28353e+08 1.66646e+09 7.78355e+07 4.66658e+07 10 14 7.78355e+08 16.6793 73.5 1335.95
3.31718e+09 4.05138e+09 8.11356e+07 2.37665e+08 11 12 8.92492e+08 3.75525 83 2081.82
6.50513e+06 4.87514e+08 7.27037e+07 5.23608e+06 8 15 5.81629e+08 111.081 71.6 1003.26
2.00144e+08 1.22592e+09 7.48403e+07 2.15002e+06 14 12 1.04776e+09 487.327 120.25 2137.21
1.1875e+08 9.03977e+08 8.46432e+07 8.19174e+06 15 8 1.26965e+09 154.991 195.5 3687.72
2.18715e+09 2.45695e+09 8.05611e+07 1.21894e+08 16 12 1.28898e+09 10.5746 188.667 2555.42
1.4553e+09 1.76917e+09 6.5784e+07 676398 13 13 8.55192e+08 1264.33 59.2308 1735.84
