1.19861e+08 1.26324e+09 9.36701e+07 4.38716e+06 8 7 7.49361e+08 170.808 257.714 115918
3.29111e+18 0 8.40378e+07 2.05674e+17 13 9 1.09249e+09 5.31177e-09 62 2685.75
1.52596e+08 9.87266e+08 8.67583e+07 7.50161e+07 14 6 1.21462e+09 16.1914 118 3888.93
2.50891e+08 1.79174e+09 8.89715e+07 2.78381e+08 13 9 1.15663e+09 4.15485 246.222 3394.63
8.45114e+09 4.95402e+09 6.60443e+07 2.40136e+06 16 8 1.05671e+09 440.046 122.875 2871.65
3.39022e+09 2.93136e+09 8.1611e+07 3.58169e+07 13 6 1.06094e+09 29.6213 248.833 4871.44
1.055e+08 1.13166e+09 8.69109e+07 3.34281e+07 16 5 1.39058e+09 41.599 18.8 4265.29
2.29245e+09 2.02889e+09 7.03035e+07 5.50793e+06 15 8 1.05455e+09 191.461 75.5 2619.01
1.18022e+08 1.06433e+09 8.69649e+07 4.32558e+07 10 7 8.69649e+08 20.1048 333.714 5549.95
7.75601e+08 1.75107e+09 7.78804e+07 1.41234e+07 16 7 1.24609e+09 88.2287 155.429 3946.92
3.20763e+08 1.43369e+09 8.29819e+07 1.97669e+08 15 5 1.24473e+09 6.29702 158 5462.81
1.88896e+09 1.78494e+09 8.33387e+07 1.14623e+07 15 7 1.25008e+09 109.06 219.429 3933.74
2.58871e+07 6.48289e+08 8.7733e+07 1.23025e+07 12 7 1.0528e+09 85.5758 331.714 15503.4
4.3109e+09 3.41303e+09 7.15655e+07 1.90325e+07 16 7 1.14505e+09 60.1626 121.429 3862.59
3.03526e+08 1.24727e+09 9.03859e+07 3.90754e+07 19 9 1.71733e+09 43.9492 138.222 3773.04
1.81309e+08 1.67384e+09 8.27704e+07 7.37332e+06 14 6 1.15879e+09 157.159 157.5 3705.82
1.49083e+08 1.3016e+09 7.91248e+07 1.91864e+07 14 7 1.10775e+09 57.7362 207.429 4685.89
2.12373e+08 1.3945e+09 8.75728e+07 9.89121e+07 17 6 1.48874e+09 15.0511 204.833 5697.7
3.66134e+08 1.44411e+09 8.66853e+07 3.81441e+07 20 8 1.73371e+09 45.4515 82 3501.03
1.63888e+08 1.04723e+09 9.02613e+07 7.0395e+07 14 8 1.26366e+09 17.951 239.5 3837.23
1.84186e+08 1.42769e+09 8.23368e+07 7.14027e+06 14 9 1.15272e+09 161.439 74 2715.71
2.1602e+08 1.98665e+09 7.87939e+07 1.52564e+07 14 9 1.10312e+09 72.3052 160 2855.36
2.42581e+09 2.41462e+09 7.45255e+07 6.98879e+07 17 8 1.26693e+09 18.1281 227.5 3658.55
2.83728e+08 1.30778e+09 8.86353e+07 1.66858e+08 14 6 1.24089e+09 7.43681 221.333 5740.21
2.17645e+08 1.43279e+09 8.88778e+07 1.19181e+08 16 7 1.42204e+09 11.9318 124.857 3991.04
3.18186e+08 1.65536e+09 8.73618e+07 1.13176e+07 13 6 1.1357e+09 100.349 225.333 4723.59
6.96621e+07 9.9989e+08 8.37913e+07 4.42882e+07 15 8 1.25687e+09 28.3793 146.875 3611.42
3.35874e+08 2.70246e+09 8.41321e+07 1.89462e+08 15 6 1.26198e+09 6.66087 83.3333 4193.03
2.9812e+16 0 4.71922e+07 4.49065e+14 13 8 6.13498e+08 1.36617e-06 119.5 3561.91
1.8711e+08 1.23762e+09 8.71406e+07 4.58751e+07 17 7 1.48139e+09 32.2918 131.714 3791.85
8.44442e+08 2.07562e+09 9.02206e+07 1.95078e+08 16 8 1.44353e+09 7.39976 108.875 3362.6
4.07322e+08 1.58766e+09 9.17275e+07 1.0183e+08 14 8 1.28419e+09 12.611 120.875 3249.9
3.44371e+08 1.21782e+09 8.30425e+07 2.61998e+07 13 5 1.07955e+09 41.2046 153.2 5699.66
2.12486e+08 1.17316e+09 7.8951e+07 6.61803e+06 15 7 1.18427e+09 178.945 134 3811.43
1.57345e+08 1.66544e+09 8.27783e+07 3.45784e+06 13 6 1.07612e+09 311.211 83.5 4304.89
1.2925e+08 1.30684e+09 8.87713e+07 1.63027e+08 12 7 1.06526e+09 6.53422 163.714 3858.73
6.19102e+07 1.30069e+09 7.91534e+07 1.64002e+07 14 6 1.10815e+09 67.5693 127.333 4210.72
9.14602e+08 1.20119e+09 8.21029e+07 1.29728e+07 14 7 1.14944e+09 88.6038 290.857 5014.92
3.65756e+08 1.14671e+09 7.6665e+07 1.60389e+08 13 6 9.96645e+08 6.21391 194.833 13217.2
2.15334e+08 1.05579e+09 8.81732e+07 2.77255e+07 14 7 1.23442e+09 44.5231 337.429 5924.25
4.49169e+08 1.19681e+09 8.32668e+07 3.34183e+08 16 5 1.33227e+09 3.98664 88.8 5282.4
1.28186e+08 5.55659e+08 8.41747e+07 1.79547e+07 15 9 1.26262e+09 70.3227 184 3236.26
1.88522e+08 1.36169e+09 8.71037e+07 1.47257e+08 13 9 1.13235e+09 7.68961 188.889 3224.45
4.92246e+09 3.86602e+09 8.21353e+07 6.09477e+07 12 6 9.85623e+08 16.1716 140.833 4542.75
4.14841e+08 1.84067e+09 8.74131e+07 1.12824e+08 17 6 1.48602e+09 13.1712 54.8333 3853.77
2.05965e+08 1.07043e+09 9.13472e+07 2.89955e+07 18 9 1.64425e+09 56.7071 72 3229.05
1.1853e+08 1.0279e+09 8.24281e+07 6.36597e+06 13 9 1.07157e+09 168.327 84 2532.15
2.58631e+08 1.46913e+09 9.00378e+07 1.11556e+08 11 5 9.90415e+08 8.87822 134.8 6215.17
1.07585e+09 1.9159e+09 8.49656e+07 9.77461e+06 13 8 1.10455e+09 113.002 297.5 4146.4
3.52872e+08 2.01015e+09 8.21236e+07 4.47496e+07 16 6 1.31398e+09 29.3629 123.333 4154.18
3.65954e+08 2.64529e+09 8.38904e+07 3.15233e+08 13 6 1.09058e+09 3.45959 176.833 5211.78
7.25575e+07 9.7193e+08 8.64445e+07 9.06012e+06 14 5 1.21022e+09 133.577 261.2 5819.33
2.48807e+08 1.68528e+09 8.71356e+07 6.51794e+06 16 6 1.39417e+09 213.897 89.5 4192.35
5.45807e+09 4.9193e+09 7.85771e+07 2.60532e+08 14 9 1.10008e+09 4.22244 196 2860.25
1.01425e+08 1.05801e+09 8.43051e+07 1.80568e+07 16 5 1.34888e+09 74.7023 136 4600
9.29627e+07 8.72242e+08 7.6884e+07 7.53002e+06 17 6 1.30703e+09 173.576 250.833 5256.22
1.23902e+08 9.76185e+08 9.4605e+07 4.49106e+07 11 6 1.04065e+09 23.1717 94.8333 3836.21
5.76955e+07 1.35824e+09 7.72241e+07 3.71281e+07 13 5 1.00391e+09 27.0392 508.8 7098.19
2.01808e+08 1.22147e+09 8.72204e+07 4.11295e+07 14 6 1.22109e+09 29.6888 149.5 3919.65
1.88421e+08 9.44349e+08 7.47542e+07 1.98004e+07 13 7 9.71805e+08 49.0801 135.429 12428.9
4.13314e+08 1.59181e+09 8.75105e+07 3.98155e+07 19 8 1.6627e+09 41.7601 109.5 3417.67
2.9961e+08 1.52374e+09 8.39058e+07 5.41285e+07 18 7 1.5103e+09 27.9022 112.857 3901.42
2.52528e+08 1.34192e+09 9.11456e+07 1.20779e+08 14 6 1.27604e+09 10.5651 99.3333 4498.15
2.87113e+08 1.91812e+09 9.21725e+07 1.76689e+08 14 10 1.29042e+09 7.3033 144.1 2810.97
1.50127e+09 2.56319e+09 7.29553e+07 3.03743e+06 15 6 1.09433e+09 360.282 161.333 4359.02
6.69733e+07 8.92137e+08 8.50578e+07 8.09689e+06 13 5 1.10575e+09 136.565 164.8 4988.77
1.35028e+08 1.05876e+09 9.29446e+07 4.30729e+07 12 10 1.11534e+09 25.8941 215.6 2905.89
9.64829e+08 1.72963e+09 8.36562e+07 1.78502e+08 16 7 1.3385e+09 7.49849 191.429 4091.74
2.28008e+08 1.87188e+09 9.28229e+07 1.91799e+08 14 10 1.29952e+09 6.77544 75.6 2585.61
4.4233e+08 1.61176e+09 8.08166e+07 4.12909e+06 17 7 1.37388e+09 332.733 81.7143 3406.08
4.48453e+09 2.84369e+09 8.58989e+07 7.52187e+07 11 6 9.44888e+08 12.5619 109.333 3513.26
1.14334e+09 2.1171e+09 8.03365e+07 7.1802e+08 16 8 1.28538e+09 1.79018 184 3093.25
3.81631e+08 2.51191e+09 8.58946e+07 5.06623e+06 15 6 1.28842e+09 254.315 187.333 4657.32
1.43229e+09 2.01245e+09 7.52476e+07 1.87418e+08 10 6 7.52476e+08 4.01496 322 13168.4
2.9619e+08 1.27848e+09 8.71655e+07 2.92331e+07 16 7 1.39465e+09 47.7078 250.857 5437.56
3.38075e+08 1.62976e+09 8.6257e+07 1.10569e+08 16 7 1.38011e+09 12.4819 183.429 4203.83
1.35597e+08 1.5658e+09 8.053e+07 2.7311e+07 17 8 1.36901e+09 50.1267 118.875 3432.31
1.42871e+09 2.25601e+09 8.1514e+07 1.84248e+08 18 7 1.46725e+09 7.96348 139.429 4083.03
1.43492e+08 1.1555e+09 8.43717e+07 1.78691e+08 15 7 1.26558e+09 7.08247 157.429 4347.93
1.29555e+09 2.20471e+09 7.3767e+07 3.98985e+08 16 7 1.18027e+09 2.95818 358.857 4565.13
4.97227e+08 1.33251e+09 8.09159e+07 8.44914e+07 15 8 1.21374e+09 14.3652 180.875 3502.39
1.1585e+09 2.42141e+09 7.64288e+07 5.68752e+06 18 7 1.37572e+09 241.884 197.429 4487.88
5.42887e+09 4.94167e+09 8.3107e+07 2.98048e+07 10 7 8.3107e+08 27.8838 281.429 5804.78
2.16753e+08 1.11007e+09 8.79543e+07 4.06935e+06 16 7 1.40727e+09 345.822 133.714 4001.77
9.58846e+08 1.52388e+09 7.6665e+07 3.9029e+06 13 8 9.96645e+08 255.36 125.875 2963.11
3.4923e+08 1.60186e+09 8.89307e+07 3.84118e+07 17 10 1.51182e+09 39.3582 90 3537.13
2.60533e+08 1.39981e+09 8.73003e+07 5.7135e+07 13 7 1.1349e+09 19.8635 260.857 4513.52
5.20882e+07 1.05353e+09 6.83307e+07 4.05069e+07 12 7 8.19968e+08 20.2427 376.857 4852.57
3.99012e+08 1.2076e+09 7.77626e+07 6.22159e+07 17 7 1.32196e+09 21.248 290 4561.28
3.22196e+16 0 3.87196e+07 3.78817e+15 13 9 5.03355e+08 1.32875e-07 158.889 2961.9
3.8032e+08 1.15494e+09 8.41603e+07 9.96599e+06 16 6 1.34657e+09 135.116 90.8333 4052.01
1.06713e+08 8.48522e+08 8.14881e+07 3.05422e+06 13 9 1.05935e+09 346.847 190.222 2742.31
1.55625e+08 9.63452e+08 9.01757e+07 1.99518e+07 11 6 9.91933e+08 49.7164 211.333 5291.65
2.90812e+09 2.45262e+09 8.15296e+07 9.83894e+06 16 6 1.30447e+09 132.583 251.333 4650.59
2.71108e+08 1.65587e+09 8.80841e+07 5.30407e+07 16 7 1.40935e+09 26.571 77.7143 4219.57
2.90509e+08 7.05781e+08 8.94356e+07 7.48754e+07 15 6 1.34153e+09 17.9169 178.833 5685.12
3.91472e+09 3.93551e+09 8.38781e+07 2.86382e+08 13 9 1.09042e+09 3.80755 79.5556 2805.22
3.71597e+09 4.05871e+09 7.51162e+07 2.14274e+08 11 9 8.26278e+08 3.85618 242.889 3276.19
4.10848e+09 3.26302e+09 7.52396e+07 4.81362e+06 15 6 1.12859e+09 234.458 120 4470.66
6.95853e+09 6.21792e+09 7.6877e+07 2.15245e+07 12 9 9.22524e+08 42.8593 144.889 2793.15
2.72776e+08 1.85987e+09 7.86581e+07 2.06596e+07 15 5 1.17987e+09 57.1101 92.8 4882.84
4.1505e+08 1.46562e+09 7.95927e+07 1.37002e+07 18 9 1.43267e+09 104.572 119.556 3376.55
2.1756e+09 1.51943e+09 8.48357e+07 3.9075e+06 14 7 1.1877e+09 303.954 207.714 4402.84
2.93382e+09 2.67222e+09 6.42545e+07 328817 15 10 9.63818e+08 2931.17 96.4 2514.38
1.5931e+08 1.57461e+09 7.55534e+07 4.55817e+06 14 7 1.05775e+09 232.056 152.857 3683.48
5.79297e+09 3.45724e+09 7.50399e+07 2.43764e+07 14 7 1.05056e+09 43.0974 117.714 3277.44
2.10266e+08 9.41264e+08 8.12015e+07 6.21303e+07 14 5 1.13682e+09 18.2974 111.2 5377.79
1.88519e+08 1.81882e+09 8.45847e+07 1.10649e+07 14 6 1.18419e+09 107.022 124 3520.61
8.70722e+07 1.02637e+09 8.86182e+07 137866 14 8 1.24065e+09 8999.02 184 3500.09
3.12199e+08 1.72325e+09 8.90575e+07 1.64042e+08 14 6 1.24681e+09 7.60053 161.5 4760.86
1.56837e+08 1.60698e+09 9.23163e+07 1.04952e+08 15 8 1.38474e+09 13.1941 103.5 3467.86
1.11612e+08 1.2437e+09 7.50266e+07 3.77337e+07 15 7 1.1254e+09 29.8248 169.714 4179.96
2.5211e+08 1.16421e+09 8.86821e+07 1.7119e+07 20 9 1.77364e+09 103.607 110 3783.61
3.52959e+08 1.61823e+09 8.56579e+07 9.51124e+07 16 8 1.37053e+09 14.4096 222.875 4111.87
9.4465e+07 1.58906e+09 7.76187e+07 5.82276e+06 14 7 1.08666e+09 186.623 79.7143 3108.36
1.71831e+08 1.28534e+09 8.60271e+07 4.70655e+07 17 8 1.46246e+09 31.0729 154.875 3928.06
2.13291e+08 1.58379e+09 8.2336e+07 2.20644e+07 13 5 1.07037e+09 48.5111 197.2 5077.98
4.47999e+08 1.47541e+09 8.94089e+07 3.84703e+08 15 6 1.34113e+09 3.48615 173.333 4808.12
4.5191e+09 3.36575e+09 6.7524e+07 1.00686e+07 15 9 1.01286e+09 100.596 246 3330.58
1.92203e+08 7.74413e+08 8.0631e+07 9.6285e+07 14 6 1.12883e+09 11.7239 214.833 4901.53
2.73016e+08 1.22905e+09 8.56042e+07 8.38397e+07 17 8 1.45527e+09 17.3578 114 3427.84
2.72039e+08 1.79845e+09 8.51704e+07 6.44939e+07 15 6 1.27756e+09 19.8089 104.833 3745.04
1.63315e+18 0 2.69968e+07 1.13523e+15 11 9 2.96965e+08 2.6159e-07 148 2885.66
4.94801e+07 2.33262e+09 8.87114e+07 7.96538e+06 12 6 1.06454e+09 133.645 162.833 4379.03
3.45338e+08 1.69826e+09 8.41603e+07 2.19825e+08 16 6 1.34657e+09 6.12562 264 5453.54
3.24891e+08 1.54e+09 8.77673e+07 6.41586e+07 13 6 1.14097e+09 17.7836 154.833 4772.41
2.40017e+08 1.27194e+09 8.90725e+07 4.96074e+07 16 7 1.42516e+09 28.7288 200.857 4736.9
3.00417e+08 1.47175e+09 8.38569e+07 2.4121e+07 18 10 1.50942e+09 62.5771 91.6 2894.04
1.33678e+08 1.57699e+09 7.74272e+07 1.19548e+07 18 6 1.39369e+09 116.58 134.833 3810.23
2.6167e+08 1.51044e+09 8.77097e+07 1.33372e+08 16 8 1.40335e+09 10.5221 98.875 3562.38
2.04708e+08 1.4551e+09 9.02126e+07 2.0161e+07 13 8 1.17276e+09 58.1699 264 4033.91
5.06852e+09 3.54637e+09 5.86569e+07 4.3485e+06 13 8 7.6254e+08 175.357 278 4161.43
1.92012e+08 1.12728e+09 7.74661e+07 1.2134e+07 16 6 1.23946e+09 102.148 163.333 4574.1
2.01853e+08 1.18073e+09 8.5613e+07 4.11914e+07 16 6 1.36981e+09 33.2547 235.5 6326.52
2.63748e+09 2.13152e+09 7.88053e+07 2.44291e+06 14 6 1.10327e+09 451.622 171.333 4478.85
1.60311e+08 7.17419e+08 8.88635e+07 2.75749e+07 14 8 1.24409e+09 45.1167 262.875 3833.29
3.90054e+08 1.98141e+09 8.93371e+07 1.1195e+08 16 8 1.42939e+09 12.7682 176 3607.3
3.20695e+08 1.33846e+09 8.93065e+07 1.23608e+08 17 6 1.51821e+09 12.2825 181.5 4783.95
1.86642e+09 1.83326e+09 8.66514e+07 3.10718e+08 16 6 1.38642e+09 4.46199 91.5 4209.8
4.49224e+08 2.28131e+09 8.24547e+07 2.00132e+08 18 6 1.48419e+09 7.41604 171.333 4473.97
1.51606e+08 2.08428e+09 8.35264e+07 3.3681e+08 12 10 1.00232e+09 2.97591 178.4 2451.17
4.72463e+08 9.83826e+08 8.39457e+07 3.50597e+07 16 7 1.34313e+09 38.3099 167.429 4218.42
1.87367e+08 1.65229e+09 8.94569e+07 3.06156e+07 10 7 8.94569e+08 29.2194 267.429 3839.32
1.41266e+09 2.26391e+09 7.52282e+07 7.97219e+06 14 7 1.05319e+09 132.109 291.714 4338.69
2.62608e+08 1.32447e+09 8.5029e+07 1.74359e+08 16 8 1.36046e+09 7.80264 63.875 3017
2.08703e+09 2.00009e+09 7.93131e+07 1.49325e+08 13 7 1.03107e+09 6.90486 77.4286 2226.39
3.51636e+08 1.84988e+09 9.0615e+07 2.68148e+08 16 8 1.44984e+09 5.40687 50 3689.34
2.41767e+08 1.2994e+09 8.70493e+07 3.54109e+06 14 7 1.21869e+09 344.157 147.429 4128.03
1.83495e+08 8.16456e+08 8.7066e+07 1.97628e+07 15 8 1.30599e+09 66.0832 290.875 4363.45
4.86654e+08 1.48491e+09 8.95966e+07 2.78285e+08 16 7 1.43355e+09 5.15137 62.8571 3044.84
2.15661e+08 1.33142e+09 9.02236e+07 4.22277e+07 10 6 9.02236e+08 21.366 291.333 14729.2
1.39914e+08 1.54526e+09 8.2476e+07 1.49637e+07 15 8 1.23714e+09 82.6763 166.875 3512.27
1.13093e+08 5.58922e+08 8.52037e+07 1.76381e+07 16 8 1.36326e+09 77.2905 263.5 4363.83
9.2246e+08 1.60322e+09 7.88538e+07 1.68139e+07 16 7 1.26166e+09 75.037 214.857 4097.78
6.06218e+09 3.85569e+09 8.52283e+07 4.28883e+07 17 7 1.44888e+09 33.7827 145.429 4305.02
1.3463e+08 1.00138e+09 8.2898e+07 1.36229e+07 17 7 1.40927e+09 103.448 285.429 4807.77
7.86204e+08 1.67276e+09 8.49255e+07 2.31983e+08 15 7 1.27388e+09 5.49127 288 4417.1
9.63064e+15 0 5.41667e+07 1.02366e+15 12 9 6.5e+08 6.34975e-07 320 3697.36
1.36268e+09 1.35916e+09 8.16338e+07 3.48672e+07 18 8 1.46941e+09 42.143 86 3260.82
2.74303e+08 1.94094e+09 9.06882e+07 3.37e+08 12 7 1.08826e+09 3.22925 98.8571 3930.91
2.88761e+08 1.21491e+09 8.23982e+07 4.5258e+07 16 6 1.31837e+09 29.1301 187.5 4573.46
2.47232e+08 1.62863e+09 6.9998e+07 1.06697e+07 16 8 1.11997e+09 104.967 120 2774.22
2.79422e+08 1.2399e+09 9.19679e+07 2.97461e+07 16 8 1.47149e+09 49.4681 88 3558.62
5.20088e+08 1.23322e+09 8.57721e+07 1.5706e+08 15 6 1.28658e+09 8.19164 371.5 4997.65
1.54212e+09 2.52381e+09 7.78526e+07 1.55773e+08 14 7 1.08994e+09 6.99695 175.429 3125.34
2.87833e+08 1.53005e+09 8.45095e+07 2.27168e+08 17 5 1.43666e+09 6.32423 116.8 5064.76
8.84572e+07 1.01662e+09 8.54878e+07 5.50847e+07 13 7 1.11134e+09 20.1751 226.857 3984.01
1.1933e+09 2.02828e+09 7.78554e+07 9.49791e+07 12 8 9.34265e+08 9.83653 190.875 2918.59
1.23262e+09 1.53117e+09 8.34665e+07 1.3075e+07 16 6 1.33546e+09 102.139 138.833 4538.03
4.22648e+08 1.77873e+09 8.37646e+07 2.95051e+08 15 6 1.25647e+09 4.25848 38.8333 3632.97
7.82124e+08 1.22181e+09 8.13748e+07 1.41368e+07 16 6 1.302e+09 92.0999 99.3333 3542.6
2.69432e+09 2.21767e+09 8.30272e+07 1.18194e+08 14 6 1.16238e+09 9.83448 355.333 5754.28
7.97015e+07 2.20665e+09 7.54692e+07 1.11838e+07 16 6 1.20751e+09 107.97 388.833 6629.25
3.25111e+08 1.97537e+09 9.07405e+07 1.30371e+08 14 6 1.27037e+09 9.74423 159.333 6128.93
3.01163e+08 1.49022e+09 8.57668e+07 1.62486e+07 15 7 1.2865e+09 79.1763 127.429 4347.43
3.92484e+08 8.60401e+08 8.70493e+07 1.88968e+08 14 7 1.21869e+09 6.44918 299.429 4924.65
3.26318e+08 9.4345e+08 8.48357e+07 1.07476e+08 14 5 1.1877e+09 11.0508 109.2 4931.51
2.81851e+08 1.58269e+09 8.89577e+07 1.78792e+08 16 8 1.42332e+09 7.96078 107.5 3572.36
1.98382e+08 1.6794e+09 8.05751e+07 8.41098e+07 15 6 1.20863e+09 14.3696 611.5 15329.4
1.40665e+09 1.63448e+09 7.75648e+07 2.25684e+07 18 7 1.39617e+09 61.8638 231.714 4030.32
7.78996e+07 1.08618e+09 8.53253e+07 3.76732e+07 11 8 9.38578e+08 24.9137 270.875 4016.9
2.43484e+08 1.65179e+09 8.60174e+07 1.27277e+08 16 8 1.37628e+09 10.8132 114 3245.39
1.5852e+08 1.59972e+09 9.00344e+07 7.72211e+07 13 8 1.17045e+09 15.1571 192.875 3581.43
9.40813e+08 2.03231e+09 8.03556e+07 2.43622e+07 19 7 1.52676e+09 62.669 76.8571 3688.43
3.3859e+08 1.22055e+09 8.83546e+07 1.51598e+08 15 6 1.32532e+09 8.74234 114.833 4248.14
1.82716e+08 1.23126e+09 8.89377e+07 1.52548e+08 14 7 1.24513e+09 8.16218 134 3643.16
2.29646e+08 8.97006e+08 8.50177e+07 1.16198e+07 19 7 1.61534e+09 139.016 155.429 4070.4
3.79764e+08 1.0804e+09 8.34531e+07 1.63414e+08 12 5 1.00144e+09 6.12822 370.8 6150.38
3.15428e+09 2.82979e+09 7.91384e+07 8.73126e+07 16 8 1.26621e+09 14.5021 238 4076.05
2.07468e+08 1.17042e+09 8.77263e+07 3.72453e+07 15 8 1.31589e+09 35.3305 124.875 3468.74
4.55013e+08 1.96481e+09 7.98957e+07 1.85394e+07 17 6 1.35823e+09 73.2617 109.5 4361.42
1.24322e+09 2.49506e+09 7.14963e+07 100555 15 6 1.07244e+09 10665.2 141.5 3538.62
1.64155e+08 1.02167e+09 9.22585e+07 1.89899e+07 13 8 1.19936e+09 63.1578 220.875 5103.44
2.8587e+07 6.58939e+08 8.32631e+07 1.05763e+07 11 9 9.15895e+08 86.5985 387.556 5364.3
4.02371e+08 1.11808e+09 8.87615e+07 5.91657e+07 17 8 1.50895e+09 25.5037 89.5 3117.15
3.0287e+09 2.7185e+09 8.43291e+07 1.24228e+07 15 7 1.26494e+09 101.824 213.429 4381.52
1.96758e+08 1.177e+09 8.71406e+07 1.62389e+07 13 7 1.13283e+09 69.7602 234 3885.08
1.32559e+08 8.77412e+08 8.8681e+07 8.56696e+07 14 7 1.24153e+09 14.4921 574.857 8220.98
1.29276e+08 1.18377e+09 8.43397e+07 7.96775e+07 15 6 1.2651e+09 15.8777 78.8333 4291.13
7.28951e+08 1.15638e+09 7.57188e+07 8.09828e+07 14 8 1.06006e+09 13.09 416.875 5173.2
4.3655e+08 1.49779e+09 8.33167e+07 8.05642e+07 16 5 1.33307e+09 16.5466 125.2 5631.1
1.25659e+09 1.61012e+09 8.38846e+07 2.63866e+07 17 8 1.42604e+09 54.0441 208.875 3910.67
3.63479e+08 2.32801e+09 8.36475e+07 9.7659e+07 15 5 1.25471e+09 12.8479 110 5318.67
4.18137e+07 1.03114e+09 8.89531e+07 1.68148e+07 13 7 1.15639e+09 68.772 344 4812.58
1.60058e+08 1.39825e+09 8.65974e+07 4.07796e+07 15 7 1.29896e+09 31.8532 222 3836.6
1.44668e+09 1.93947e+09 8.1265e+07 1.70875e+07 16 7 1.30024e+09 76.0931 51.7143 3177.87
1.64735e+08 1.00831e+09 8.63133e+07 7.51703e+07 14 7 1.20839e+09 16.0753 233.714 4385.48
1.40852e+08 1.18247e+09 8.61365e+07 5.45914e+07 14 5 1.20591e+09 22.0898 144.8 5061.45
2.19218e+08 1.95538e+09 8.50525e+07 3.77155e+07 14 8 1.19073e+09 31.5715 220.875 3366.47
1.36907e+08 8.13106e+08 8.32712e+07 1.15832e+07 18 8 1.49888e+09 129.401 351.875 5258.76
9.22312e+08 1.48479e+09 7.66957e+07 1.72317e+08 13 6 9.97045e+08 5.7861 296 13179.8
2.84338e+09 2.73669e+09 7.45721e+07 1.50647e+06 14 9 1.04401e+09 693.019 174 2934.48
1.36954e+09 1.36612e+09 8.42836e+07 2.17929e+08 13 6 1.09569e+09 5.02773 268 4480.69
2.77188e+09 2.66791e+09 7.97524e+07 6.31899e+06 14 7 1.11653e+09 176.695 140.857 3149.66
3.48387e+08 2.04234e+09 9.09922e+07 9.82602e+07 18 9 1.63786e+09 16.6686 142.889 3697.15
3.94741e+08 2.9866e+09 6.70554e+07 1.75858e+06 15 8 1.00583e+09 571.957 133.875 3171.31
1.78633e+08 6.3816e+08 8.70265e+07 1.05459e+08 14 5 1.21837e+09 11.5531 247.2 6638.55
3.42254e+18 0 6.85022e+07 1.59906e+17 17 6 1.16454e+09 7.28261e-09 117.5 4394.43
1.45651e+09 1.39514e+09 8.03172e+07 5.87089e+07 14 6 1.12444e+09 19.1528 181.5 3763.69
7.70869e+07 9.55584e+08 8.3104e+07 1.58237e+07 13 6 1.08035e+09 68.2742 148 4181.59
