1.7639e+08 1.49986e+09 8.88252e+07 7.53019e+07 11 4 9.77077e+08 12.9755 240.75 7515.63
3.64177e+08 1.59332e+09 8.44954e+07 1.91515e+08 17 4 1.43642e+09 7.50032 26 14983.7
9.39957e+07 2.10173e+09 8.02915e+07 6.24706e+07 12 5 9.63498e+08 15.4232 101.2 5125.74
1.6313e+08 1.5354e+09 7.95128e+07 1.67566e+07 16 7 1.2722e+09 75.9225 159.714 3955.11
1.5256e+08 9.838e+08 7.71894e+07 1.1556e+08 17 4 1.31222e+09 11.3553 102 5318.14
3.37293e+08 1.43638e+09 8.38458e+07 1.16766e+08 12 5 1.00615e+09 8.6168 344 6918.88
1.73453e+08 1.56379e+09 8.66122e+07 6.04043e+07 13 4 1.12596e+09 18.6404 42.75 5180.02
3.92912e+08 1.91556e+09 8.71037e+07 2.72773e+07 13 5 1.13235e+09 41.5124 66.8 5626.02
5.16854e+08 2.26199e+09 8.5127e+07 2.33113e+08 19 6 1.61741e+09 6.93833 59.3333 4136.59
2.18825e+09 2.26895e+09 7.6808e+07 1.92527e+08 11 4 8.44888e+08 4.38841 272.75 16894.2
1.573e+08 1.68261e+09 8.46845e+07 9.51397e+07 12 5 1.01621e+09 10.6813 106.8 6542.13
2.18923e+08 1.24118e+09 8.82515e+07 5.98536e+06 11 4 9.70767e+08 162.19 62 5239.01
2.33556e+09 1.196e+09 8.27316e+07 5.77806e+07 15 5 1.24097e+09 21.4773 357.2 6047.04
2.22304e+08 1.14579e+09 8.4771e+07 1.12696e+08 15 5 1.27157e+09 11.2831 131.2 4919.34
3.66203e+08 1.67923e+09 8.52482e+07 1.05025e+07 13 4 1.10823e+09 105.52 230 6404.13
1.83593e+08 1.22062e+09 8.6242e+07 1.45215e+07 16 5 1.37987e+09 95.0226 194.8 5004.62
9.03364e+07 6.18676e+09 7.02742e+07 1.74021e+06 12 6 8.43291e+08 484.593 149.333 4739.91
1.93164e+08 2.2133e+09 7.42999e+07 9.12404e+06 17 5 1.2631e+09 138.436 50 4782.48
1.73503e+08 1.08805e+09 7.99806e+07 1.42243e+07 14 5 1.11973e+09 78.7195 94 3853.74
1.65355e+09 1.3725e+09 7.68793e+07 1.07699e+08 17 6 1.30695e+09 12.1352 158.833 4806.16
1.04393e+08 1.54294e+09 8.03088e+07 1.9958e+07 15 4 1.20463e+09 60.3584 30.75 5174.17
7.7138e+07 3.24734e+09 8.39989e+07 5.4817e+06 12 5 1.00799e+09 183.882 52 4862.5
9.00663e+07 1.48941e+09 8.29073e+07 1.03952e+07 15 5 1.24361e+09 119.633 180.8 4861.4
3.4432e+08 1.42621e+09 8.53734e+07 3.89743e+07 16 4 1.36597e+09 35.0481 52.75 15531.7
5.18272e+07 3.13766e+09 7.48403e+07 1.04956e+07 13 5 9.72923e+08 92.6986 184 5698.84
1.47391e+08 9.96055e+08 8.76769e+07 1.16518e+07 14 7 1.22748e+09 105.346 180.857 3993.39
5.68082e+08 1.704e+09 8.28235e+07 2.80756e+08 20 7 1.65647e+09 5.90004 119.714 4037.16
1.84269e+08 1.11793e+09 8.64856e+07 8.68285e+06 15 5 1.29728e+09 149.408 267.2 5820.01
2.30112e+08 1.44295e+09 8.75266e+07 1.863e+08 12 4 1.05032e+09 5.63778 14 5430.06
5.82439e+08 2.07082e+09 8.23539e+07 6.99218e+07 14 4 1.15296e+09 16.4892 34 6432.94
2.1667e+08 1.23591e+09 8.38445e+07 1.96067e+07 15 4 1.25767e+09 64.1446 20.75 5665.17
1.25038e+08 1.22895e+09 8.40883e+07 9.01682e+07 14 5 1.17724e+09 13.056 105.2 4124.05
1.05561e+08 2.06803e+09 7.85697e+07 2.59424e+07 13 5 1.02141e+09 39.3721 242.8 5665.99
3.33603e+08 1.18038e+09 8.58626e+07 1.41437e+08 15 5 1.28794e+09 9.10609 148.8 5149.53
3.54437e+08 1.37668e+09 8.28574e+07 1.80668e+08 16 4 1.32572e+09 7.33787 42.75 5247.67
3.18462e+08 2.4508e+09 7.68038e+07 1.92052e+08 12 4 9.21645e+08 4.79894 158.75 14960.5
9.80849e+07 1.20568e+09 8.31241e+07 2.03554e+07 14 5 1.16374e+09 57.171 94.8 5015.2
6.05479e+07 1.01288e+09 8.80046e+07 3.64305e+07 11 6 9.68051e+08 26.5726 270.833 5738.99
3.16855e+08 1.85177e+09 9.06999e+07 3.13912e+07 16 6 1.4512e+09 46.2295 49.3333 4233.38
3.6326e+08 2.01711e+09 8.12151e+07 1.23558e+08 16 5 1.29944e+09 10.5168 90.8 5963.8
2.54058e+08 1.32442e+09 7.74511e+07 7.49369e+07 16 5 1.23922e+09 16.5368 120.8 5073.19
1.18642e+08 8.02577e+08 8.14987e+07 8.96791e+06 11 5 8.96486e+08 99.966 125.2 4833.41
4.82694e+08 2.73215e+09 7.56177e+07 1.57975e+07 15 4 1.13427e+09 71.8003 146.75 6007.09
2.79838e+08 1.77007e+09 8.89491e+07 1.28135e+08 14 5 1.24529e+09 9.71854 64.8 5578.15
3.39174e+08 2.57794e+09 8.26627e+07 5.6132e+07 16 7 1.3226e+09 23.5624 126.857 3965.27
1.17637e+08 1.06285e+09 8.76382e+07 4.01918e+07 13 5 1.1393e+09 28.3465 59.2 4909.49
2.58403e+08 7.94068e+08 7.86891e+07 9.51209e+06 16 5 1.25903e+09 132.361 47.2 3767.84
2.94672e+08 9.01309e+08 8.78045e+07 1.17722e+08 16 5 1.40487e+09 11.9338 173.2 6278.59
3.14012e+08 1.82916e+09 7.48257e+07 1.32737e+07 11 4 8.23083e+08 62.0088 198.75 6264.92
1.08028e+08 1.25241e+09 8.88245e+07 3.94918e+07 12 6 1.06589e+09 26.9903 113.5 4712.68
6.50879e+07 1.14261e+09 8.48722e+07 5.61799e+07 15 5 1.27308e+09 22.6608 192 5752.82
2.39775e+08 1.13065e+09 8.29766e+07 4.4549e+07 15 6 1.24465e+09 27.9389 87.3333 4165.74
3.80005e+08 1.77559e+09 9.0016e+07 5.34764e+07 12 4 1.08019e+09 20.1994 42.75 6541.41
1.18578e+08 5.83561e+08 8.62005e+07 2.79018e+06 13 5 1.12061e+09 401.625 269.2 7010.1
2.36851e+08 1.68854e+09 8.84744e+07 1.75425e+08 10 4 8.84744e+08 5.04344 76.75 5844.12
1.17655e+08 8.42533e+08 7.65875e+07 1.57849e+06 8 5 6.127e+08 388.156 211.2 5422.32
1.5824e+08 4.10146e+09 7.15588e+07 3.74135e+06 12 4 8.58706e+08 229.518 66.75 5210.78
3.97561e+08 1.72905e+09 8.66564e+07 3.60607e+08 16 5 1.3865e+09 3.84491 56.8 4097.79
1.38506e+08 1.40415e+09 8.56629e+07 7.97681e+07 14 5 1.19928e+09 15.0346 150.8 5337.09
2.7679e+08 1.72199e+09 7.89283e+07 12049.2 11 5 8.68211e+08 72055.3 124 3976.47
2.10043e+08 1.04048e+09 9.12859e+07 5.82472e+07 10 4 9.12859e+08 15.6722 118 5833.16
1.2551e+08 1.96234e+09 9.27316e+07 8.08161e+06 9 4 8.34585e+08 103.27 5 5038.91
4.76623e+09 3.22982e+09 7.71135e+07 1.76012e+07 13 5 1.00248e+09 56.955 118 5326.66
1.16006e+08 1.16693e+09 8.85129e+07 6.56715e+07 11 4 9.73642e+08 14.826 158.75 5273.46
3.45406e+08 1.68153e+09 8.13299e+07 9.26295e+07 16 5 1.30128e+09 14.0482 48.8 3843.36
1.01239e+08 1.26063e+09 8.77611e+07 3.85072e+07 13 5 1.14089e+09 29.6281 250.8 5690.25
3.6258e+08 2.03972e+09 8.67122e+07 1.69826e+08 11 4 9.53834e+08 5.61653 34.75 5389.11
1.7589e+09 1.59389e+09 6.34927e+07 3.14951e+06 14 4 8.88898e+08 282.233 216.75 5652.8
5.1982e+08 1.77348e+09 8.25506e+07 3.04452e+08 15 4 1.23826e+09 4.06717 72 5706.58
1.71835e+08 7.1185e+08 8.17292e+07 1.62276e+06 12 5 9.80751e+08 604.373 245.2 5724.42
2.3649e+08 1.02837e+09 8.46006e+07 1.6799e+08 10 5 8.46006e+08 5.03606 309.2 8003.92
3.89117e+08 1.40559e+09 9.18587e+07 2.89184e+08 14 6 1.28602e+09 4.44707 63.3333 4252.49
2.44692e+08 1.32176e+09 8.72504e+07 1.75371e+08 16 7 1.39601e+09 7.96032 89.7143 3721.16
2.24539e+08 2.31795e+09 7.99275e+07 7.18495e+07 13 4 1.03906e+09 14.4616 132.75 5934.82
3.955e+08 1.41873e+09 8.70757e+07 3.5372e+07 16 4 1.39321e+09 39.3874 8.75 5932.62
6.56505e+07 1.58759e+09 8.81257e+07 2.94169e+07 12 4 1.05751e+09 35.949 24.75 6011.22
2.92549e+09 2.50551e+09 8.43805e+07 6.79475e+07 9 5 7.59425e+08 11.1766 134 5553.62
2.7901e+09 1.96958e+09 7.49308e+07 2.33613e+08 15 5 1.12396e+09 4.81121 186.8 13693.9
2.59361e+08 2.03235e+09 7.54739e+07 1.17265e+08 15 4 1.13211e+09 9.65426 0.75 6178.54
2.94488e+08 1.5562e+09 8.38725e+07 3.27478e+06 12 4 1.00647e+09 307.339 51 6149.02
2.51617e+08 1.57314e+09 8.20103e+07 1.16697e+07 13 5 1.06613e+09 91.359 174 6180.46
2.22125e+08 1.39864e+09 8.82039e+07 7.30609e+07 16 5 1.41126e+09 19.3162 109.2 5043.36
4.59809e+09 3.55392e+09 7.95343e+07 3.2243e+07 13 6 1.03395e+09 32.0673 193.333 4023.85
2.65014e+08 2.28521e+09 8.34607e+07 4.35262e+07 14 6 1.16845e+09 26.8448 214.833 4406.42
1.58356e+09 2.84191e+09 7.42013e+07 8.15126e+06 12 5 8.90415e+08 109.237 148 4668.66
1.0227e+08 8.37055e+08 8.36994e+07 3.03145e+07 12 4 1.00439e+09 33.1324 34 4967.18
2.68866e+08 1.09275e+09 8.46745e+07 1.28516e+08 16 5 1.35479e+09 10.5418 61.2 4711.38
3.97947e+08 1.57955e+09 9.41911e+07 3.85076e+08 11 5 1.0361e+09 2.69064 108.8 5053.97
2.91903e+08 1.489e+09 7.55898e+07 2.46026e+07 13 4 9.82668e+08 39.9416 117 5197.4
1.48632e+09 2.28281e+09 8.02773e+07 8.56914e+07 14 7 1.12388e+09 13.1155 223.429 3729.54
1.22815e+09 1.87822e+09 8.43717e+07 3.1814e+08 15 6 1.26558e+09 3.97805 123.333 4334.49
3.6428e+08 1.74933e+09 8.76248e+07 2.85527e+08 16 6 1.402e+09 4.9102 89.3333 4549.73
4.89492e+08 2.48146e+09 7.57759e+07 2.98123e+06 14 4 1.06086e+09 355.847 58.75 6791.41
2.46342e+08 1.3732e+09 8.72204e+07 2.33464e+07 16 6 1.39553e+09 59.7748 130 4297.77
3.6368e+08 1.028e+09 8.61514e+07 2.09947e+07 13 5 1.11997e+09 53.3452 189.2 5110.93
1.58147e+08 8.23457e+08 9.22524e+07 1.92298e+07 11 5 1.01478e+09 52.771 78.8 4988.43
1.98587e+08 1.51414e+09 8.21885e+07 2.01147e+07 16 8 1.31502e+09 65.376 178 3691.31
4.42674e+08 1.81057e+09 8.74601e+07 1.05661e+07 11 4 9.62061e+08 91.0514 98.75 15558.9
3.20879e+08 1.42724e+09 9.14963e+07 2.18385e+07 15 6 1.37244e+09 62.8452 83.3333 4270.03
4.31794e+08 2.11346e+09 8.38871e+07 1.41284e+08 15 5 1.25831e+09 8.90624 24 4206.35
1.96926e+08 1.83673e+09 8.31949e+07 2.93244e+07 15 6 1.24792e+09 42.5558 144.833 4747.35
2.89168e+08 7.44653e+08 8.08307e+07 2.08253e+08 14 4 1.13163e+09 5.43393 48.75 14750.2
3.83782e+08 8.83737e+08 8.04172e+07 4.16645e+07 17 5 1.36709e+09 32.8119 144.8 115462
1.45843e+08 1.00912e+09 8.16417e+07 7.91627e+06 13 4 1.06134e+09 134.071 198 5640.12
1.51019e+08 1.44234e+09 8.3104e+07 2.3668e+07 13 5 1.08035e+09 45.6461 286.8 5524.65
4.86682e+08 1.44364e+09 8.69518e+07 1.24993e+08 11 4 9.5647e+08 7.65216 185 7460.51
1.13788e+08 1.15049e+09 6.99601e+07 2.32934e+06 10 5 6.99601e+08 300.343 178.8 114427
7.09728e+08 1.38036e+09 8.31127e+07 5.57807e+07 14 6 1.16358e+09 20.8599 263.5 4529.75
1.54641e+08 1.21533e+09 8.90256e+07 6.32478e+06 10 4 8.90256e+08 140.757 110.75 5265.13
1.23608e+08 1.22995e+09 8.52736e+07 2.25642e+07 16 6 1.36438e+09 60.4665 110.833 4598.14
2.934e+08 1.17834e+09 8.5817e+07 5.30247e+07 14 5 1.20144e+09 22.6581 110.8 4606.57
8.15074e+07 9.80658e+08 8.20243e+07 1.49504e+07 18 5 1.47644e+09 98.7557 153.2 6101.64
4.996e+08 1.66597e+09 8.14377e+07 6.79469e+07 15 5 1.22157e+09 17.9782 146.8 4516.79
2.56579e+08 1.83735e+09 8.59891e+07 1.59959e+08 12 4 1.03187e+09 6.45084 132.75 6270.63
3.98092e+08 1.70719e+09 8.10117e+07 2.02953e+08 15 4 1.21518e+09 5.98746 50 6897.38
2.30228e+08 1.22548e+09 8.07736e+07 1.79722e+07 14 5 1.13083e+09 62.9212 257.2 5399.25
3.0432e+08 2.24408e+09 8.98363e+07 2.39051e+08 12 5 1.07804e+09 4.50964 53.2 4911.58
2.64348e+08 1.94923e+09 8.3741e+07 1.46423e+07 16 7 1.33986e+09 91.5056 158.857 4174.09
2.18369e+08 1.22256e+09 8.11413e+07 1.16114e+08 18 5 1.46054e+09 12.5785 107.2 5546.09
3.8921e+08 1.26835e+09 8.7295e+07 2.64856e+08 15 5 1.30942e+09 4.94391 194.8 4978.47
1.99121e+08 1.30041e+09 8.71862e+07 9.99341e+07 14 6 1.22061e+09 12.2141 217.333 4932.03
3.72886e+08 1.22331e+09 8.4989e+07 3.14727e+08 16 5 1.35982e+09 4.32065 82 4430.13
1.79048e+08 1.35749e+09 8.62983e+07 3.47353e+06 11 3 9.49281e+08 273.29 24 7204.1
2.51971e+08 1.69208e+09 8.71832e+07 4.17546e+07 15 6 1.30775e+09 31.3198 99.3333 4357.62
1.83891e+08 1.48897e+09 8.18158e+07 1.57448e+08 15 5 1.22724e+09 7.79453 231.2 14219.4
1.56109e+08 1.18694e+09 9.28361e+07 5.98488e+06 13 5 1.20687e+09 201.653 101.2 4842.63
1.93623e+08 1.14912e+09 8.84756e+07 9.49068e+06 14 5 1.23866e+09 130.513 306 6720.05
1.03321e+08 8.8434e+08 8.59425e+07 8.95365e+07 14 5 1.20319e+09 13.438 151.2 5427.44
2.33509e+08 1.52003e+09 8.2918e+07 1.48263e+08 15 6 1.24377e+09 8.38897 163.333 4798.17
2.52429e+08 1.32862e+09 8.16123e+07 1755.97 14 6 1.14257e+09 650680 109.333 4217.44
6.07669e+07 4.47743e+08 7.81483e+07 4.54523e+07 12 4 9.3778e+08 20.6322 140.75 5156.7
2.20578e+08 7.46813e+08 8.67678e+07 2.03252e+07 15 5 1.30152e+09 64.0347 286 6417.28
4.31668e+08 3.43175e+09 7.11312e+07 1.47316e+07 16 5 1.1381e+09 77.2558 165.2 5545.73
1.06963e+08 1.1966e+09 8.72376e+07 7.96687e+07 14 6 1.22133e+09 15.3301 214.833 4981.73
1.78657e+08 1.38876e+09 8.81281e+07 1.23288e+07 11 4 9.69409e+08 78.6296 78 5596.32
1.69849e+08 1.33872e+09 7.48722e+07 4.87495e+06 15 4 1.12308e+09 230.378 184.75 15992.8
2.72171e+08 1.08694e+09 8.29722e+07 5.08763e+07 16 5 1.32756e+09 26.0938 36.8 4472.35
4.75466e+08 2.5308e+09 8.07189e+07 4.54899e+08 10 4 8.07189e+08 1.77444 122.75 15197.1
3.30768e+08 1.37542e+09 8.73642e+07 8.03022e+06 15 6 1.31046e+09 163.191 93.3333 4402.68
1.67057e+08 1.44733e+09 7.9799e+07 1.26697e+07 12 4 9.57588e+08 75.5811 98.75 5272.77
2.98782e+08 1.99556e+09 8.60579e+07 1.24809e+08 18 6 1.54904e+09 12.4113 91.3333 4631.76
2.07996e+08 1.7109e+09 8.67781e+07 3.35811e+07 13 5 1.12812e+09 33.5937 119.2 4543.28
8.46717e+07 9.42621e+08 8.83604e+07 3.77744e+07 11 4 9.71965e+08 25.7308 66.75 6606.95
5.54121e+07 9.7538e+08 8.77734e+07 4.0519e+07 13 6 1.14105e+09 28.1609 143.333 13337.5
2.94337e+08 1.01757e+09 8.35863e+07 3.31069e+07 18 6 1.50455e+09 45.4453 91.3333 4179.04
3.27651e+08 3.04937e+09 7.83489e+07 8.19761e+06 14 6 1.09688e+09 133.806 162 4894.22
3.55679e+08 1.51608e+09 8.28009e+07 8.26641e+06 18 5 1.49042e+09 180.298 68 4350.41
3.24467e+07 1.56262e+09 8.80658e+07 4.47311e+07 12 6 1.05679e+09 23.6254 259.333 5919.35
1.59367e+08 7.62558e+08 8.39286e+07 2.92065e+06 14 4 1.175e+09 402.308 62.75 6108.64
1.67648e+08 1.84552e+09 7.60897e+07 7.2948e+06 14 4 1.06526e+09 146.029 114.75 5334.49
5.5222e+07 7.66227e+08 8.72266e+07 6.13546e+07 13 6 1.13395e+09 18.4818 99.3333 4366.2
3.16323e+08 1.97997e+09 7.44708e+07 2.74653e+07 16 4 1.19153e+09 43.3832 64.75 5657.2
2.2675e+08 1.23828e+09 8.43118e+07 7.2215e+06 12 5 1.01174e+09 140.101 138.8 118412
2.9692e+08 1.58344e+09 9.08546e+07 1.57328e+08 10 5 9.08546e+08 5.77484 91.2 5223.82
1.46085e+08 1.38441e+09 8.66122e+07 1.26661e+08 13 5 1.12596e+09 8.88958 68 4536.69
1.16308e+08 1.94371e+09 6.71041e+07 2.6888e+06 14 4 9.39457e+08 349.397 91 5752.15
8.9004e+07 8.78223e+08 8.46805e+07 7.1263e+06 15 4 1.27021e+09 178.242 98.75 6469.96
1.12906e+09 1.56066e+09 7.35153e+07 3.13941e+08 17 6 1.24976e+09 3.98088 158.833 3679.93
1.01065e+08 1.49642e+09 8.71755e+07 8.54779e+06 16 5 1.39481e+09 163.178 165.2 5691.52
1.44308e+08 1.51153e+09 8.43389e+07 1.35293e+07 13 4 1.09641e+09 81.0394 171 5258.1
9.09956e+08 1.72845e+09 8.65392e+07 2.54149e+07 17 7 1.47117e+09 57.886 141.714 4184.53
5.6623e+07 1.15193e+09 7.4196e+07 1.48351e+07 15 5 1.11294e+09 75.0209 104 4187.4
2.37784e+08 1.2023e+09 8.85623e+07 6.5462e+07 15 5 1.32843e+09 20.2932 41.2 3910.42
6.84982e+09 4.48027e+09 7.9059e+07 1.30839e+07 11 5 8.69649e+08 66.4671 116.8 4539.73
3.51841e+09 2.78794e+09 8.55124e+07 1.15113e+08 13 6 1.11166e+09 9.65713 137.333 3845.94
2.60842e+08 1.14919e+09 9.37845e+07 4.7871e+07 11 5 1.03163e+09 21.5502 166 5450.45
9.43694e+08 1.29559e+09 8.21257e+07 5.11529e+07 14 6 1.14976e+09 22.4769 189.5 4583.59
4.22282e+08 1.96358e+09 8.40605e+07 1.34819e+08 16 6 1.34497e+09 9.97608 65.3333 4333.56
2.4065e+08 1.18291e+09 8.82055e+07 2.78863e+08 15 6 1.32308e+09 4.74456 109.333 4099.7
8.58689e+08 1.72963e+09 8.18211e+07 1.05334e+07 15 5 1.22732e+09 116.516 92.8 4258.48
2.96609e+08 1.72169e+09 8.66613e+07 9.92119e+07 12 5 1.03994e+09 10.482 224.8 13718.6
6.74461e+07 1.15844e+09 8.72537e+07 5.4162e+07 12 5 1.04704e+09 19.3317 411.2 7267.08
2.91006e+08 1.74284e+09 8.67812e+07 3.61211e+06 8 4 6.94249e+08 192.201 54 5975.99
9.90805e+08 2.48347e+09 7.48752e+07 7.53575e+08 16 4 1.198e+09 1.58976 52.75 5256.86
3.98676e+08 1.86865e+09 8.53035e+07 1.81649e+08 14 5 1.19425e+09 6.57451 107.2 4923.69
1.03333e+08 1.23552e+09 8.65016e+07 1.34862e+07 12 4 1.03802e+09 76.9691 206 7335.23
8.24775e+07 1.65629e+09 7.80117e+07 9.1781e+06 17 6 1.3262e+09 144.496 239.333 4969.66
2.92944e+08 1.55261e+09 8.27533e+07 1.23535e+08 14 5 1.15855e+09 9.37828 116 5570.42
1.6677e+08 2.00409e+09 8.15987e+07 4.2207e+07 13 7 1.06078e+09 25.1329 185.714 3528.27
1.20779e+08 1.32853e+09 8.81856e+07 9.97751e+07 12 4 1.05823e+09 10.6061 38 5393.13
3.65561e+08 1.62593e+09 8.72319e+07 7.36302e+07 14 5 1.22125e+09 16.5862 185.2 6810.85
1.63009e+08 1.9966e+09 8.53301e+07 8.06533e+06 12 4 1.02396e+09 126.958 44.75 6875.8
1.75884e+08 9.55313e+08 8.9803e+07 5.06921e+07 15 6 1.34704e+09 26.5731 217.5 4842.32
1.33836e+08 1.56792e+09 8.88252e+07 9.85294e+06 11 5 9.77077e+08 99.166 132.8 4996.9
1.89169e+08 9.8983e+08 8.69409e+07 5.82637e+07 12 4 1.04329e+09 17.9064 152.75 6545.59
8.78402e+07 1.46588e+09 8.57189e+07 1.21744e+08 10 5 8.57189e+08 7.04092 168 5628.4
2.64593e+08 1.68649e+09 8.67013e+07 4.54414e+07 12 5 1.04042e+09 22.8958 137.2 5772.31
1.70412e+08 7.65526e+08 8.77857e+07 5.37556e+07 13 4 1.14121e+09 21.2297 53 5532.85
1.51312e+08 9.55325e+08 9.06304e+07 1.39913e+08 13 6 1.17819e+09 8.42089 247.333 5002.34
2.6263e+08 1.30434e+09 6.8115e+07 2.23253e+07 15 4 1.02173e+09 45.7654 204.75 4916.35
