2.74507e+08 1.57994e+09 8.56572e+07 2.35384e+08 14 4 1.1992e+09 5.09466 42.75 5396.52
4.5911e+09 3.1545e+09 7.67412e+07 9.89929e+07 10 4 7.67412e+08 7.75219 203 14392.8
1.25432e+08 9.34756e+08 8.86146e+07 3.47959e+07 11 4 9.7476e+08 28.0136 146 7357.22
1.14183e+08 8.38767e+08 8.45908e+07 4.91869e+07 13 4 1.09968e+09 22.3572 78.75 6221.03
7.43801e+07 1.86694e+09 7.85267e+07 4.49852e+06 13 4 1.02085e+09 226.929 74.75 14799.3
2.7795e+08 1.88931e+09 8.34665e+07 5.62382e+06 10 4 8.34665e+08 148.416 34.75 5853.19
1.2487e+08 2.58361e+09 6.50221e+07 2.76704e+06 13 4 8.45288e+08 305.485 94 7325.33
5.16156e+07 1.54046e+09 8.65096e+07 1.70721e+07 10 4 8.65096e+08 50.673 142.75 6996.96
1.40704e+08 1.90896e+09 7.29909e+07 3.79445e+06 13 4 9.48882e+08 250.071 49 6295.46
4.67067e+08 1.79333e+09 8.66414e+07 1.51065e+07 12 4 1.0397e+09 68.8245 126 7146.63
1.45974e+08 1.33022e+09 8.19717e+07 1.2599e+08 14 4 1.1476e+09 9.1087 82.75 16179.4
9.06643e+07 7.5299e+08 8.01384e+07 2.4475e+07 12 4 9.61661e+08 39.2915 62 5940.1
1.44238e+08 8.27972e+08 8.6477e+07 1.11244e+08 13 4 1.1242e+09 10.1057 116.75 6637.26
3.05544e+08 1.03217e+09 8.70407e+07 1.368e+08 12 4 1.04449e+09 7.63513 118 5950.77
2.37816e+08 1.24844e+09 8.42545e+07 8.08275e+06 15 4 1.26382e+09 156.36 14 5068.17
4.0455e+08 2.68071e+09 7.34311e+07 4.56404e+06 14 4 1.02804e+09 225.247 30.75 5132.71
1.17635e+08 1.86009e+09 7.95963e+07 3.05425e+06 11 4 8.75559e+08 286.669 101 5455.82
1.10765e+08 8.34059e+08 7.16853e+07 9.09003e+07 10 3 7.16853e+08 7.88615 60.6667 7716.38
2.30524e+08 1.90683e+09 7.03674e+07 1.82197e+07 15 4 1.05551e+09 57.9325 268.75 6662.09
7.65605e+08 1.45372e+09 7.41359e+07 3.6319e+07 11 4 8.15495e+08 22.4537 218 15315.5
2.8029e+08 1.34013e+09 7.86627e+07 6.64147e+07 14 5 1.10128e+09 16.5818 229.2 4849.56
2.52838e+08 1.31387e+09 7.80659e+07 8.81397e+07 13 4 1.01486e+09 11.5142 156.75 6252.28
1.26169e+08 5.67111e+08 7.98855e+07 4.46363e+07 12 4 9.58626e+08 21.4764 278.75 8267.14
9.28923e+07 1.62831e+09 8.45314e+07 9.53677e+06 12 4 1.01438e+09 106.365 94.75 5876.26
1.47994e+08 8.53621e+08 8.21353e+07 1.30984e+08 12 4 9.85623e+08 7.52474 171 15866.9
3.13462e+08 1.02291e+09 8.11874e+07 8.74347e+07 15 4 1.21781e+09 13.9282 36.75 6694.24
1.44068e+08 1.16918e+09 7.28634e+07 1.73476e+07 16 4 1.16581e+09 67.2031 60.75 5584.13
3.08923e+08 2.08691e+09 8.13498e+07 1.50421e+07 14 4 1.1389e+09 75.7138 90 5952.82
3.38138e+08 2.42933e+09 7.55325e+07 1.32175e+07 15 4 1.13299e+09 85.7185 122.75 7411.93
1.20208e+08 1.17962e+09 9.28015e+07 5.49054e+06 8 4 7.42412e+08 135.217 173 15676.1
1.78588e+08 7.42736e+08 9.3217e+07 8.7767e+07 13 4 1.21182e+09 13.8073 153 5813.88
5.80394e+08 2.57102e+09 8.48842e+07 4.1855e+08 12 4 1.01861e+09 2.43366 42.75 5890.74
2.02994e+08 2.15604e+09 8.42797e+07 3.47005e+07 11 4 9.27077e+08 26.7165 45 6248.79
1.74812e+08 1.67344e+09 7.13392e+07 4.98153e+06 12 4 8.5607e+08 171.849 27 5014.43
1.44376e+08 9.5667e+08 8.67412e+07 1.3451e+08 11 4 9.54153e+08 7.09358 81 6888.02
8.63277e+07 2.25243e+09 8.20753e+07 6.2443e+06 12 5 9.84904e+08 157.729 94.8 4707.8
2.97009e+08 2.07592e+09 8.24481e+07 9.73355e+06 12 4 9.89377e+08 101.646 4 6174.94
1.31958e+08 6.01849e+08 8.44078e+07 4.54118e+06 14 4 1.18171e+09 260.221 116.75 6874.21
1.54304e+08 1.40925e+09 8.76751e+07 7.64785e+07 13 4 1.13978e+09 14.9032 51 5996.24
3.27113e+08 2.18574e+09 8.82668e+07 2.24478e+08 10 4 8.82668e+08 3.9321 45 6367.78
8.25926e+07 4.76182e+08 8.35463e+07 1.35025e+07 9 4 7.51917e+08 55.6874 34.75 4729.63
6.00279e+07 1.28224e+09 8.04979e+07 1.19283e+07 12 4 9.65974e+08 80.9817 152 6109.65
9.68472e+07 1.26629e+09 8.17031e+07 3.78284e+07 13 4 1.06214e+09 28.0778 203 5992.61
2.0985e+08 8.86109e+08 8.8824e+07 3.95855e+07 13 4 1.15471e+09 29.1701 117 6488.49
2.44092e+08 2.15955e+09 8.18557e+07 1.0078e+08 12 4 9.82268e+08 9.74666 193 7566.88
1.93063e+08 9.10797e+08 8.58554e+07 1.65974e+07 11 4 9.44409e+08 56.901 74.75 5974.29
3.21404e+08 2.12346e+09 8.26335e+07 5.57127e+06 14 4 1.15687e+09 207.649 116.75 5875.13
5.28839e+07 2.02236e+09 8.35596e+07 2.03196e+06 12 4 1.00272e+09 493.473 68.75 5564.16
2.43436e+08 1.9142e+09 8.45774e+07 2.70064e+07 11 4 9.30351e+08 34.4493 50 6255.41
1.50951e+08 1.51373e+09 8.06576e+07 5.54542e+06 12 4 9.67891e+08 174.539 98 7460.36
1.04528e+08 6.12097e+08 7.30155e+07 9.58982e+06 13 4 9.49201e+08 98.9801 180 6266.97
3.06215e+08 1.29444e+09 8.37859e+07 6.84866e+07 14 4 1.173e+09 17.1275 38 5851.61
1.85313e+08 1.3143e+09 8.25429e+07 6.95053e+07 16 4 1.32069e+09 19.0012 146.75 5805.44
5.42851e+06 6.75071e+07 8.54167e+07 1.50244e+06 12 3 1.025e+09 682.224 74 8771.03
3.68794e+08 2.18415e+09 8.11194e+07 3.07833e+07 13 4 1.05455e+09 34.2573 104.75 6427.29
1.64186e+08 3.21443e+08 8.69881e+07 1.70965e+07 11 4 9.56869e+08 55.9687 242.75 6205.36
5.03756e+08 2.41722e+09 8.19366e+07 2.41628e+08 13 4 1.06518e+09 4.40832 78 5767.86
1.5384e+08 1.53367e+09 8.212e+07 3.83534e+07 14 4 1.14968e+09 29.976 196.75 5694.77
1.93456e+08 1.72524e+09 8.71463e+07 4.2513e+06 14 5 1.22005e+09 286.982 56 4965.12
6.82108e+07 1.21072e+09 8.3915e+07 3.29936e+07 13 4 1.09089e+09 33.0639 68 5801.05
3.31163e+07 1.05089e+09 8.30671e+07 1.04302e+07 15 4 1.24601e+09 119.461 182.75 6743.77
2.41342e+08 1.99166e+09 9.02112e+07 1.17974e+08 9 4 8.11901e+08 6.88204 64.75 116541
3.06831e+08 1.42004e+09 7.7295e+07 9.22804e+07 15 4 1.15942e+09 12.5641 53 5989.54
1.51046e+08 1.09888e+09 7.81683e+07 7.88502e+07 15 4 1.17252e+09 14.8703 126.75 5633.97
2.62031e+08 1.84352e+09 8.40747e+07 9.01285e+06 13 4 1.09297e+09 121.268 78.75 5799.17
1.19764e+08 1.57577e+09 8.99428e+07 9.01368e+07 12 4 1.07931e+09 11.9742 60.75 5968.8
7.81637e+07 7.2319e+08 8.06709e+07 2.35198e+07 13 4 1.04872e+09 44.589 182.75 6300.92
2.57902e+08 1.71147e+09 8.00662e+07 5.90011e+07 14 4 1.12093e+09 18.9984 49 4821.34
3.95875e+08 1.36502e+09 8.02101e+07 8.06149e+07 13 4 1.04273e+09 12.9347 29 4833.77
5.79437e+08 1.72197e+09 7.8125e+07 3.9939e+08 16 4 1.25e+09 3.12978 48.75 5586.78
3.22116e+08 1.10393e+09 9.13206e+07 2.9347e+07 12 4 1.09585e+09 37.341 4.75 13975.9
1.02432e+08 1.0791e+09 8.48642e+07 9.57106e+06 12 4 1.01837e+09 106.401 96.75 4624.64
6.46523e+07 9.12777e+08 8.66033e+07 2.36707e+07 11 5 9.52636e+08 40.2454 345.2 5869.99
9.59564e+07 1.30498e+09 8.36938e+07 1.56599e+07 13 4 1.08802e+09 69.4779 122 5994.67
8.57644e+07 8.55182e+08 8.79683e+07 1.30787e+07 11 4 9.67652e+08 73.9868 140 5595.27
3.56485e+08 2.02572e+09 7.90081e+07 1.7553e+08 11 3 8.69089e+08 4.95124 8.66667 6907.25
2.47111e+08 1.35037e+09 8.90375e+07 1.3063e+08 12 4 1.06845e+09 8.17922 194.75 6206.79
4.63227e+07 1.42995e+09 8.04872e+07 3.4333e+07 10 4 8.04872e+08 23.4431 42.75 116052
2.54629e+09 1.74535e+09 6.91755e+07 2.92227e+07 13 4 8.99281e+08 30.7734 217 6671.08
8.20228e+07 8.15921e+08 8.27609e+07 7.98742e+06 12 4 9.93131e+08 124.337 150 5986.48
6.06282e+08 2.45358e+09 7.5852e+07 2.70705e+08 15 4 1.13778e+09 4.20303 140.75 6961.73
4.97992e+08 2.41696e+09 7.54193e+07 1.40718e+08 12 3 9.05032e+08 6.43153 20.6667 7534.72
5.01461e+07 6.73305e+08 8.32668e+07 2.30612e+07 8 3 6.66134e+08 28.8855 44.6667 7476.65
4.12772e+08 2.49971e+09 8.23825e+07 1.93982e+08 14 4 1.15335e+09 5.94569 81 15019.5
3.93183e+08 1.0215e+09 7.43029e+07 1.07434e+07 11 4 8.17332e+08 76.0773 189 5397.99
2.21269e+08 1.33451e+09 8.23962e+07 1.0447e+07 15 4 1.23594e+09 118.306 2.75 5338.29
3.15948e+07 3.66636e+08 8.25e+07 4.12809e+06 10 3 8.25e+08 199.85 8.66667 15161.1
2.56193e+08 9.4166e+08 9.07881e+07 1.74691e+08 12 4 1.08946e+09 6.23647 64.75 5589.03
1.61826e+08 5.9949e+08 8.21429e+07 8.55803e+06 14 4 1.15e+09 134.377 74 5804.01
4.45055e+08 2.02007e+09 8.77263e+07 1.05519e+08 12 4 1.05272e+09 9.97655 45 5734.53
1.06574e+08 1.86806e+09 7.94063e+07 5.02492e+06 12 4 9.52875e+08 189.63 100 15743.6
1.67574e+09 2.32845e+09 7.12061e+07 1.45114e+08 16 4 1.1393e+09 7.85105 209 5620.54
1.45875e+08 1.59154e+09 8.73584e+07 3.3793e+07 11 4 9.60942e+08 28.4362 136.75 14963.2
2.56565e+08 1.55039e+09 8.94502e+07 3.85166e+06 12 4 1.0734e+09 278.686 6.75 14620.8
1.53022e+08 5.79782e+08 8.30138e+07 6.52659e+06 12 4 9.96166e+08 152.632 104 6090.07
2.73946e+08 1.75977e+09 8.14297e+07 3.86243e+07 16 4 1.30288e+09 33.732 56.75 5268.71
1.11721e+08 1.04536e+09 8.01384e+07 4.66723e+06 12 4 9.61661e+08 206.045 81 5194.99
1.28033e+08 1.18883e+09 8.86073e+07 5.90481e+07 11 4 9.74681e+08 16.5065 34.75 5678.03
5.14963e+07 1.27582e+09 8.543e+07 2.29109e+07 12 4 1.02516e+09 44.7454 194.75 6332.43
9.62801e+07 2.2434e+09 8.10457e+07 1.39781e+07 13 3 1.05359e+09 75.3749 4.66667 15770.5
3.04818e+08 2.02855e+09 7.4345e+07 3.26522e+07 15 4 1.11518e+09 34.1531 218.75 6101.26
8.92216e+07 4.64178e+08 8.21286e+07 1.03633e+07 12 4 9.85543e+08 95.099 209 6952.36
2.54587e+08 1.97991e+09 8.48043e+07 6.60172e+07 12 5 1.01765e+09 15.4149 62.8 4835.95
9.0406e+08 1.64505e+09 7.22475e+07 1.67896e+08 13 4 9.39217e+08 5.59403 261 6830.39
1.6543e+08 1.22834e+09 8.20088e+07 1.28675e+07 16 5 1.31214e+09 101.973 90.8 5190.24
5.30459e+08 1.86322e+09 8.20433e+07 2.97741e+08 11 4 9.02476e+08 3.03108 158 6495.52
3.23037e+08 1.9949e+09 7.87753e+07 9.73613e+07 15 4 1.18163e+09 12.1365 20.75 5348.77
3.44385e+08 1.40088e+09 8.90509e+07 1.31969e+08 12 5 1.06861e+09 8.09742 115.2 5005.34
2.00469e+08 3.51855e+08 7.31962e+07 4.57275e+06 12 4 8.78355e+08 192.084 280.75 115748
3.82369e+08 2.13521e+09 7.95071e+07 1.32587e+08 14 4 1.1131e+09 8.39523 118 7190.83
2.44905e+09 2.18859e+09 8.13987e+07 2.18079e+08 9 4 7.32588e+08 3.35927 154.75 5622.44
1.36188e+08 1.00008e+09 8.79127e+07 7.17367e+07 12 4 1.05495e+09 14.7059 90 14532.4
1.15187e+08 4.6223e+08 7.24564e+07 644594 13 4 9.41933e+08 1461.28 74.75 4959.48
2.28032e+08 9.45286e+08 8.29872e+07 4.85824e+06 13 4 1.07883e+09 222.063 78.75 6313
2.4579e+08 3.09733e+09 7.62271e+07 6.47857e+06 11 4 8.38498e+08 129.426 6.75 5515.73
7.98999e+07 1.22805e+09 7.59216e+07 9.10697e+07 13 4 9.86981e+08 10.8376 140.75 6581.47
1.24764e+08 8.13444e+08 8.45109e+07 3.92642e+06 13 4 1.09864e+09 279.807 81 5483.69
4.65968e+08 1.64028e+09 8.33352e+07 2.07171e+08 14 4 1.16669e+09 5.63154 102.75 14033.2
3.93228e+08 8.77345e+08 8.52579e+07 1.39389e+08 14 4 1.19361e+09 8.56316 42.75 7054.39
5.44926e+08 1.76636e+09 8.66693e+07 1.27147e+08 10 4 8.66693e+08 6.81644 140 116836
3.02196e+08 1.09058e+09 9.06283e+07 2.00582e+08 12 4 1.08754e+09 5.42191 158 6517.86
2.60747e+08 1.7636e+09 8.33387e+07 1.29295e+08 15 4 1.25008e+09 9.66842 130.75 7364.97
2.18551e+08 2.36057e+09 8.00519e+07 3.13164e+07 12 4 9.60623e+08 30.6747 139 5991.27
4.23787e+07 1.66049e+09 8.11768e+07 2.73572e+07 9 4 7.30591e+08 26.7056 166.75 6765.97
3.96594e+08 2.25519e+09 7.41271e+07 4.82739e+07 14 4 1.03778e+09 21.4978 158.75 7807.71
1.9768e+08 2.27096e+09 8.15562e+07 9.31015e+06 12 4 9.78674e+08 105.119 70 4990.5
3.74471e+08 2.43527e+09 6.51942e+07 5.80995e+06 13 4 8.47524e+08 145.875 28.75 5423.77
1.35647e+08 2.17413e+09 8.8596e+07 2.59572e+06 9 4 7.97364e+08 307.184 62.75 14106.5
3.3608e+08 1.81904e+09 7.97724e+07 8.32036e+07 12 4 9.57268e+08 11.5051 169 6522.56
7.36567e+07 1.17317e+09 8.61022e+07 2.01595e+07 12 4 1.03323e+09 51.2525 150.75 5986.32
2.69255e+08 2.75238e+09 7.76972e+07 6.13257e+06 13 4 1.01006e+09 164.705 21 5171.05
6.06896e+07 2.00319e+09 7.92675e+07 2.48941e+06 14 4 1.10974e+09 445.786 35 4669.12
2.2192e+08 1.49714e+09 8.00319e+07 1.60251e+08 14 4 1.12045e+09 6.99183 32.75 5461.89
2.15106e+08 1.28364e+09 8.53035e+07 1.74626e+06 11 4 9.38339e+08 537.342 148.75 7349.78
1.31939e+08 2.03031e+09 7.51384e+07 5.2293e+07 15 4 1.12708e+09 21.5531 116.75 6857.36
2.46479e+08 1.37347e+09 7.80501e+07 1.68807e+08 16 4 1.2488e+09 7.39779 84 5778.47
1.69075e+08 1.26058e+09 8.91693e+07 5.69103e+07 10 4 8.91693e+08 15.6684 118 6132.78
4.08765e+08 1.45231e+09 8.32497e+07 1.83829e+07 14 4 1.1655e+09 63.4011 105 5764.88
2.50643e+09 1.86715e+09 8.00941e+07 1.15758e+08 9 4 7.20847e+08 6.22721 174.75 7105.07
2.97199e+08 9.45725e+08 8.59596e+07 2.14649e+08 14 4 1.20343e+09 5.60653 134 7610.67
3.57909e+08 2.15895e+09 8.34779e+07 3.42995e+07 14 4 1.16869e+09 34.0731 90 7189.94
6.6448e+08 2.62019e+09 7.54369e+07 2.92099e+08 17 4 1.28243e+09 4.39039 48.75 5367.78
1.07965e+08 1.06862e+09 8.14144e+07 5.10658e+07 13 5 1.05839e+09 20.7259 361.2 5553.79
3.57065e+08 2.10563e+09 7.33626e+07 3.72265e+07 14 3 1.02708e+09 27.5899 74.6667 17015.7
1.56223e+08 1.53979e+09 8.23711e+07 7.33649e+07 14 4 1.15319e+09 15.7186 44.75 6773.4
1.73792e+08 7.29885e+08 8.09638e+07 2.7699e+07 12 4 9.71565e+08 35.0758 184 16852.7
1.53657e+08 1.4759e+09 8.78345e+07 2.72138e+07 16 5 1.40535e+09 51.6411 114.8 4838.35
6.04981e+07 1.82507e+09 7.41706e+07 7.43268e+06 13 4 9.64217e+08 129.727 202.75 6152.26
9.46789e+07 2.77125e+08 7.37734e+07 3.96055e+06 14 4 1.03283e+09 260.779 221 6324.38
1.75582e+08 7.87839e+08 8.25e+07 1.90921e+08 10 4 8.25e+08 4.32115 134.75 15798.9
5.60408e+08 3.34695e+09 7.80009e+07 2.78607e+08 14 4 1.09201e+09 3.91955 228 6173.72
5.72594e+09 2.28809e+09 7.67818e+07 7.17324e+07 13 4 9.98163e+08 13.9151 222.75 5836.28
1.62936e+08 1.42497e+09 8.68825e+07 6.3806e+07 13 4 1.12947e+09 17.7017 14.75 4958.49
1.36581e+08 1.31088e+09 7.47174e+07 1.00272e+08 13 3 9.71326e+08 9.68687 48.6667 14950.2
5.0799e+08 2.29598e+09 7.37033e+07 3.25993e+07 17 4 1.25296e+09 38.435 338 6177.87
2.32716e+08 1.39755e+09 8.4636e+07 2.04432e+08 14 4 1.1849e+09 5.79607 10.75 5995.94
2.28382e+07 6.74655e+08 7.71934e+07 6.50815e+06 13 4 1.00351e+09 154.194 8.75 5032.17
2.30082e+08 1.306e+09 8.71577e+07 1.345e+07 14 4 1.22021e+09 90.722 38.75 5292.7
2.96273e+08 2.40944e+09 7.91733e+07 1.17674e+08 12 4 9.5008e+08 8.07382 85 5501.42
