1.19808e+09 2.46597e+09 7.48225e+07 1.08479e+07 9 15 6.73403e+08 62.0767 52.9333 1476.83
4.03497e+07 2.25657e+08 6.84744e+07 1.07046e+06 10 11 6.84744e+08 639.674 157.636 2515.89
1.61798e+08 1.138e+09 8.34984e+07 3.06452e+07 15 9 1.25248e+09 40.8702 244.889 3774.25
7640.96 76409.6 2.5e+07 75090.4 2 20 5e+07 665.865 66.55 143.297
3.87616e+07 8.4669e+08 8.93859e+07 1.2974e+08 9 15 8.04473e+08 6.20064 112.4 1629.38
1.72787e+08 1.40903e+09 9.25586e+07 4.45841e+07 12 13 1.1107e+09 24.9125 196.308 2490.06
1.46746e+18 0 1.17492e+07 5.74338e+13 10 13 1.17492e+08 2.04569e-06 117.231 2111.88
0 0 0 0 0 0 0 0 0 0
6.97988e+06 2.68161e+08 8.59225e+07 5.78169e+06 4 18 3.4369e+08 59.4446 108.5 675.199
9.73825e+08 1.51265e+09 5.91283e+07 570066 14 12 8.27796e+08 1452.1 193.667 2702.32
1.33717e+08 1.29686e+09 8.83586e+07 1.60834e+07 12 11 1.0603e+09 65.9251 196.182 3029.31
4.50016e+09 4.36182e+09 6.33817e+07 547456 13 10 8.23962e+08 1505.07 140.9 3030.04
3.67831e+08 1.20542e+09 8.13052e+07 4.01155e+06 17 11 1.38219e+09 344.552 136.727 2897.06
9.97765e+07 1.05403e+09 8.21958e+07 2.5309e+07 11 13 9.04153e+08 35.7246 317.692 2614.95
2.34562e+09 4.51534e+09 5.90712e+07 2.48564e+06 7 13 4.13498e+08 166.355 68.3077 1608.66
4.09528e+09 5.11835e+09 5.88924e+07 1.3494e+06 12 13 7.06709e+08 523.72 137.231 2048.01
0 0 0 0 0 0 0 0 0 0
12944.5 258891 2.5e+07 258891 1 20 2.5e+07 96.5659 56.55 142.989
4.41633e+07 6.89005e+08 8.46874e+07 1.04144e+08 7 16 5.92812e+08 5.69223 52.4375 1086.25
2.06651e+08 1.6882e+09 8.25387e+07 7.03258e+07 13 9 1.073e+09 15.2576 254.222 3622.53
5.41352e+07 9.91148e+08 8.7287e+07 1.09154e+08 6 17 5.23722e+08 4.798 84.1176 943.429
1.14647e+08 1.00636e+09 7.83546e+07 7.30278e+06 12 13 9.40256e+08 128.753 71.2308 2087.32
5.13562e+07 1.00541e+09 8.00973e+07 505736 11 13 8.8107e+08 1742.15 222.923 2387.28
8.37447e+15 0 2.02077e+07 1.75408e+14 10 13 2.02077e+08 1.15204e-06 166.923 2272.58
33904.6 161047 2.39816e+07 44312.3 4 19 9.59265e+07 2164.79 53.6842 402.575
1.57893e+08 1.3555e+09 9.00406e+07 2.06626e+08 13 12 1.17053e+09 5.66495 114.25 2505.54
4.02412e+16 0 5.29983e+07 7.23944e+14 13 9 6.88978e+08 9.517e-07 300 3923.23
6.74062e+06 2.96019e+08 6.36848e+07 166351 3 19 1.91054e+08 1148.5 53.7895 383.955
1.57595e+08 2.50546e+09 8.04136e+07 2.68425e+07 9 14 7.23722e+08 26.9618 179.429 1855.28
8.3974e+07 1.3907e+09 8.8542e+07 1.81356e+08 11 12 9.73962e+08 5.37044 120.667 2350.05
6.7748e+07 8.40422e+08 7.8797e+07 7.65375e+06 13 11 1.02436e+09 133.838 150.727 2608.87
6.64235e+06 1.26576e+08 7.38818e+07 375805 5 18 3.69409e+08 982.98 60.5 654.802
3.29856e+08 1.81365e+09 9.01358e+07 9.45216e+07 16 10 1.44217e+09 15.2576 140.1 3418.45
2.44721e+08 1.16878e+09 8.66514e+07 6.22525e+07 16 11 1.38642e+09 22.2709 139.636 3370.39
128311 1.80864e+07 3.53035e+07 201166 8 16 2.82428e+08 1403.95 133.75 1010.97
7.38085e+08 2.76115e+09 6.46645e+07 4.46191e+06 5 18 3.23323e+08 72.4629 54.4444 708.756
1.71956e+08 1.57925e+09 8.71344e+07 2.80757e+07 13 13 1.13275e+09 40.3462 140.308 2514.99
6.75768e+12 0 1.25e+07 2.29931e+13 10 13 1.25e+08 5.43642e-06 138.308 2072.79
3.92516e+07 1.4338e+09 9.15735e+07 3.07551e+08 4 17 3.66294e+08 1.191 97.0588 932.007
0 0 0 0 0 0 0 0 0 0
1.05237e+08 9.43999e+08 7.83401e+07 1.37207e+06 11 12 8.61741e+08 628.058 166.25 2558.92
1.45444e+08 1.89198e+09 9.23145e+07 2.4713e+08 9 14 8.30831e+08 3.36191 153.5 2006.99
1.31123e+09 1.37713e+09 4.80888e+07 282756 14 14 6.73243e+08 2381.01 69.5 2054.44
1.00832e+08 1.45495e+09 9.12026e+07 9.87988e+07 7 15 6.38419e+08 6.46181 99.7333 1403.38
1.87572e+09 1.74582e+09 6.9174e+07 1.27852e+06 17 11 1.17596e+09 919.78 248.182 3339.78
2.29646e+09 2.33726e+09 7.34517e+07 1.21864e+06 13 10 9.54872e+08 783.557 177.6 3240.71
2.00234e+08 7.34461e+08 8.21543e+07 2.69203e+07 14 11 1.15016e+09 42.7247 118 2395.38
3.54582e+08 1.93682e+09 8.6861e+07 1.77871e+08 14 12 1.21605e+09 6.83671 172.25 2821.56
9.04781e+08 1.12624e+09 8.1327e+07 2.65923e+07 14 10 1.13858e+09 42.8161 243.6 3256.01
1.57233e+09 9.97521e+09 6.40841e+07 1.73686e+07 3 19 1.92252e+08 11.0689 98.4211 448.581
7.28009e+07 1.27715e+09 8.60667e+07 1.47709e+08 9 15 7.74601e+08 5.24408 85.7333 1394.17
4.59199e+06 1.59973e+08 6.44089e+07 1.11261e+07 5 16 3.22045e+08 28.9449 113.938 864.846
1.34909e+09 1.59142e+09 7.79375e+07 2.38949e+07 18 8 1.40288e+09 58.7104 196.875 3688.13
4.44347e+07 8.2662e+08 8.40699e+07 1.55831e+07 9 14 7.56629e+08 48.5544 201.429 1930.46
3.87436e+08 5.29746e+08 7.03503e+07 923237 14 11 9.84904e+08 1066.79 148.727 2817.76
7.81033e+07 1.76901e+09 6.67369e+07 1.38963e+06 11 14 7.34105e+08 528.275 107.429 1661.91
1.95914e+08 1.66422e+09 8.47198e+07 3.81369e+08 13 12 1.10136e+09 2.88791 158.25 2495.4
4.55098e+07 8.03439e+08 5.86034e+07 291401 7 17 4.10224e+08 1407.77 103.529 1074.13
1.45607e+08 1.33436e+09 8.62287e+07 1.35414e+08 12 11 1.03474e+09 7.64132 98.9091 2290.67
1.12586e+08 1.07262e+09 8.95122e+07 8.97386e+07 13 9 1.16366e+09 12.9672 256 4177.22
3.21113e+08 1.06656e+09 8.59381e+07 1.88316e+07 18 10 1.54688e+09 82.143 132.9 3349.92
2.42452e+07 4.86444e+08 6.47764e+07 269346 6 18 3.88658e+08 1442.97 78.4444 715.708
3.96879e+09 3.14522e+09 6.33528e+07 2.8561e+06 17 11 1.077e+09 377.086 116.909 2576.75
2.03371e+08 8.70572e+08 8.05542e+07 1.2189e+07 13 8 1.0472e+09 85.9137 445.5 15717.8
7.65563e+07 6.13786e+08 5.46019e+07 697218 13 14 7.09824e+08 1018.08 197.429 2068.35
2.02357e+07 5.06346e+08 5.66494e+07 323326 4 15 2.26597e+08 700.833 58.4 1136.49
1.91571e+08 1.6289e+09 8.17187e+07 3.19825e+07 17 10 1.38922e+09 43.4368 110.1 3412.79
1.21786e+08 7.82989e+08 7.79712e+07 4.21128e+06 10 13 7.79712e+08 185.148 244.769 2234.18
4.64496e+09 6.99766e+09 7.60064e+07 1.53919e+08 10 13 7.60064e+08 4.93809 94.9231 2291.07
7.82952e+07 1.0101e+09 9.10703e+07 1.43954e+08 10 13 9.10703e+08 6.32637 206.769 2383.79
1.91223e+07 2.46847e+08 8.61111e+07 1.48754e+06 9 13 7.75e+08 520.995 271.692 2162.84
2.20971e+08 1.17264e+09 8.3552e+07 2.36281e+07 14 12 1.16973e+09 49.5059 120.25 2565.97
3953.63 39536.3 2.5e+07 39534.7 2 20 5e+07 1264.71 98.95 141.737
56697.1 392922 3.12567e+07 153782 3 18 9.377e+07 609.76 58.4444 677.112
0 0 0 0 0 0 0 0 0 0
1.303e+08 1.08862e+09 7.89752e+07 1.20604e+07 13 12 1.02668e+09 85.1279 198.25 2730.29
9.17368e+07 1.0648e+09 7.98802e+07 1.04026e+06 10 14 7.98802e+08 767.89 135.429 1841.88
1.74014e+08 1.07933e+09 8.83546e+07 2.04342e+07 15 10 1.32532e+09 64.8579 218.1 3640.77
9.26557e+08 2.74268e+09 6.39206e+07 533310 7 17 4.47444e+08 838.995 109.529 1075.07
2.31058e+09 3.86123e+09 6.27556e+07 827256 10 14 6.27556e+08 758.6 179.429 1865.44
2.41195e+09 3.07244e+09 6.97085e+07 7.27536e+06 12 13 8.36502e+08 114.977 339.077 2722.46
2.22566e+08 1.4313e+09 8.21462e+07 2.47156e+07 17 9 1.39649e+09 56.5023 172 3901.53
4.97786e+07 8.0082e+08 8.19189e+07 2.02491e+07 8 16 6.55351e+08 32.3645 91.9375 1307.85
2.07628e+09 5.65407e+09 6.13951e+07 1.97805e+06 6 16 3.68371e+08 186.229 110.938 1192.93
1.82301e+08 1.42565e+09 8.35608e+07 1.83217e+07 11 9 9.19169e+08 50.1683 284.222 3436.39
2.66354e+08 1.48079e+09 8.72554e+07 2.58906e+07 16 9 1.39609e+09 53.9225 205.556 4258.6
5.5344e+07 5.99035e+08 7.22045e+07 7.9238e+06 9 15 6.4984e+08 82.0112 58.9333 1252.91
260255 1.94452e+07 8.53834e+07 4.94485e+06 2 19 1.70767e+08 34.5343 76.9474 405.101
3.47431e+09 2.96158e+09 7.08253e+07 2.12368e+06 15 10 1.06238e+09 500.255 159.6 3058.81
2.07023e+08 1.35039e+09 8.99076e+07 1.46326e+07 14 9 1.25871e+09 86.0205 200 3914.2
4.84178e+07 6.9422e+08 8.53834e+07 1.24447e+08 7 16 5.97684e+08 4.80271 59.9375 1039.89
8.4068e+08 1.62035e+09 8.33387e+07 3.96153e+07 15 12 1.25008e+09 31.5554 271.667 2993.88
1.91424e+09 8.70304e+09 6.28395e+07 9.71756e+08 4 16 2.51358e+08 0.258663 248.938 1032.78
9.43069e+08 2.36411e+09 8.54699e+07 4.42349e+08 12 12 1.02564e+09 2.31862 98 2326.4
2.05523e+07 7.97235e+08 7.13791e+07 102641 9 12 6.42412e+08 6258.85 136.917 2120.58
3.25408e+08 1.56604e+09 7.62513e+07 5.53159e+06 15 8 1.14377e+09 206.771 171.875 4014.92
0 0 0 0 0 0 0 0 0 0
1.09571e+07 5.55592e+08 6.83972e+07 830378 3 19 2.05192e+08 247.106 80.4211 437.04
3.45517e+07 4.80548e+08 7.75103e+07 834905 7 16 5.42572e+08 649.861 58 1244.58
2.56065e+09 3.20578e+09 7.55534e+07 2.53888e+06 14 13 1.05775e+09 416.621 143.692 2429.43
1.16005e+08 1.46354e+09 9.07792e+07 2.37199e+08 9 15 8.17013e+08 3.44441 70.4 1529.3
7.67483e+07 7.51604e+08 8.97307e+07 3.48231e+08 7 16 6.28115e+08 1.80373 54 1221.67
1.56613e+08 1.26612e+09 8.09105e+07 478555 11 14 8.90016e+08 1859.8 127.429 1797.57
0 0 0 0 0 0 0 0 0 0
1.32916e+08 2.00502e+09 6.66234e+07 8.55688e+06 8 15 5.32987e+08 62.2876 175.733 1383.7
1.44725e+08 1.30976e+09 9.05637e+07 3.1335e+07 14 10 1.26789e+09 40.4625 134 3121.27
8.83494e+08 3.87805e+09 7.82748e+07 3.39437e+08 6 17 4.69649e+08 1.38361 123.529 975.498
2.81954e+08 1.06368e+09 7.90025e+07 1.03617e+07 9 16 7.11022e+08 68.6205 99.75 1358.84
2.43222e+09 3.10399e+09 8.54333e+07 3.38312e+08 16 11 1.36693e+09 4.04045 163.636 3323.28
1.09033e+08 1.32368e+09 9.11608e+07 9.00559e+07 9 15 8.20447e+08 9.11043 130 1595.08
1.8294e+07 1.98718e+08 7.71865e+07 6.12069e+06 8 16 6.17492e+08 100.886 74.4375 1297.83
1.2107e+09 3.33169e+09 7.21132e+07 613886 7 16 5.04792e+08 822.29 119 1285.35
2.05783e+08 1.13944e+09 8.35698e+07 3.32301e+06 17 10 1.42069e+09 427.53 368.4 4147.85
245916 1.67447e+07 8.73403e+07 4.6724e+06 2 19 1.74681e+08 37.3856 58.1053 410.145
1.05409e+09 1.05409e+10 2.3722e+07 167250 2 20 4.74441e+07 283.672 67.2 145.06
1.51246e+08 1.07557e+09 8.28075e+07 1.07043e+06 12 12 9.9369e+08 928.31 122.25 2146.99
2.80578e+12 0 6.25e+06 4.76982e+13 4 17 2.5e+07 5.24129e-07 119.529 908.156
5.53361e+08 1.33012e+09 6.40442e+07 1.61126e+06 12 13 7.6853e+08 476.976 80.7692 2113.34
2.11541e+08 7.59737e+08 7.92639e+07 1.6933e+06 13 9 1.03043e+09 608.534 386 3826.09
1.81009e+08 1.11087e+09 8.58196e+07 1.72476e+08 13 12 1.11565e+09 6.46845 174.25 2613.54
1.81443e+08 1.42555e+09 9.08086e+07 2.71613e+07 13 11 1.18051e+09 43.463 124.182 2882.32
6.5778e+07 1.34462e+09 7.77756e+07 1.43044e+06 8 16 6.22204e+08 434.976 113.75 1209.15
1.21828e+08 1.25816e+09 8.80192e+07 1.42198e+07 13 12 1.14425e+09 80.4688 81.6667 2390.6
0 0 0 0 0 0 0 0 0 0
5.51398e+17 0 4.20208e+07 9.87308e+16 10 9 4.20208e+08 4.25609e-09 156.889 3592.96
8.61823e+08 2.13338e+09 8.394e+07 6.76043e+07 14 12 1.17516e+09 17.3829 138.25 2761.05
8.27661e+07 1.32859e+09 8.98762e+07 1.48966e+08 8 15 7.1901e+08 4.82666 148.4 1622.99
4.56309e+07 1.48751e+09 8.60024e+07 2.25432e+08 4 18 3.4401e+08 1.526 138.5 702.547
4045.84 39314.1 2.5e+07 29088.9 3 19 7.5e+07 2578.3 76.4211 434.294
1.16669e+08 1.24087e+09 7.707e+07 1.32848e+06 12 12 9.2484e+08 696.162 113.667 2410.32
6.18863e+07 6.38039e+08 6.81891e+07 2.30943e+06 11 13 7.5008e+08 324.79 113.077 1597.5
728900 5.05939e+07 8.65815e+07 1.38491e+07 2 19 1.73163e+08 12.5036 49.6842 420.563
8.96365e+07 1.71089e+09 8.33067e+07 6.21763e+06 9 13 7.4976e+08 120.586 80.7692 2058.19
1.18263e+09 3.37644e+09 7.35851e+07 3.70366e+06 7 17 5.15096e+08 139.078 89.5294 1139.91
1.09819e+08 1.7157e+09 9.26632e+07 1.4925e+08 7 15 6.48642e+08 4.34602 158.4 1622.83
1.15386e+07 2.81494e+08 7.96166e+07 9.03539e+07 5 17 3.98083e+08 4.40582 59.8824 845.463
5.7769e+11 0 8.33333e+06 9.82073e+12 3 17 2.5e+07 2.54564e-06 47.0588 857.296
1.39908e+07 4.08362e+08 8.67412e+07 1.18996e+08 4 18 3.46965e+08 2.91576 54.5 724.631
1.42251e+08 1.10417e+09 7.76051e+07 1.71447e+06 13 13 1.00887e+09 588.443 119.692 2279.22
5.7989e+07 9.5278e+08 8.71805e+07 5.54304e+07 12 11 1.04617e+09 18.8735 278.727 3500.53
9.31563e+07 1.58751e+09 9.12597e+07 2.00653e+08 7 16 6.38818e+08 3.1837 143 1175.67
6.34808e+07 7.48007e+08 8.67526e+07 1.09647e+08 7 16 6.07268e+08 5.5384 62.9375 1248.47
1.75663e+08 1.59368e+09 9.00528e+07 3.27079e+08 13 12 1.17069e+09 3.57922 116 2472.78
2.38241e+09 3.09551e+09 8.50525e+07 1.25621e+07 14 12 1.19073e+09 94.788 145.667 2624.05
1.05809e+09 1.47133e+09 6.88404e+07 1.36929e+06 17 10 1.17029e+09 854.669 292 3555.43
1.79942e+08 1.19697e+09 8.16529e+07 3.70907e+06 17 10 1.3881e+09 374.244 206.9 3771.5
4.83072e+07 8.73827e+08 8.53834e+07 1.97769e+08 8 14 6.83067e+08 3.45387 152.929 1462.05
7.61153e+08 2.16271e+09 7.04691e+07 2.61798e+06 11 14 7.7516e+08 296.091 113.429 1780.91
3.44815e+07 8.60412e+08 8.67712e+07 3.33846e+07 8 14 6.94169e+08 20.7931 76.3571 1600.61
1.71776e+07 3.72672e+08 8.19169e+07 1.33637e+08 5 16 4.09585e+08 3.06491 88.9375 979.958
2.78293e+07 8.54433e+08 8.6242e+07 2.4269e+08 4 18 3.44968e+08 1.42143 43.6111 649.907
4.58839e+09 4.10785e+09 7.78115e+07 9.14423e+06 15 11 1.16717e+09 127.64 205.636 3130.72
2.26262e+08 1.32146e+09 9.03982e+07 2.74474e+07 14 12 1.26558e+09 46.109 189.667 2818.4
4.18117e+08 1.34271e+09 8.29406e+07 1.95368e+08 12 13 9.95288e+08 5.09441 108.308 1972.55
885.77 17715.4 2.5e+07 17715.4 1 20 2.5e+07 1411.2 56.95 143.072
0 0 0 0 0 0 0 0 0 0
1.09811e+08 1.62843e+09 7.87362e+07 3.31636e+07 9 14 7.08626e+08 21.3676 208.857 1752.67
7.21616e+07 1.50114e+09 8.97307e+07 7.80887e+07 7 15 6.28115e+08 8.04361 126.933 1444.16
1.05969e+09 2.415e+09 8.19755e+07 2.52728e+07 9 15 7.3778e+08 29.1926 102.4 1652.56
0 0 0 0 0 0 0 0 0 0
3.89324e+08 1.74051e+09 8.80691e+07 1.13924e+08 16 9 1.40911e+09 12.3688 228 4342.72
2.73551e+08 1.64555e+09 8.73003e+07 6.99724e+07 18 8 1.57141e+09 22.4575 220 4618.1
645448 1.67654e+08 5.64896e+07 156499 4 18 2.25958e+08 1443.83 96 513.45
1.05658e+08 9.96076e+08 8.86342e+07 1.27181e+08 10 15 8.86342e+08 6.96915 76.9333 1702.19
5.76601e+07 1.04526e+09 8.58182e+07 2.66334e+07 9 15 7.72364e+08 28.9999 94.9333 1546.67
1.67047e+08 1.17753e+09 8.71959e+07 1.72002e+07 13 14 1.13355e+09 65.9031 131.429 2251.36
1.82352e+08 1.15711e+09 8.82873e+07 4.58615e+07 14 9 1.23602e+09 26.9512 180 3420.56
1.34755e+08 1.14976e+09 8.87487e+07 1.08021e+08 15 11 1.33123e+09 12.3238 273.636 3834.6
1.81415e+09 2.58008e+09 6.94028e+07 661492 13 13 9.02236e+08 1363.94 114.308 2140.83
7.49072e+07 1.43355e+09 9.05485e+07 3.05191e+08 6 17 5.43291e+08 1.78016 53.5294 1179.57
9.52105e+07 1.66877e+09 9.30112e+07 2.40019e+08 6 17 5.58067e+08 2.3251 117.529 1224.29
2.52801e+07 6.96678e+08 8.45527e+07 1.05338e+08 5 17 4.22764e+08 4.01339 177.529 1053.88
1.96041e+08 9.51196e+08 8.31896e+07 4.35001e+07 15 8 1.24784e+09 28.686 166 3893.54
2.62973e+07 8.05321e+08 6.68087e+07 4.92881e+06 9 14 6.01278e+08 121.993 67.5 1629.9
1.85295e+08 1.63451e+09 8.05726e+07 1.47053e+07 13 13 1.04744e+09 71.2288 88.9231 2326.53
1.83167e+06 9.94229e+07 8.6262e+07 3.48018e+07 2 19 1.72524e+08 4.95733 78 389.564
1.44347e+07 7.35713e+08 7.82291e+07 723884 7 15 5.47604e+08 756.48 200.933 1409.21
6.53427e+07 1.0448e+09 7.70653e+07 2.43056e+06 7 17 5.39457e+08 221.948 87.5294 1098.22
3563.61 35636.1 2.5e+07 34134.9 2 20 5e+07 1464.78 44.95 138.665
1.4112e+08 1.52243e+09 9.0623e+07 9.48961e+07 10 15 9.0623e+08 9.54971 134.933 1676.22
14429.1 288582 2.5e+07 288582 1 20 2.5e+07 86.6304 99.2 146.493
8699.17 79674 2.5e+07 65912.9 3 19 7.5e+07 1137.86 64.1053 413.855
2.97169e+07 1.23755e+09 9.44888e+07 1.63014e+07 7 15 6.61422e+08 40.5746 66.4 1340.83
2.566e+12 0 3.57143e+06 4.1056e+13 7 16 2.5e+07 6.08924e-07 54.9375 1286.25
2693.48 26934.8 2.5e+07 26481.4 2 20 5e+07 1888.12 56.55 142.49
2.18274e+08 1.33221e+09 7.27316e+07 1.81653e+08 5 18 3.63658e+08 2.00194 50 732.389
1.31501e+09 3.76121e+09 5.99954e+07 366289 7 17 4.19968e+08 1146.55 135.882 1045.61
2.50931e+08 1.15448e+09 9.33021e+07 6.7183e+07 14 9 1.30623e+09 19.4429 155.556 3725.71
2.70724e+09 3.8737e+09 7.1033e+07 3.30738e+06 9 10 6.39297e+08 193.294 148.4 2596.34
9.62539e+07 9.83493e+08 7.36707e+07 5.97872e+06 14 10 1.03139e+09 172.51 199.6 3118.66
1.44073e+08 1.36626e+09 9.1869e+07 6.23686e+07 10 13 9.1869e+08 14.73 156.923 2387.59
1.32754e+09 4.42152e+09 8.50981e+07 3.62249e+08 7 17 5.95687e+08 1.64441 241.882 1252.9
2.01802e+13 0 2.22222e+07 2.6104e+13 9 12 2e+08 7.66166e-06 174.667 2685.86
3.74195e+07 5.26123e+08 7.84563e+07 4.85116e+06 11 13 8.63019e+08 177.899 118.308 2353.51
5.78813e+08 8.75319e+08 8.1578e+07 6.60404e+07 14 8 1.14209e+09 17.2939 251.875 4263.6
1.5877e+08 1.62366e+09 8.81236e+07 4.61377e+07 13 13 1.14561e+09 24.8302 170.769 2403.78
2.77241e+09 3.63102e+09 8.11958e+07 8.83542e+07 14 9 1.13674e+09 12.8657 131.556 3512.72
0 0 0 0 0 0 0 0 0 0
1.10445e+07 1.93222e+08 8.59425e+07 3.034e+07 8 15 6.8754e+08 22.6612 111.733 1586.2
4.92239e+07 2.95581e+08 5.60969e+07 312763 12 14 6.73163e+08 2152.31 103.5 2031.17
1.05171e+09 1.81142e+09 8.35304e+07 4.96692e+07 15 11 1.25296e+09 25.226 122.545 2638.26
3.13148e+09 5.54835e+09 6.12442e+07 1.0195e+06 9 15 5.51198e+08 540.656 143.733 1505.02
9.61573e+07 2.07171e+09 8.04199e+07 7.0052e+06 7 16 5.62939e+08 80.3602 109.938 1104.04
1.59051e+07 3.0054e+08 8.48919e+07 1.84456e+06 13 8 1.10359e+09 598.297 70 2824.29
1.20125e+08 1.32487e+09 9.18797e+07 4.10154e+08 9 14 8.26917e+08 2.01611 139.5 1838.33
1.79228e+08 1.57261e+09 8.57101e+07 1.27015e+06 11 14 9.42812e+08 742.285 97.4286 1945.42
4.21453e+07 1.40317e+09 8.76837e+07 1.63748e+07 5 16 4.38419e+08 26.7739 66.4375 984.163
1.09131e+09 1.6548e+09 7.81017e+07 9.19611e+07 18 8 1.40583e+09 15.2872 148 3692.51
1.97815e+08 1.83002e+09 8.89444e+07 3.73718e+08 12 14 1.06733e+09 2.85598 75.2143 2061.01
2.27181e+09 3.59544e+09 8.03674e+07 1.18591e+08 10 13 8.03674e+08 6.77685 265.692 2451.3
4.60648e+13 0 1.89297e+07 6.09709e+13 11 13 2.08227e+08 3.41518e-06 149.077 2277.01
3.09276e+09 3.75989e+09 7.67914e+07 1.98716e+07 14 12 1.07508e+09 54.1012 192.917 2657.29
1.33897e+08 9.00384e+08 8.32637e+07 1.47341e+08 13 9 1.08243e+09 7.3464 168 3185.04
7.08658e+07 1.86404e+09 8.40699e+07 7.76989e+07 9 14 7.56629e+08 9.73797 219.429 1788.71
8.48979e+08 1.36938e+09 7.72649e+07 2.56364e+07 14 12 1.08171e+09 42.1943 161.667 2547.42
5.94573e+07 4.67769e+08 8.43378e+07 1.3063e+07 11 12 9.27716e+08 71.0187 100.667 2612.23
1.02167e+09 4.47806e+09 5.14856e+07 834062 5 18 2.57428e+08 308.644 68.4444 702.215
3.73298e+09 4.08685e+09 7.04701e+07 2.9912e+06 14 13 9.86581e+08 329.828 170.308 2462.77
4.30003e+07 1.21711e+09 8.9996e+07 2.33671e+08 4 18 3.59984e+08 1.54056 88.5 718.958
1.61129e+09 4.27643e+09 7.40187e+07 3.35402e+06 7 17 5.18131e+08 154.48 152.235 1025.92
2.01364e+09 4.98402e+09 6.07827e+07 1.38425e+06 7 17 4.25479e+08 307.372 81.0588 1067.72
5.33606e+07 1.02832e+09 7.89936e+07 926012 13 10 1.02692e+09 1108.97 208 3026.65
