2.09734e+09 2.37528e+09 7.0521e+07 2.65906e+07 13 6 9.16773e+08 34.4774 201.333 4245.61
2.31219e+08 1.85311e+09 8.53168e+07 1.37098e+08 12 6 1.0238e+09 7.46764 225.333 4895.77
3.34369e+09 2.14601e+09 7.43663e+07 1.03653e+06 15 8 1.1155e+09 1076.19 262.875 4208.62
2.79961e+08 1.41958e+09 8.95367e+07 1.86349e+08 14 8 1.25351e+09 6.72669 122 4040.82
2.37977e+09 3.35508e+09 8.27248e+07 2.43315e+08 14 9 1.15815e+09 4.75986 198 3318.85
8.97702e+07 8.40883e+08 8.22308e+07 5.23488e+06 17 6 1.39792e+09 267.04 356 5745.45
2.94452e+08 1.31387e+09 8.54163e+07 7.47623e+07 17 8 1.45208e+09 19.4226 84 4095.69
1.99668e+08 8.90294e+08 8.67861e+07 5.8762e+06 16 6 1.38858e+09 236.305 175.333 5095.83
1.75054e+08 1.54818e+09 8.51192e+07 2.48382e+06 13 7 1.10655e+09 445.502 360 5578.32
3.33307e+08 1.46676e+09 8.91161e+07 5.2002e+07 15 5 1.33674e+09 25.7055 94.8 5501.64
1.25805e+08 1.42195e+09 8.56976e+07 5.19385e+07 15 6 1.28546e+09 24.7497 285.333 7256.11
3.88317e+08 1.80231e+09 7.79798e+07 2.46351e+07 13 7 1.01374e+09 41.1501 149.429 4014.62
5.84015e+08 1.65641e+09 7.99899e+07 7.48612e+07 19 8 1.51981e+09 20.3017 160 4045.64
1.00271e+08 1.304e+09 8.79925e+07 1.88374e+07 12 8 1.05591e+09 56.0539 242 5061.62
1.70971e+08 1.05585e+09 8.43942e+07 1.01903e+07 13 7 1.09712e+09 107.664 264.857 15458
2.39595e+08 1.05263e+09 8.64217e+07 6.17717e+07 14 6 1.2099e+09 19.5867 211.333 5372.31
1.11924e+08 9.00993e+08 8.82654e+07 2.16631e+07 12 6 1.05919e+09 48.8934 262 5745.97
8.90751e+07 1.31674e+09 8.99071e+07 1.15056e+07 11 6 9.88978e+08 85.956 134 4736.31
1.60233e+08 2.2887e+09 7.74197e+07 4.81394e+06 17 8 1.31613e+09 273.4 105.5 4044.19
4.63674e+08 1.37563e+09 8.51171e+07 1.06888e+08 15 7 1.27676e+09 11.9448 330 5278.01
1.55626e+09 2.18083e+09 7.78621e+07 5.69065e+07 12 8 9.34345e+08 16.4189 246 3812.38
7.88228e+07 9.05734e+08 8.1033e+07 4.10189e+06 15 6 1.2155e+09 296.326 353.333 7285.4
2.62581e+08 1.11127e+09 8.67678e+07 1.24386e+07 15 5 1.30152e+09 104.636 154.8 5366.38
3.1391e+08 1.37221e+09 8.33396e+07 9.52974e+06 17 9 1.41677e+09 148.669 64 3375.47
1.19225e+08 8.28549e+08 7.36954e+07 4.03937e+07 12 5 8.84345e+08 21.8931 218.8 4988.94
2.5476e+08 8.43066e+08 8.45847e+07 1.37644e+07 16 6 1.35335e+09 98.3226 131.333 3918.58
4.86883e+08 1.31919e+09 8.12065e+07 3.17352e+07 17 10 1.38051e+09 43.501 178.9 3083.46
2.69251e+08 1.80352e+09 8.53492e+07 11247 14 8 1.19489e+09 106241 140 3705.07
1.85463e+08 1.48093e+09 8.80405e+07 2.02063e+07 15 8 1.32061e+09 65.3563 99.875 3936.63
2.26796e+08 1.05379e+09 9.05198e+07 1.13943e+08 13 6 1.17676e+09 10.3276 265.5 5388
1.15513e+08 1.39519e+09 8.20986e+07 4.2476e+07 16 8 1.31358e+09 30.9252 202.875 4100.37
1.6377e+08 9.3626e+08 8.8114e+07 6.69608e+07 16 7 1.40982e+09 21.0545 190.857 5059.94
1.29213e+08 1.24975e+09 8.55378e+07 4.91406e+07 15 6 1.28307e+09 26.1101 96.8333 4744.81
3.19773e+08 9.55972e+08 8.40866e+07 1.54141e+07 17 7 1.42947e+09 92.7383 232 4957.58
1.81771e+08 9.88446e+08 8.42959e+07 1.17678e+07 13 6 1.09585e+09 93.1224 291.333 5449.03
3.41142e+08 1.3818e+09 8.95467e+07 2.22369e+08 16 7 1.43275e+09 6.44312 162 4833.27
3.12434e+08 1.10904e+09 8.88555e+07 2.35174e+07 17 6 1.51054e+09 64.2309 84.8333 4538.82
8.94663e+08 2.20441e+09 7.33284e+07 9.93216e+06 14 9 1.0266e+09 103.361 298 3584.08
4.18116e+08 1.99229e+09 8.43078e+07 3.11274e+08 15 7 1.26462e+09 4.06272 269.429 4494.92
1.31658e+08 1.18389e+09 8.21725e+07 1.42375e+07 15 7 1.23259e+09 86.5735 128.857 4467.31
3.52461e+08 1.67738e+09 8.93065e+07 2.37672e+08 17 6 1.51821e+09 6.38783 21.5 4533.2
7.38831e+07 1.77918e+09 7.88445e+07 1.08347e+07 15 5 1.18267e+09 109.155 208 5469.68
1.77622e+08 1.03513e+09 8.54119e+07 4.13625e+07 14 6 1.19577e+09 28.9095 190.833 4994.44
2.41322e+08 1.67654e+09 8.97391e+07 3.14836e+07 15 5 1.34609e+09 42.7551 63.2 4773.48
1.34727e+09 2.15177e+09 8.03514e+07 2.20649e+08 14 7 1.12492e+09 5.09822 249.429 4401.39
2.47063e+08 1.27806e+09 9.0605e+07 1.72785e+07 16 9 1.44968e+09 83.9011 190.889 4079.2
2.54817e+08 1.15402e+09 8.95687e+07 1.66693e+08 10 6 8.95687e+08 5.37326 275.5 6504.23
1.87705e+08 1.69501e+09 6.93804e+07 5.11832e+06 14 8 9.71326e+08 189.774 238 3367.89
9.75162e+07 2.9696e+09 8.14333e+07 5.74704e+06 11 5 8.95767e+08 155.866 96 14910.5
1.27785e+09 2.11345e+09 7.89404e+07 2.98292e+06 15 8 1.18411e+09 396.962 244 4065.06
3.04862e+08 2.34865e+09 8.43819e+07 2.36305e+06 13 11 1.09696e+09 464.215 255.636 3294.03
2.03652e+08 8.41029e+08 8.64883e+07 3.28624e+07 12 8 1.03786e+09 31.5819 236.875 4103.23
1.83328e+18 0 6.83107e+07 1.34986e+15 16 8 1.09297e+09 8.0969e-07 144 4167.35
7.85009e+08 1.55699e+09 7.86e+07 4.64935e+07 14 9 1.1004e+09 23.6678 420 4807.24
3.45211e+08 1.55364e+09 8.76997e+07 4.75798e+07 15 6 1.3155e+09 27.6482 131.5 5116.11
2.0728e+08 1.89792e+09 9.37918e+07 7.27432e+07 11 7 1.03171e+09 14.1829 262 4771.38
1.82737e+08 1.01789e+09 8.37061e+07 2.72811e+07 15 9 1.25559e+09 46.0242 200 4089.64
2.59378e+09 2.73249e+09 6.16429e+07 469412 13 7 8.01358e+08 1707.15 239.714 3942.71
2.3215e+08 1.26092e+09 8.9345e+07 8.99957e+07 15 6 1.34018e+09 14.8915 158.833 5007.31
2.8462e+08 1.41138e+09 8.14321e+07 6.77294e+06 17 8 1.38435e+09 204.394 122.875 4260.27
2.56817e+08 1.68075e+09 8.88179e+07 5.57284e+06 16 5 1.42109e+09 255.002 126.8 6246.01
4.85285e+08 1.35576e+09 8.55055e+07 1.27388e+07 17 8 1.45359e+09 114.108 126 3748.08
3.26053e+08 1.5573e+09 8.16084e+07 2.13477e+07 19 8 1.55056e+09 72.6335 388 5320.94
2.60223e+08 1.86463e+09 8.29701e+07 3.27219e+07 14 5 1.16158e+09 35.4986 55.2 4616.07
2.62847e+08 2.22829e+09 8.30245e+07 6.02023e+07 15 7 1.24537e+09 20.6864 317.714 4293.26
2.80923e+08 1.69773e+09 8.62743e+07 4.11136e+07 13 6 1.12157e+09 27.2797 271.333 5408.51
1.76248e+08 9.27643e+08 8.57912e+07 3.16983e+07 19 7 1.63003e+09 51.4233 268 5478.28
3.11776e+08 1.85278e+09 9.25091e+07 1.96745e+08 14 8 1.29513e+09 6.58277 138 4194.31
1.90786e+08 1.50636e+09 8.50857e+07 1.15342e+07 11 9 9.35942e+08 81.1451 106.222 3095.43
1.01526e+09 1.62654e+09 8.65735e+07 2.08094e+08 10 6 8.65735e+08 4.16031 265.5 5388.65
7.28046e+07 2.59533e+09 7.61874e+07 5.03401e+06 15 6 1.14281e+09 227.018 209.333 5299.65
2.60811e+09 2.735e+09 7.0273e+07 3.45587e+06 11 6 7.73003e+08 223.678 401.333 16575.8
2.73581e+08 2.01038e+09 7.81607e+07 9.26102e+06 14 9 1.09425e+09 118.156 222.889 3880.46
1.08035e+09 1.53297e+09 7.85328e+07 3.18941e+07 13 5 1.02093e+09 32.0099 393.2 119188
1.18795e+08 2.36234e+09 8.48775e+07 6.1144e+07 12 7 1.01853e+09 16.6579 386.857 4959.7
7.32444e+08 2.38264e+09 7.97823e+07 1.966e+08 16 6 1.27652e+09 6.49298 245.5 5624.6
1.75033e+08 1.44097e+09 8.78395e+07 1.06924e+07 16 9 1.40543e+09 131.442 193.556 4161.99
6.09624e+08 2.12954e+09 8.21785e+07 4.85034e+07 16 7 1.31486e+09 27.1086 105.714 3863.28
8.80627e+09 4.90405e+09 6.90146e+07 3.98201e+06 16 8 1.10423e+09 277.305 210 4044.14
3.64781e+08 2.22971e+09 7.48203e+07 2.51057e+06 16 5 1.19712e+09 476.834 296.8 5870.96
1.84007e+08 1.76303e+09 8.0981e+07 7.00225e+07 17 6 1.37668e+09 19.6605 199.333 4881.33
2.45459e+08 8.46703e+08 8.32879e+07 6.61757e+07 17 6 1.41589e+09 21.396 253.333 5754.68
1.54608e+08 7.90398e+08 7.72614e+07 1.45324e+08 16 4 1.23618e+09 8.50641 139 7035.84
4.10179e+07 6.59308e+08 7.1226e+07 3.15051e+06 16 6 1.13962e+09 361.724 208 4874.72
1.96607e+08 1.24316e+09 8.26442e+07 2.35962e+07 17 8 1.40495e+09 59.5415 188.875 4235.87
3.04501e+08 1.44434e+09 8.48243e+07 6.35275e+07 16 9 1.35719e+09 21.3638 342 4305.35
6.04388e+07 7.02653e+08 8.61821e+07 1.01317e+08 9 5 7.75639e+08 7.65553 365.2 8995.17
3.87965e+08 1.01199e+09 8.47162e+07 3.34666e+08 17 8 1.44018e+09 4.30332 178 4565.68
1.21021e+08 1.44508e+09 8.63419e+07 9.8171e+07 14 5 1.20879e+09 12.3131 134 5307.56
1.43702e+09 2.59117e+09 7.54952e+07 2.14099e+08 15 5 1.13243e+09 5.28927 149.2 5046.74
5.14607e+07 3.91446e+08 7.23692e+07 9.18531e+06 16 9 1.15791e+09 126.061 104.889 2828.14
1.82033e+08 1.16947e+09 8.82531e+07 1.61649e+08 14 7 1.23554e+09 7.64336 146 4744.23
1.4301e+08 3.48925e+09 8.08387e+07 4.19658e+07 10 5 8.08387e+08 19.263 200.8 6052.54
2.61037e+08 1.73129e+09 7.94728e+07 1.03085e+07 14 7 1.11262e+09 107.932 156.857 3972.94
4.23593e+08 1.6733e+09 8.59125e+07 1.11624e+08 16 7 1.3746e+09 12.3146 260.857 4905.19
3.54061e+08 1.28164e+09 8.88578e+07 1.71089e+08 14 5 1.24401e+09 7.27111 276.8 7599.8
1.25829e+08 9.77248e+08 9.04039e+07 4.3519e+07 14 8 1.26565e+09 29.0828 449.5 6723.67
2.28319e+08 1.93231e+09 8.31576e+07 3.12661e+08 15 7 1.24736e+09 3.98951 193.429 4190.13
6.66731e+07 1.99129e+09 8.58056e+07 1.29265e+07 14 7 1.20128e+09 92.9314 126 4380.07
2.82275e+09 2.6682e+09 8.25186e+07 4.42681e+06 15 8 1.23778e+09 279.61 231.5 4374.92
5.70846e+08 1.78119e+09 7.97424e+07 3.26399e+06 16 8 1.27588e+09 390.896 113.875 3564.88
2.36255e+08 1.86498e+09 8.63152e+07 2.35479e+08 15 7 1.29473e+09 5.49827 160 4430.95
4.04731e+08 1.59937e+09 8.08706e+07 1.86199e+08 16 5 1.29393e+09 6.94918 116.8 5135.87
1.27134e+08 1.982e+09 8.82225e+07 8.17305e+06 11 7 9.70447e+08 118.737 205.714 4634.19
5.25637e+08 1.0881e+09 8.43344e+07 1.01374e+08 15 7 1.26502e+09 12.4787 206.857 4369.12
7.13602e+08 1.99574e+09 8.73097e+07 8.88456e+06 17 9 1.48427e+09 167.061 90.8889 3319.25
5.13694e+09 3.88178e+09 7.31896e+07 2.33956e+07 15 7 1.09784e+09 46.9253 108 3540.89
1.69809e+08 1.27991e+09 8.74715e+07 6.54476e+07 14 7 1.2246e+09 18.7112 229.714 4488.64
1.82249e+08 7.29437e+08 8.82645e+07 5.12816e+07 14 8 1.2357e+09 24.0964 227.875 4157.2
7.00382e+08 1.36497e+09 7.99464e+07 3.10789e+07 14 9 1.11925e+09 36.0131 235.556 3313.97
2.71852e+08 1.10566e+09 9.08496e+07 3.38408e+07 16 8 1.45359e+09 42.9539 102 4210.97
3.80626e+08 1.50746e+09 8.87038e+07 1.34327e+07 14 6 1.24185e+09 92.4502 211.333 6012.86
4.06792e+08 1.55259e+09 8.00808e+07 1.50315e+08 18 7 1.44145e+09 9.58954 128 3893.83
5.46678e+07 1.53601e+09 8.63849e+07 7.21497e+07 13 6 1.123e+09 15.5649 394 5698.84
3.79235e+07 1.29122e+09 7.42184e+07 5.49553e+06 14 6 1.03906e+09 189.073 362.833 5707.8
1.56974e+09 1.62201e+09 7.86155e+07 3.72215e+07 15 9 1.17923e+09 31.6815 226.889 3886.48
1.50977e+08 1.20828e+09 8.63533e+07 7.15417e+06 14 8 1.20895e+09 168.985 115.5 3955.28
4.9088e+08 1.7673e+09 8.0655e+07 9.56483e+07 15 7 1.20982e+09 12.6487 190.857 4879.91
2.00695e+08 1.20484e+09 8.77738e+07 4.2124e+07 14 5 1.22883e+09 29.1718 324.8 7061.15
2.87872e+08 1.68463e+09 7.57588e+07 7.72864e+06 16 5 1.21214e+09 156.838 285.2 6067.89
3.39488e+09 2.45776e+09 7.76313e+07 3.54761e+06 18 8 1.39736e+09 393.889 171.5 4375.43
1.84726e+08 6.4695e+08 8.16171e+07 1.18591e+07 13 9 1.06102e+09 89.4687 306 4491.49
6.94841e+08 1.43068e+09 8.6688e+07 1.45584e+08 15 10 1.30032e+09 8.93173 170.4 3415.54
1.94346e+08 1.47807e+09 9.2938e+07 4.51828e+07 12 8 1.11526e+09 24.6832 177.5 3749.59
6.11458e+08 1.38444e+09 8.00627e+07 4.00087e+07 13 6 1.04081e+09 26.0147 205.5 4446.9
2.67151e+09 2.1396e+09 7.74361e+07 7.30137e+07 16 7 1.23898e+09 16.9691 381.714 5554.54
2.68754e+08 1.69355e+09 8.58177e+07 8.35923e+06 16 7 1.37308e+09 164.26 99.4286 4456.86
2.06822e+08 1.71587e+09 8.10809e+07 2.6486e+06 15 8 1.21621e+09 459.191 218.875 4292.36
4.9781e+08 1.07774e+09 7.90801e+07 1.09863e+07 12 5 9.48962e+08 86.3768 230.8 6679.34
5.04162e+08 1.76385e+09 7.8947e+07 1.51283e+07 12 7 9.47364e+08 62.6219 369.714 4489.89
1.29277e+08 1.35951e+09 9.06949e+07 6.44265e+07 8 6 7.25559e+08 11.2618 219.333 6294.24
5.84149e+07 9.42537e+08 7.17003e+07 8.21128e+06 16 6 1.1472e+09 139.711 102.833 4679.74
1.28723e+08 2.43469e+09 7.98783e+07 2.47566e+07 13 4 1.03842e+09 41.9451 74 15299.6
2.11578e+08 1.22061e+09 7.8309e+07 1.63694e+07 14 5 1.09633e+09 66.974 110 5011.02
2.1748e+09 2.60148e+09 7.69702e+07 3.94426e+07 15 7 1.15455e+09 29.2717 188 4367.08
9.2347e+07 9.56738e+08 8.26358e+07 8.20084e+06 15 8 1.23954e+09 151.148 241.5 4686.84
8.29036e+07 7.43442e+08 8.71456e+07 3.44407e+07 16 7 1.39433e+09 40.4849 74 4413.22
1.04634e+09 1.40797e+09 7.97973e+07 1.72519e+06 16 9 1.27676e+09 740.066 208.889 4210.76
2.31247e+08 2.05797e+09 8.74451e+07 4.74558e+07 16 7 1.39912e+09 29.4826 198 4982.17
5.90587e+08 1.18321e+09 8.69637e+07 3.31201e+07 14 8 1.21749e+09 36.7599 338 5387.8
1.30667e+08 1.0225e+09 8.78195e+07 1.28441e+08 14 5 1.22947e+09 9.57227 218.8 5517.24
1.5141e+09 1.09015e+09 8.04563e+07 5.4636e+06 16 7 1.2873e+09 235.614 229.714 5470.42
1.02673e+08 6.46042e+08 8.48722e+07 2.35415e+07 15 6 1.27308e+09 54.0783 262.833 5472.28
1.55557e+08 1.35044e+09 8.39115e+07 1.7962e+07 14 6 1.17476e+09 65.4026 113.333 4711.29
4.75141e+08 1.34251e+09 7.79271e+07 6.94958e+07 17 6 1.32476e+09 19.0625 359.5 5617.05
3.04301e+08 1.75999e+09 8.75666e+07 2.90417e+08 15 6 1.3135e+09 4.52281 173.333 5259.39
3.58229e+09 3.56545e+09 8.10703e+07 2.12984e+08 13 9 1.05391e+09 4.94832 190.889 3333.89
1.57143e+08 1.43701e+09 8.44802e+07 3.17096e+07 13 7 1.09824e+09 34.6344 280.857 5604.56
2.63133e+08 1.83066e+09 8.60703e+07 1.35441e+08 15 6 1.29105e+09 9.53222 173.5 5327.04
3.93094e+09 2.62837e+09 7.35712e+07 3.51257e+06 18 9 1.32428e+09 377.012 219.556 3905.08
2.63471e+09 2.60929e+09 8.35144e+07 1.94381e+08 15 6 1.25272e+09 6.44465 146.833 4706.24
3.96723e+08 1.34518e+09 8.99139e+07 1.5312e+08 18 7 1.61845e+09 10.5699 122.857 4630
1.87715e+08 2.0285e+09 8.57464e+07 1.27203e+06 11 10 9.43211e+08 741.499 198.4 3387.49
1.76746e+08 1.35581e+09 8.58413e+07 2.03663e+07 15 8 1.28762e+09 63.223 126 4118.5
2.40073e+09 3.05546e+09 8.67289e+07 1.85024e+08 13 9 1.12748e+09 6.09368 62.8889 3129.99
2.06315e+08 9.67821e+08 8.65715e+07 2.39164e+07 16 8 1.38514e+09 57.916 202.875 4342.64
1.897e+08 1.76871e+09 8.83759e+07 3.10274e+07 15 8 1.32564e+09 42.7248 174.875 3682.43
6.45024e+07 8.25072e+08 7.25411e+07 3.51169e+07 14 6 1.01558e+09 28.9199 120 4834.26
2.77292e+08 2.47182e+09 8.51438e+07 1.50975e+08 15 7 1.27716e+09 8.45938 102.857 4428.27
2.44329e+08 1.65497e+09 8.32019e+07 8.8077e+06 16 9 1.33123e+09 151.144 154.889 3634.66
1.97356e+08 2.28192e+09 7.79702e+07 1.42905e+07 16 7 1.24752e+09 87.2975 224.857 4816.83
3.40269e+08 2.15048e+09 8.51324e+07 1.81811e+08 14 5 1.19185e+09 6.55544 42.8 5242.97
2.03369e+08 1.54759e+09 8.96737e+07 1.219e+08 14 6 1.25543e+09 10.2989 250.833 5498.78
2.58818e+08 1.43981e+09 8.84585e+07 2.05361e+08 16 9 1.41534e+09 6.89193 110.889 3470.92
2.62881e+08 1.84947e+09 8.39923e+07 5.88491e+07 12 5 1.00791e+09 17.127 257.2 8047.24
3.18065e+08 1.68389e+09 8.7713e+07 6.09871e+07 18 6 1.57883e+09 25.888 163.333 5174.68
2.72743e+08 1.34969e+09 8.90481e+07 7.59925e+07 17 8 1.51382e+09 19.9206 110 4215.33
6.51422e+08 1.80769e+09 8.30316e+07 2.90359e+07 18 8 1.49457e+09 51.4732 162 4101.88
2.41392e+08 1.81557e+09 7.57538e+07 2.39019e+07 16 8 1.21206e+09 50.7098 236.875 4343.84
4.22992e+07 8.10119e+08 7.8774e+07 1.88302e+06 12 7 9.45288e+08 502.006 174.857 4460.34
9.85436e+07 9.68268e+08 8.67719e+07 6.21502e+07 13 6 1.12804e+09 18.1501 339.5 6531.61
2.16601e+08 1.51375e+09 7.9976e+07 5.79378e+07 10 8 7.9976e+08 13.8038 94.875 3068.65
2.80877e+08 1.01084e+09 8.57029e+07 1.48832e+07 17 6 1.45695e+09 97.8923 60 4791.84
1.90678e+09 1.72902e+09 8.41914e+07 3.36255e+06 13 7 1.09449e+09 325.494 255.714 4336.9
4.52048e+08 1.5824e+09 8.89101e+07 1.43101e+08 13 5 1.15583e+09 8.07701 69.2 4848.75
9.92499e+08 1.41348e+09 7.42934e+07 4.06097e+06 13 7 9.65815e+08 237.829 149.714 4012.25
5.56102e+08 1.06431e+09 7.88688e+07 1.53973e+06 16 9 1.2619e+09 819.56 296.889 4477.17
1.66571e+18 0 5.92099e+07 6.40744e+16 13 9 7.69728e+08 1.2013e-08 408.889 6548.57
6.84451e+08 7.90666e+08 8.17891e+07 4.93958e+07 16 6 1.30863e+09 26.4927 336.833 5641.54
3.42064e+07 1.18357e+09 8.65349e+07 2.3129e+07 12 6 1.03842e+09 44.8969 304.833 5186.98
2.23647e+08 1.14424e+09 8.8333e+07 1.07892e+08 14 5 1.23666e+09 11.4621 93.2 5586.42
2.26444e+09 1.92443e+09 8.00905e+07 3.62185e+07 15 7 1.20136e+09 33.1697 75.4286 3299.67
2.81e+08 3.12005e+09 7.29576e+07 8.66501e+06 14 6 1.02141e+09 117.877 25.3333 3422.9
2.22453e+08 1.77496e+09 9.0999e+07 1.72193e+07 13 10 1.18299e+09 68.7013 150.9 3186.11
2.03702e+09 2.34148e+09 7.46739e+07 1.01142e+07 12 8 8.96086e+08 88.5972 182 3417.21
1.08491e+08 1.21899e+09 8.3689e+07 2.02612e+07 14 6 1.17165e+09 57.8269 294.833 4805.74
2.79855e+08 1.09094e+09 8.58797e+07 1.20549e+08 14 6 1.20232e+09 9.97367 160.833 3498.39
1.82808e+09 2.08562e+09 8.61308e+07 3.80911e+07 14 8 1.20583e+09 31.6565 224.875 4671.24
2.15199e+08 1.88996e+09 8.07569e+07 2.18358e+06 13 11 1.04984e+09 480.789 230.727 2704.49
1.30394e+08 1.77819e+09 8.7263e+07 8.6555e+07 15 7 1.30895e+09 15.1227 77.4286 4030.75
1.78412e+16 0 6.99795e+07 1.0479e+14 7 11 4.89856e+08 4.67465e-06 236.727 3071.94
2.27922e+08 1.18749e+09 8.76697e+07 1.31602e+08 16 5 1.40272e+09 10.6587 74 5051.98
1.23807e+08 1.02928e+09 8.75685e+07 3.52103e+07 14 5 1.22596e+09 34.8181 186 6322.77
4.36491e+08 1.44676e+09 8.08257e+07 7.72083e+07 16 9 1.29321e+09 16.7496 160.889 3621.24
1.86405e+08 1.29958e+09 8.88379e+07 1.45706e+08 12 5 1.06605e+09 7.31649 257.2 5913.3
1.02114e+08 7.91592e+08 7.81642e+07 3.76392e+07 13 7 1.01613e+09 26.9967 269.429 5202.87
2.67399e+08 1.53542e+09 8.68395e+07 8.20418e+07 13 6 1.12891e+09 13.7602 194.833 5428.74
3.43776e+08 1.69193e+09 8.98938e+07 1.33876e+07 17 8 1.52819e+09 114.15 280 4457.18
1.55106e+09 2.07913e+09 8.43151e+07 5.3642e+07 16 7 1.34904e+09 25.149 126 4316.27
3.23931e+16 0 4.72284e+07 1.23608e+14 10 10 4.72284e+08 3.82082e-06 174.4 3139.69
2.01563e+08 1.49589e+09 7.50184e+07 1.36475e+06 13 6 9.7524e+08 714.594 160.833 3896.25
2.08687e+08 1.77128e+09 8.82219e+07 2.23839e+07 13 7 1.14688e+09 51.237 200.857 5324.9
5.79283e+07 1.11896e+09 7.43838e+07 1.06204e+07 14 7 1.04137e+09 98.0545 464.857 5838.66
1.7731e+09 1.51479e+09 7.68277e+07 5.59822e+06 17 8 1.30607e+09 233.301 172 4279.97
2.90555e+08 1.70598e+09 7.56989e+07 2.59607e+07 12 5 9.08387e+08 34.9909 85.2 4064.61
8.8723e+08 6.50403e+08 6.69529e+07 1.51214e+06 16 8 1.07125e+09 708.428 158.875 3693.27
7.0745e+08 9.60315e+08 8.28202e+07 4.31658e+07 11 5 9.11022e+08 21.1052 418.8 17322.9
1.83945e+08 1.12629e+09 8.41587e+07 1.96602e+07 15 8 1.26238e+09 64.2101 284 4206.31
2.15261e+09 2.05838e+09 7.82976e+07 1.98017e+07 14 8 1.09617e+09 55.357 228 3918.28
3.91823e+08 1.07329e+09 6.03616e+07 680445 11 12 6.63978e+08 975.8 110.667 2472.24
1.79075e+08 1.01222e+09 8.62106e+07 2.13297e+07 14 5 1.20695e+09 56.5853 233.2 6480.18
1.14861e+08 8.52299e+08 8.99304e+07 9.38007e+06 14 8 1.25903e+09 134.223 364 4215.2
4.96233e+09 4.19031e+09 8.47371e+07 3.00892e+06 11 7 9.32109e+08 309.782 311.429 6173.73
1.88183e+09 2.55554e+09 6.69728e+07 1.61279e+06 14 8 9.3762e+08 581.365 456.875 4560.88
1.1872e+08 1.25478e+09 8.64317e+07 3.23374e+07 16 8 1.38291e+09 42.765 258 5203.39
1.89068e+08 1.53494e+09 8.4385e+07 1.36444e+08 16 5 1.35016e+09 9.89533 125.2 5762.11
2.55104e+08 1.58046e+09 8.57942e+07 1.19149e+07 14 7 1.20112e+09 100.808 121.429 4052.95
2.04619e+08 1.90384e+09 7.50363e+07 3.61407e+06 11 8 8.25399e+08 228.385 243.875 3494.2
3.71609e+08 1.09105e+09 8.00572e+07 6.72642e+07 19 6 1.52109e+09 22.6136 379.333 6931.52
2.22282e+08 1.16838e+09 8.90882e+07 6.3335e+07 13 8 1.15815e+09 18.286 248.875 4634.1
