218247 8.37574e+06 6.52556e+07 223453 3 19 1.95767e+08 876.1 42.1053 290.882
2.11777e+08 2.06418e+09 9.02193e+07 2.07171e+08 11 12 9.92412e+08 4.79031 183 3152.27
6.31208e+08 1.57324e+09 7.95927e+07 1.77027e+06 14 12 1.1143e+09 629.451 186.917 3372.49
6.66044e+07 3.71195e+08 5.98025e+07 4.89117e+06 11 13 6.57827e+08 134.493 87.0769 1846.52
1.28935e+08 1.44105e+09 8.30671e+07 3.81684e+07 12 13 9.96805e+08 26.116 123.692 2321.98
1.31394e+06 1.24348e+08 8.63019e+07 2.49649e+07 2 19 1.72604e+08 6.91387 42.6316 330.572
4.70678e+13 0 1.25e+07 3.3164e+13 6 16 7.5e+07 2.26148e-06 56.4375 1205.44
3.38171e+18 0 7.03994e+07 3.67941e+14 15 9 1.05599e+09 2.87e-06 169.556 2733.23
1.25139e+06 7.99594e+07 8.38259e+07 2.37765e+07 2 19 1.67652e+08 7.05117 54.6316 429.635
9.32272e+08 1.7261e+09 7.58936e+07 1.82148e+07 16 11 1.2143e+09 66.6655 60.5455 2744.4
2.75784e+09 2.35946e+09 7.11947e+07 840140 14 10 9.96725e+08 1186.38 242.4 3654.88
1.18322e+09 5.91609e+09 2.39018e+07 55861 4 20 9.5607e+07 1711.52 18.95 113.938
2.36774e+08 1.62805e+09 7.46938e+07 1.0813e+07 12 13 8.96326e+08 82.8937 120.769 1753.01
2.68495e+07 3.37997e+08 8.49308e+07 6.72703e+07 6 17 5.09585e+08 7.57518 44.9412 851.038
1.37508e+09 2.05942e+09 7.18783e+07 5.53799e+06 12 12 8.6254e+08 155.75 85 2248.12
8.1863e+08 1.35893e+09 6.53621e+07 2.11199e+06 12 13 7.84345e+08 371.377 158.308 1701.11
4.99057e+07 4.80593e+08 8.12643e+07 954873 7 16 5.6885e+08 595.733 82 990.515
1.40584e+09 2.82864e+09 7.82038e+07 3.26568e+07 9 16 7.03834e+08 21.5524 104.438 1125.5
9.9002e+08 3.06648e+09 6.40176e+07 2.45779e+06 6 18 3.84105e+08 156.281 52.4444 586.859
6.54362e+07 8.6322e+08 8.60723e+07 2.59412e+07 8 16 6.88578e+08 26.5438 72 1119.6
5122.92 97335.4 2.5e+07 97335.4 1 19 2.5e+07 256.844 42.4211 430.29
1.47971e+09 2.80576e+09 7.72764e+07 964526 12 13 9.27316e+08 961.422 81.6923 1897.28
3.68501e+07 4.65822e+08 8.12001e+07 1.40831e+07 8 15 6.49601e+08 46.1263 52 1130.24
5.60776e+08 1.65102e+09 8.15039e+07 1.70559e+08 14 12 1.14105e+09 6.69007 167.667 2826.51
612624 3.4516e+07 8.58626e+07 1.16399e+07 2 19 1.71725e+08 14.7532 17.7895 277.066
4248.91 84978.2 2.5e+07 84978.2 1 20 2.5e+07 294.193 82.8 125.061
2.09869e+07 3.03312e+08 7.30146e+07 1.59928e+07 7 15 5.11102e+08 31.9583 54.9333 1015.99
4.68441e+07 1.14688e+09 8.64617e+07 1.16949e+08 6 17 5.1877e+08 4.43587 44.2353 760.332
1.11454e+08 1.00572e+09 8.78528e+07 3.82269e+07 12 10 1.05423e+09 27.5783 162.1 4005.44
1.73929e+08 1.22463e+09 8.37491e+07 4.40734e+06 13 12 1.08874e+09 247.028 106 2353.01
1417.28 28345.7 2.5e+07 28345.7 1 20 2.5e+07 881.968 55 120.119
3.83878e+07 1.01754e+09 8.47786e+07 8.1084e+07 7 15 5.9345e+08 7.31896 69.3333 1232.66
2.57706e+09 2.42358e+09 6.09525e+07 1.41145e+06 16 13 9.7524e+08 690.95 45.6923 1946.4
1.46396e+08 1.06075e+09 8.98829e+07 1.5154e+08 12 12 1.07859e+09 7.11754 74.9167 2091.42
1.83529e+08 2.07076e+09 9.00344e+07 1.18622e+08 13 12 1.17045e+09 9.86701 97.6667 2217.38
1.00558e+08 1.11011e+09 8.24201e+07 987495 10 15 8.24201e+08 834.638 111.333 1481.03
6.7448e+08 1.5519e+09 8.02961e+07 2.93392e+07 13 12 1.04385e+09 35.5787 105 2399.34
2.83242e+09 2.18349e+09 8.06132e+07 1.23902e+07 18 9 1.45104e+09 117.112 137.556 3976.46
2.99165e+06 1.22171e+08 5.24418e+07 667697 7 14 3.67093e+08 549.789 101.214 1104.1
7.36072e+07 1.39651e+09 9.01491e+07 3.48909e+08 6 17 5.40895e+08 1.55024 37.0588 826.31
17527.5 350550 2.5e+07 350550 1 20 2.5e+07 71.3164 72.2 139.453
0 0 0 0 0 0 0 0 0 0
3.23535e+08 1.42557e+09 8.04142e+07 7.88766e+07 14 11 1.1258e+09 14.2729 68.5455 2180.78
2.11285e+07 4.37789e+08 8.57961e+07 7.25087e+07 6 17 5.14776e+08 7.09951 79.5294 917.125
1.64394e+09 2.07494e+09 6.34062e+07 924252 13 13 8.24281e+08 891.836 110.308 1886.26
2.6751e+06 5.57256e+07 6.03834e+07 259538 7 17 4.22684e+08 1628.6 21.8824 721.579
2.43143e+08 1.21814e+09 8.83786e+07 1.50978e+07 16 10 1.41406e+09 93.6599 112.4 3285.46
2.24801e+08 1.22813e+09 7.9414e+07 1.02629e+07 19 8 1.50887e+09 147.021 116 3738.24
1.40598e+08 1.61532e+09 7.93331e+07 4.96357e+06 12 12 9.51997e+08 191.797 140.25 2223.92
7.17687e+07 3.12751e+08 9.03064e+07 8.76724e+06 11 9 9.93371e+08 113.305 352 6294.44
1.03331e+08 8.19385e+08 6.34839e+07 5.12797e+06 11 14 6.98323e+08 136.179 43.4286 1461.26
1.05408e+08 1.31959e+09 8.94391e+07 3.96127e+06 9 10 8.04952e+08 203.206 200.5 3338.61
7.28761e+07 1.34466e+09 8.38658e+07 6.36085e+06 10 12 8.38658e+08 131.847 266.917 2697.36
8.0406e+07 1.58501e+09 8.73657e+07 1.51844e+08 11 12 9.61022e+08 6.32901 260.667 2846.32
8.70769e+06 5.71303e+08 6.63738e+07 263825 3 19 1.99121e+08 754.749 46.4211 325.83
4.58343e+08 1.65332e+09 7.80591e+07 1.06844e+06 10 13 7.80591e+08 730.588 82.3077 1912.01
5.43028e+07 7.71767e+08 8.71506e+07 9.33876e+07 8 16 6.97204e+08 7.46571 65.75 1234.67
3.0221e+07 1.7315e+09 8.82987e+07 2.7136e+08 4 18 3.53195e+08 1.30157 69.6111 678.82
7.3571e+07 9.63586e+08 7.72727e+07 1.00334e+06 11 13 8.5e+08 847.174 137.692 1908.25
9.47566e+08 2.30008e+09 8.00029e+07 8.77832e+06 11 14 8.80032e+08 100.251 111.429 1446.87
570663 2.75052e+07 8.52236e+07 1.08426e+07 2 19 1.70447e+08 15.7201 28.1053 332.393
3.09426e+16 0 4.65921e+07 1.81547e+14 12 12 5.59105e+08 3.07968e-06 74.9167 2411.58
2.29029e+06 1.54766e+08 8.65815e+07 4.35155e+07 2 19 1.73163e+08 3.97934 50.7368 332.647
7.37967e+07 4.03743e+08 8.55068e+07 5.76437e+07 11 13 9.40575e+08 16.317 59.2308 1581.35
0 0 0 0 0 0 0 0 0 0
0 0 0 0 0 0 0 0 0 0
1.53093e+08 1.7501e+09 9.0599e+07 4.82964e+07 10 15 9.0599e+08 18.759 116.4 1541.04
2.24527e+08 1.39933e+09 8.63668e+07 1.14725e+07 16 10 1.38187e+09 120.45 151.6 2888.79
3.75578e+13 0 3.07668e+07 6.55883e+13 5 17 1.53834e+08 2.34545e-06 68.1176 789.349
3.33262e+08 1.42909e+09 8.61981e+07 5.76406e+07 10 14 8.61981e+08 14.9544 91.5 1555.35
5.38106e+07 1.59316e+09 8.4385e+07 3.14505e+08 4 18 3.3754e+08 1.07324 51.1111 648.242
7.79805e+07 4.71909e+08 8.61022e+07 5.77629e+07 12 12 1.03323e+09 17.8874 94.6667 2112.63
1.30086e+09 1.87827e+09 7.65908e+07 1.56933e+06 12 12 9.19089e+08 585.659 128.667 2416.37
1.27517e+08 9.75317e+08 8.73117e+07 1.80335e+07 14 9 1.22236e+09 67.783 160.889 3165.33
2.00685e+07 4.51203e+08 8.22912e+07 9.05045e+07 7 16 5.76038e+08 6.36475 43.75 1018.57
16680.4 333607 2.5e+07 333607 1 20 2.5e+07 74.9384 19.2 109.867
2.24125e+07 6.21501e+08 8.53634e+07 4.66406e+07 4 18 3.41454e+08 7.32095 61.6111 604.942
2.96736e+09 3.6466e+09 7.67818e+07 8.48965e+06 13 11 9.98163e+08 117.574 54.1818 2537.96
1.66307e+12 0 1.07143e+07 1.18308e+13 7 15 7.5e+07 6.33938e-06 121.333 1629.83
1.26966e+08 1.13695e+09 8.39137e+07 9.18538e+06 10 14 8.39137e+08 91.3558 198 1800.58
8.38234e+07 1.05239e+09 8.37859e+07 1.47596e+07 8 16 6.70288e+08 45.4136 128 1253.53
2.52665e+09 2.97846e+09 7.07135e+07 1.36899e+07 12 12 8.48562e+08 61.9847 102.917 1929.75
1.46846e+12 0 1.5e+07 1.209e+13 5 16 7.5e+07 6.2035e-06 152 1352.78
122164 7.47766e+06 6.54952e+07 2.32111e+06 2 19 1.3099e+08 56.4343 46.4211 299.677
2.81817e+08 1.36764e+09 9.21459e+07 1.20079e+08 15 9 1.38219e+09 11.5106 248.889 4335.79
1.79758e+09 2.76144e+09 6.78115e+07 3.16576e+06 13 14 8.8155e+08 278.464 79.5 1727.82
1.55854e+08 1.23406e+09 8.75513e+07 2.74133e+07 14 11 1.22572e+09 44.7125 104.545 2504.89
6.47197e+07 1.14387e+09 8.82455e+07 2.05603e+08 6 17 5.29473e+08 2.57522 63.0588 943.029
8.641e+07 1.67928e+09 8.67146e+07 2.3857e+08 6 17 5.20288e+08 2.18086 62.9412 919.286
9.93972e+07 9.98275e+08 6.52476e+07 378282 10 15 6.52476e+08 1724.84 81.6 1569.45
5.3055e+08 1.40696e+09 8.70208e+07 6.28584e+07 14 12 1.21829e+09 19.3815 54.25 2176.98
8.27171e+07 6.56521e+08 8.2792e+07 1.29277e+07 9 14 7.45128e+08 57.6382 160.857 1713.51
4.65711e+08 1.41942e+09 8.51745e+07 3.79113e+07 13 11 1.10727e+09 29.2068 77.6364 2125.18
1.00177e+08 9.86303e+08 7.00036e+07 1.51383e+07 9 14 6.30032e+08 41.6183 97.2143 1583.64
4.56697e+07 5.38292e+08 8.35641e+07 1.09363e+07 9 14 7.52077e+08 68.7686 77.2143 1452.47
1.20822e+08 1.23627e+09 4.84665e+07 940845 5 18 2.42332e+08 257.569 54 555.995
3.82468e+09 2.81393e+09 6.80245e+07 3.37313e+06 15 8 1.02037e+09 302.498 291.5 4542.36
4.07553e+06 1.32026e+08 5.8726e+07 5.21408e+06 4 18 2.34904e+08 45.0519 60.4444 567.665
6.07057e+07 7.68593e+08 8.34505e+07 2.62399e+07 10 14 8.34505e+08 31.8028 110.857 1444.87
6.23112e+08 1.21691e+09 7.98816e+07 3.79871e+07 17 9 1.35799e+09 35.7486 180 3503.53
1.59976e+08 8.25221e+08 7.9741e+07 1.1672e+07 14 12 1.11637e+09 95.6455 172.667 2986.04
3.61884e+07 6.21497e+08 8.57029e+07 1.58936e+08 6 17 5.14217e+08 3.23538 59.8824 838.002
9.86699e+07 1.25861e+09 8.96965e+07 1.18847e+08 8 16 7.17572e+08 6.03778 83.75 1074.26
8.90656e+07 1.42581e+09 8.38513e+07 2.32814e+07 11 14 9.22364e+08 39.6181 125.714 1768.83
2.72263e+08 1.44597e+09 7.62247e+07 1.24637e+07 9 14 6.86022e+08 55.0418 90.3571 1673.42
3.66971e+06 2.52909e+08 8.31869e+07 6.97244e+07 2 19 1.66374e+08 2.38616 74.4211 385.024
3.63337e+13 0 1.7685e+07 8.84265e+13 12 13 2.1222e+08 2.39996e-06 57.0769 1840.32
1.64803e+08 1.78914e+09 8.03877e+07 3.36986e+07 11 13 8.84265e+08 26.2404 254.769 2296.14
1.075e+08 1.24187e+09 7.89736e+07 1.79388e+06 12 14 9.47684e+08 528.289 132.357 1902.71
3.25364e+07 1.0763e+09 8.72604e+07 8.48685e+07 4 18 3.49042e+08 4.11273 83.6111 652.343
6.98585e+08 4.65723e+09 2.3722e+07 86255.6 3 20 7.11661e+07 825.061 55.8 107.755
2.77966e+07 6.28463e+08 7.83147e+07 1.24534e+06 8 15 6.26518e+08 503.089 44.9333 1055.08
4.08464e+06 1.76574e+08 6.82254e+07 457102 11 13 7.50479e+08 1641.82 52.3077 1379.37
1.0498e+09 3.15236e+09 3.63019e+07 167981 6 18 2.17812e+08 1296.64 76 633.97
2.35078e+08 1.43516e+09 8.83387e+07 2.87176e+08 10 11 8.83387e+08 3.07611 164.909 2273.77
2.14299e+09 4.81126e+09 7.12004e+07 9.65741e+06 7 14 4.98403e+08 51.6083 69.5 1191.74
3.20468e+09 4.03381e+09 7.10187e+07 1.08608e+06 13 13 9.23243e+08 850.067 116.769 1820.99
1.21262e+09 7.93297e+09 6.29127e+07 1.18972e+08 3 19 1.88738e+08 1.58641 24.1053 354.12
6.47376e+08 1.80262e+09 8.37974e+07 3.39362e+07 14 11 1.17316e+09 34.5696 128 2649.98
6.91766e+08 6.22589e+09 2.33227e+07 238376 2 18 4.66454e+07 195.68 94 498.778
1.99423e+16 0 2.00233e+07 5.43822e+14 13 9 2.60304e+08 4.78656e-07 100.889 2650.29
233667 1.34339e+07 8.60224e+07 4.43967e+06 2 19 1.72045e+08 38.7517 44.7368 327.74
1.38145e+08 1.69033e+09 9.08786e+07 9.1077e+07 10 11 9.08786e+08 9.97822 152.545 2368.84
2.70856e+08 1.46798e+09 8.89307e+07 2.47709e+07 17 10 1.51182e+09 61.0322 104.5 3509.23
1.7443e+15 0 2.8125e+07 1.91763e+14 8 11 2.25e+08 1.17332e-06 250 3302.78
2.47086e+09 4.06007e+09 6.58873e+07 710051 11 13 7.2476e+08 1020.72 204.769 1827.14
8176.44 54632.8 2.32428e+07 41181.5 4 19 9.29712e+07 2257.6 34.1053 387.325
6.07281e+08 1.06703e+09 8.37745e+07 1.06858e+07 14 9 1.17284e+09 109.757 206 4090.79
4.04721e+07 1.29363e+09 6.01038e+07 2.44379e+06 4 18 2.40415e+08 98.3782 70 680.863
7.77808e+07 1.27583e+09 8.18424e+07 2.42496e+07 9 14 7.36581e+08 30.3749 101.5 1536.03
8.12409e+07 1.45185e+09 8.41454e+07 1.41646e+08 12 10 1.00974e+09 7.12863 292.4 3809.65
3.0783e+12 0 2.48859e+07 2.83506e+13 7 16 1.74201e+08 6.14453e-06 143.938 1469.94
3.35114e+07 9.91968e+08 8.56629e+07 1.99851e+07 4 18 3.42652e+08 17.1454 76.9444 690.306
1.18815e+08 1.14885e+09 8.86581e+07 2.85317e+07 13 13 1.15256e+09 40.3957 90.9231 2141.86
2.82233e+08 1.46258e+09 8.48734e+07 4.91474e+07 13 13 1.10335e+09 22.4499 129.692 2502.94
1.85892e+09 6.3612e+09 7.24441e+07 5.51461e+06 5 17 3.6222e+08 65.6838 39.7647 877.96
2.27653e+09 2.90898e+09 8.32535e+07 6.3338e+07 12 10 9.99042e+08 15.7732 64.9 3028.55
1.53677e+08 1.26044e+09 8.36595e+07 833163 12 14 1.00391e+09 1204.94 79.2143 1763.93
5.48665e+07 4.80511e+08 8.28674e+07 3.54513e+07 12 13 9.94409e+08 28.05 74.7692 1881.39
0 0 0 0 0 0 0 0 0 0
6.62249e+07 1.2651e+09 9.00559e+07 2.72355e+07 6 17 5.40335e+08 19.8394 51.0588 859.619
3.0021e+08 6.43574e+08 7.24175e+07 3.12762e+06 12 14 8.6901e+08 277.85 85.4286 1690.24
12062.2 241244 2.5e+07 241244 1 20 2.5e+07 103.629 30.55 109.575
8.32099e+07 1.68106e+09 8.88179e+07 1.36259e+07 9 13 7.99361e+08 58.6647 85.0769 1708.46
2.84199e+08 1.50777e+09 8.31298e+07 1.64105e+07 14 8 1.16382e+09 70.9192 212.875 4977.19
0 0 0 0 0 0 0 0 0 0
4.4797e+08 6.80996e+08 8.02716e+07 5.49725e+06 11 14 8.82987e+08 160.623 112.357 1652.12
1.12418e+07 1.52965e+08 7.84687e+07 1.01211e+06 7 15 5.49281e+08 542.711 120.4 1326.35
0 0 0 0 0 0 0 0 0 0
5.43196e+07 5.91897e+08 7.3935e+07 786939 9 15 6.65415e+08 845.574 86.9333 1506.05
5.54727e+07 1.30453e+09 7.69968e+07 785642 5 17 3.84984e+08 490.025 40.4706 802.444
9.43737e+07 1.29675e+09 8.693e+07 2.1391e+07 11 12 9.5623e+08 44.7025 184.667 2608.82
1.10702e+08 1.35061e+09 8.84274e+07 2.95092e+07 9 15 7.95847e+08 26.9695 80.9333 1393.57
1.17533e+08 6.66061e+08 8.58999e+07 5.08577e+06 15 9 1.2885e+09 253.354 177.556 3674.4
2.34464e+08 1.33226e+09 8.27716e+07 9.40338e+07 10 15 8.27716e+08 8.80232 103.333 1521.46
3.79112e+08 1.62271e+09 7.96565e+07 8.05782e+07 10 10 7.96565e+08 9.88562 184.5 3305.41
2.3416e+09 3.8651e+09 7.22626e+07 693682 11 14 7.94888e+08 1145.9 82.8571 1393.36
1872.69 35581 2.5e+07 35581 1 19 2.5e+07 702.622 84.6316 317.331
2.51151e+09 2.23801e+09 7.71316e+07 3.02054e+06 16 9 1.23411e+09 408.572 168.222 3835.11
15598.5 109664 2.5e+07 86025.6 4 18 1e+08 1162.44 68.9444 655.695
3.78881e+09 3.59238e+09 6.05032e+07 3.16636e+06 14 9 8.47045e+08 267.513 176.889 3270.78
2.2041e+08 1.12937e+09 8.6262e+07 1.47359e+07 14 8 1.20767e+09 81.9542 171.875 4042.71
1.0342e+13 0 1.5625e+07 4.75744e+13 8 14 1.25e+08 2.62746e-06 64.3571 1596.36
9.10856e+08 1.33757e+09 8.06337e+07 3.09267e+07 15 8 1.2095e+09 39.1088 106 3431.75
3.06864e+09 4.43993e+09 5.52861e+07 2.05888e+06 11 14 6.08147e+08 295.378 52.8571 1461.87
1.82833e+06 3.26065e+07 7.99255e+07 2.83806e+06 6 16 4.79553e+08 168.972 49.75 988.952
1.09032e+08 1.03776e+09 8.45629e+07 4.10281e+07 11 13 9.30192e+08 22.672 172.769 2265.15
1.53514e+09 3.07028e+10 2.0607e+07 3.07028e+10 1 20 2.0607e+07 0.000671178 43.8 106.975
2.08116e+08 1.7144e+09 8.55032e+07 3.47808e+07 14 12 1.19704e+09 34.4169 118.917 2373.46
1.03076e+08 9.40489e+08 9.03863e+07 2.55697e+07 11 14 9.94249e+08 38.8839 108.929 1870.24
1.15705e+08 9.57014e+08 8.34199e+07 1.04289e+06 12 12 1.00104e+09 959.867 127 2394.95
1.61487e+09 3.84035e+09 7.67252e+07 1.41523e+06 10 13 7.67252e+08 542.14 144 2043.79
1.11285e+15 0 3.33333e+07 7.30903e+14 9 11 3e+08 4.10451e-07 316.545 3287.67
1.29265e+09 2.48206e+09 7.2415e+07 5.45589e+06 11 15 7.96565e+08 146.001 64.9333 1333.92
15434 102894 2.5e+07 84954.9 3 20 7.5e+07 882.822 33.2 137.787
5.76896e+13 0 2.15755e+07 3.21104e+14 8 14 1.72604e+08 5.37533e-07 57.2143 1488.78
1.70307e+09 1.66323e+09 8.32961e+07 1.95326e+07 15 10 1.24944e+09 63.9671 288.1 3291.99
0 0 0 0 0 0 0 0 0 0
4.73914e+07 6.15013e+08 8.54313e+07 2.25249e+08 5 17 4.27157e+08 1.89638 114.941 906.421
1.23439e+08 1.24859e+09 8.19356e+07 2.07632e+07 12 13 9.83227e+08 47.3544 91.6923 2084.23
7933.51 158670 2.5e+07 158670 1 20 2.5e+07 157.559 74.55 129.378
6.5732e+07 6.24715e+08 7.50559e+07 682879 10 15 7.50559e+08 1099.11 74.4 1339.82
1.32608e+08 8.21868e+08 8.44089e+07 1.21539e+06 15 8 1.26613e+09 1041.76 105.5 3359.78
7.33975e+11 0 8.33333e+06 1.39455e+13 3 19 2.5e+07 1.79269e-06 60.4211 403.791
1.18104e+08 9.28851e+08 7.39084e+07 6.84377e+06 12 10 8.86901e+08 129.592 136.4 3707.56
1.108e+08 1.10978e+09 8.81644e+07 3.40447e+07 11 12 9.69808e+08 28.4863 167.667 2159.79
5.29412e+07 1.15256e+09 8.60401e+07 1.4053e+06 9 14 7.74361e+08 551.029 43.4286 1490.66
5.18404e+08 1.67039e+09 7.65852e+07 1.45461e+07 13 11 9.95607e+08 68.4449 156.727 2509.69
7.41696e+07 1.12168e+09 8.81323e+07 9.46418e+07 12 10 1.05759e+09 11.1746 228.4 3090.44
2263.34 45266.9 2.5e+07 45266.9 1 20 2.5e+07 552.28 124.8 130.15
0 0 0 0 0 0 0 0 0 0
7.05914e+09 4.5993e+09 7.06127e+07 3.0612e+07 14 8 9.88578e+08 32.2938 286.875 4866.51
4.89624e+08 8.63401e+08 6.34185e+07 1.00832e+06 11 15 6.97604e+08 691.85 165.6 1717.16
1.54329e+09 2.31636e+09 7.60184e+07 1.1096e+07 12 14 9.1222e+08 82.2113 137.714 2000.4
1.86146e+08 1.15326e+09 8.76464e+07 2.56757e+07 15 10 1.3147e+09 51.2039 245.6 3852.72
6.70697e+06 1.01612e+08 5.07188e+07 299884 9 16 4.5647e+08 1522.15 82.4375 1095.51
3.5986e+08 1.2419e+09 8.14058e+07 2.15936e+07 15 7 1.22109e+09 56.5486 260.857 5936.44
2.09e+09 3.47673e+09 6.99348e+07 1.7451e+07 12 11 8.39217e+08 48.09 233.636 2483.36
2.35535e+09 2.05092e+09 6.91054e+07 1.07497e+06 15 10 1.03658e+09 964.29 231.6 3414.8
2.6275e+08 1.78343e+09 8.37859e+07 8.30505e+06 15 10 1.25679e+09 151.328 138.1 3430.95
1.25858e+08 1.30924e+09 8.06756e+07 4.28687e+06 17 10 1.37149e+09 319.927 88.1 3579.21
1.40732e+08 1.92122e+09 8.67412e+07 5.00987e+07 8 16 6.9393e+08 13.8512 79 1229.59
1.48721e+07 4.47296e+08 6.15016e+07 980577 7 15 4.30511e+08 439.039 73.7333 1348.28
5.10417e+07 1.22292e+09 8.03448e+07 1.34503e+07 12 12 9.64137e+08 71.6815 132.25 2191.27
2.54429e+08 1.36053e+09 8.10553e+07 4.48982e+07 16 9 1.29688e+09 28.885 100.889 3285.3
1.57469e+08 1.33351e+09 8.67013e+07 1.05281e+08 12 11 1.04042e+09 9.88229 262.909 3400.67
6.36211e+06 8.72915e+07 3.91573e+07 193131 8 16 3.13259e+08 1622 77.4375 1243.06
2.0631e+08 1.22824e+09 8.74554e+07 1.92407e+07 17 8 1.48674e+09 77.2705 71.5 3425.37
8.19192e+07 6.81687e+08 8.29073e+07 1.22914e+08 10 14 8.29073e+08 6.74518 44.9286 1208.32
1.14019e+09 2.06387e+09 7.83347e+07 1.76154e+07 12 11 9.40016e+08 53.3633 258.909 3762.1
3.09231e+07 7.66784e+08 8.61621e+07 2.16144e+08 4 18 3.44649e+08 1.59453 81.1111 625.853
1.97318e+17 0 7.07037e+07 2.48222e+16 19 10 1.34337e+09 5.41197e-08 16.1 2720.37
1.07961e+07 1.53415e+10 8.72604e+07 1.98896e+07 6 16 5.23562e+08 26.3234 25 860.071
2.57674e+07 7.56453e+08 7.98056e+07 2.43914e+07 6 17 4.78834e+08 19.6313 69.5294 783.056
7468.32 149366 2.5e+07 149366 1 20 2.5e+07 167.374 48.95 122.885
1.00314e+08 1.0522e+09 8.68457e+07 5.16569e+07 13 13 1.12899e+09 21.8556 85.0769 1786.24
4.98496e+07 7.33349e+08 6.46699e+07 799801 9 14 5.82029e+08 727.717 102.929 1751.65
1.14201e+09 1.08491e+10 2.32029e+07 40495 2 19 4.64058e+07 1145.96 66.6316 345.346
1.3629e+09 4.10577e+09 8.47672e+07 1.78338e+07 7 16 5.93371e+08 33.2723 84.9375 995.678
6.90057e+08 2.05579e+09 8.69609e+07 3.55104e+08 12 14 1.04353e+09 2.93866 137.429 1934.28
1.66591e+08 1.36736e+09 9.24201e+07 4.68844e+07 10 13 9.24201e+08 19.7124 105.692 1934.85
