6.79662e+08 1.52001e+09 8.1827e+07 1.78761e+08 19 10 1.55471e+09 8.69715 158.5 3228.53
2.7895e+15 0 2.8125e+07 3.3624e+14 8 10 2.25e+08 6.69164e-07 201.6 2797.96
3.82255e+08 1.63738e+09 8.93485e+07 9.39173e+07 14 7 1.25088e+09 13.3189 154.857 4046.35
1.30242e+08 1.01497e+09 8.46995e+07 2.40963e+07 16 7 1.35519e+09 56.2407 275.429 4673.56
1.22673e+08 9.8221e+08 8.18341e+07 2.24456e+06 16 8 1.30935e+09 583.341 230 3807.69
3.44811e+08 1.84782e+09 8.92865e+07 1.59291e+08 15 7 1.3393e+09 8.40784 104.857 3674.69
3.20878e+08 1.5686e+09 8.80306e+07 982769 14 5 1.23243e+09 1254.04 169.2 5684.86
3.88715e+08 1.76953e+09 8.74281e+07 2.19032e+08 15 7 1.31142e+09 5.98736 155.429 3521.05
1.24937e+08 1.27624e+09 7.8983e+07 1.33648e+07 15 6 1.18474e+09 88.6467 221.333 4930.42
2.03086e+08 1.23865e+09 8.921e+07 2.20903e+08 11 6 9.8131e+08 4.44226 212 5098.96
1.39663e+09 2.26585e+09 8.02716e+07 1.92777e+07 17 6 1.36462e+09 70.7875 169.333 4329.42
4.25572e+07 2.21964e+08 8.62449e+07 3.50897e+07 14 5 1.20743e+09 34.4098 332.8 6032.52
2.45226e+08 1.2475e+09 7.35052e+07 734999 14 6 1.02907e+09 1400.1 113.333 4328.85
1.79775e+08 1.94361e+09 7.13382e+07 1.16611e+07 13 6 9.27396e+08 79.5291 158.833 3738.04
3.92894e+08 1.35657e+09 8.82541e+07 5.45252e+07 17 7 1.50032e+09 27.5161 91.4286 3676.9
1.89521e+08 1.6717e+09 7.81197e+07 2.46127e+07 17 6 1.32804e+09 53.9573 273.5 4767.12
8.25296e+07 9.08379e+08 8.30614e+07 1.02691e+06 14 7 1.16286e+09 1132.38 192.857 4371.53
9.28826e+08 1.58097e+09 9.05382e+07 1.13826e+08 13 8 1.177e+09 10.3403 120 3294.89
1.07243e+08 1.51922e+09 6.91427e+07 950086 12 6 8.29712e+08 873.302 178.833 4895.4
2.04245e+08 1.24912e+09 8.85683e+07 1.34415e+08 16 6 1.41709e+09 10.5426 164 5335.04
3.12696e+08 1.52949e+09 8.48642e+07 1.2563e+08 16 6 1.35783e+09 10.8081 67.3333 4326.36
1.94245e+08 1.99586e+09 8.60509e+07 3.51055e+06 14 7 1.20471e+09 343.169 257.714 4499.25
1.23155e+08 1.95063e+09 7.86342e+07 6.03992e+06 14 8 1.10088e+09 182.267 175.5 3386.06
7.0315e+08 1.12066e+09 8.40415e+07 3.24235e+07 15 7 1.26062e+09 38.88 256 4404.64
2.35379e+08 1.52707e+09 8.20128e+07 2.43243e+07 15 5 1.23019e+09 50.5746 272.8 119118
4.21627e+09 2.84771e+09 7.13145e+07 2.36129e+06 14 7 9.98403e+08 422.82 181.429 3898.69
3.18553e+08 1.71082e+09 8.6688e+07 3.35273e+07 18 7 1.56038e+09 46.5407 125.714 4089.99
4.80662e+08 2.03824e+09 7.90987e+07 8.61552e+06 19 8 1.50288e+09 174.438 213.875 4578.37
2.46836e+08 1.20571e+09 8.1443e+07 7.49324e+07 12 5 9.77316e+08 13.0426 96.8 4750.77
2.93887e+09 3.11458e+09 7.5388e+07 1.09277e+07 14 8 1.05543e+09 96.5828 164.875 3825.32
2.56233e+08 6.56541e+08 7.56732e+07 2.87822e+06 14 5 1.05942e+09 368.084 146 5656.29
4.52567e+08 1.65619e+09 9.01917e+07 2.71008e+07 15 5 1.35288e+09 49.9201 23.2 4766.65
6.72332e+09 5.00646e+09 8.09413e+07 9.25513e+06 13 6 1.05224e+09 113.692 68.8333 4466.05
2.6888e+08 1.13553e+09 8.12757e+07 1.08136e+07 14 6 1.13786e+09 105.225 68 4563.69
8.48979e+08 1.01801e+09 7.58387e+07 9.68612e+06 16 6 1.21342e+09 125.274 200.833 6351.08
2.56858e+08 1.56046e+09 8.9763e+07 7.64488e+07 18 9 1.61573e+09 21.1349 190 4143.22
5.45835e+08 1.89631e+09 8.45747e+07 3.77342e+08 16 5 1.35319e+09 3.58612 9.2 4644.8
1.46589e+08 9.07922e+08 8.50823e+07 6.42384e+07 13 6 1.10607e+09 17.2182 207.333 5212.06
1.19835e+08 2.07063e+09 7.99029e+07 9.19994e+07 13 5 1.03874e+09 11.2907 109.2 7283.4
3.85198e+08 1.32964e+09 8.82711e+07 4.33271e+07 13 5 1.14752e+09 26.4851 161.2 127124
3.31694e+08 1.57967e+09 8.28985e+07 8.49687e+07 18 7 1.49217e+09 17.5614 90.8571 3711.23
6.47606e+08 8.64992e+08 8.04213e+07 7.48752e+07 16 10 1.28674e+09 17.1851 228.9 3351.26
1.31828e+08 1.20328e+09 7.36059e+07 2.759e+07 11 6 8.09665e+08 29.3463 240.833 17329.7
1.90525e+08 1.00401e+09 8.44449e+07 2.53906e+07 16 10 1.35112e+09 53.2133 210.9 2935.84
3.45257e+09 3.11312e+09 8.04827e+07 6.31984e+06 14 8 1.12676e+09 178.289 199.5 4148.47
8.79607e+07 1.2521e+09 8.75133e+07 2.61936e+07 15 6 1.3127e+09 50.1152 142.833 5014.69
1.81287e+08 7.97581e+08 8.60573e+07 1.42831e+07 16 6 1.37692e+09 96.4017 387.5 7233.52
1.06539e+09 1.73882e+09 7.66241e+07 4.00952e+07 12 5 9.19489e+08 22.9326 330.8 6495.31
3.24809e+08 1.14143e+09 7.98836e+07 1.45043e+07 14 8 1.11837e+09 77.106 77.5 3955.38
3.03403e+08 1.5187e+09 7.80694e+07 1.42873e+08 14 10 1.09297e+09 7.64996 204 3343.8
2.04479e+08 1.14867e+09 8.11342e+07 8.46261e+07 15 8 1.21701e+09 14.3811 170.875 4030.15
2.59069e+08 1.65121e+09 8.67662e+07 4.25163e+07 16 7 1.38826e+09 32.6524 251.429 4104.53
1.94363e+08 1.2793e+09 8.76697e+07 8.22044e+06 16 7 1.40272e+09 170.637 258.857 4912.61
2.30313e+08 1.24054e+09 8.54804e+07 3.45136e+07 14 6 1.19673e+09 34.674 150.833 4414.89
2.29987e+09 2.53985e+09 7.06009e+07 359310 13 8 9.17812e+08 2554.37 103.5 3395.13
2.02906e+08 1.69245e+09 8.35648e+07 2.88717e+07 13 6 1.08634e+09 37.6265 138 4098.47
2.36908e+08 1.13533e+09 8.53085e+07 2.64921e+07 16 7 1.36494e+09 51.5224 61.4286 3465.94
2.21814e+08 1.54632e+09 7.77955e+07 13073.9 15 6 1.16693e+09 89256.4 96 3940.56
3.27435e+08 8.11513e+08 8.36403e+07 8.72879e+06 17 8 1.42188e+09 162.896 264.875 4303.2
3.00332e+08 2.27452e+09 8.55102e+07 1.92091e+07 17 8 1.45367e+09 75.6764 193.5 3815.55
5.64485e+08 9.62135e+08 7.70501e+07 6.70552e+06 12 7 9.24601e+08 137.887 271.714 3930.94
6.54182e+09 4.0082e+09 6.69915e+07 162895 15 7 1.00487e+09 6168.82 149.429 3939.53
4.46208e+08 2.30057e+09 8.76386e+07 1.56894e+08 17 8 1.48986e+09 9.49596 129.875 4033.58
1.32567e+08 9.5026e+08 8.24465e+07 1.28149e+07 13 6 1.07181e+09 83.6376 360.833 6084.88
1.79011e+08 1.05059e+09 8.27362e+07 1.86444e+07 14 6 1.15831e+09 62.1262 311.5 5055.18
1.50612e+08 8.56304e+08 9.56669e+07 8.33511e+07 12 6 1.148e+09 13.7731 176.833 5123.73
1.556e+08 1.06002e+09 9.10113e+07 1.94984e+08 13 9 1.18315e+09 6.06793 161.556 3118.97
5.08476e+09 3.15919e+09 7.81017e+07 3.04272e+06 18 8 1.40583e+09 462.032 101.875 3714.72
3.21023e+08 1.88784e+09 8.87646e+07 9.99585e+06 15 7 1.33147e+09 133.202 76.8571 4115.5
2.72776e+08 1.18293e+09 8.51297e+07 8.10623e+07 17 6 1.4472e+09 17.853 151.5 4832.93
2.13415e+08 1.18182e+09 9.00799e+07 4.59153e+07 15 9 1.3512e+09 29.4281 212.889 3874.12
2.50007e+08 1.59858e+09 8.92541e+07 5.54299e+07 13 5 1.1603e+09 20.9328 85.2 4867.35
4.34637e+08 1.7606e+09 8.63184e+07 7.05787e+07 17 8 1.46741e+09 20.7911 126 3604.93
2.87902e+08 1.60387e+09 8.86954e+07 1.73028e+08 15 7 1.33043e+09 7.6891 77.4286 3907.98
1.19454e+08 1.35368e+09 8.58569e+07 7.83323e+07 14 8 1.202e+09 15.3448 201.5 4514.3
1.53462e+08 1.12063e+09 9.04087e+07 1.80188e+07 12 6 1.0849e+09 60.2097 152 4253.28
7.4445e+07 1.08599e+09 9.02396e+07 1.51948e+07 10 7 9.02396e+08 59.3886 572.857 16031
1.41601e+08 1.01683e+09 8.70674e+07 1.78711e+08 12 5 1.04481e+09 5.84635 233.2 6923.3
1.41539e+09 1.15655e+09 8.19489e+07 3.36794e+07 17 9 1.39313e+09 41.3645 216 4269.44
1.59076e+09 2.18462e+09 8.42053e+07 3.96208e+07 16 7 1.34728e+09 34.0045 84 3444.76
2.98738e+08 1.63633e+09 9.09253e+07 1.14812e+08 13 8 1.18203e+09 10.2953 117.5 3850.76
6.57429e+08 1.30595e+09 7.85144e+07 4.33457e+07 17 8 1.33474e+09 30.793 241.875 4762.54
3.65072e+08 1.61336e+09 8.60459e+07 3.09116e+07 17 7 1.46278e+09 47.3213 91.4286 3949.2
6.02566e+08 1.94682e+09 7.86954e+07 2.03944e+07 15 9 1.18043e+09 57.8801 264.889 3525.98
9.53438e+06 4.40599e+08 6.41128e+07 8.79101e+06 13 7 8.33466e+08 94.8089 256.857 4964.53
2.3986e+08 1.3086e+09 8.82854e+07 5.08115e+07 18 8 1.58914e+09 31.2751 238.875 4304.69
4.24226e+08 1.91289e+09 7.44302e+07 5.03605e+06 15 5 1.11645e+09 221.692 194 4839.56
2.686e+08 1.59824e+09 8.90425e+07 1.66514e+08 16 6 1.42468e+09 8.5559 93.3333 4665.14
2.79751e+08 1.69583e+09 6.94375e+07 3.87301e+06 14 9 9.72125e+08 251 270.222 4025.47
4.80167e+09 4.61038e+09 6.78729e+07 5.65424e+06 13 8 8.82348e+08 156.051 134 3388.49
3.64664e+08 1.91129e+09 9.15766e+07 2.28802e+08 13 6 1.1905e+09 5.20318 106.833 5271.45
4.10768e+08 1.8096e+09 9.21953e+07 4.16385e+08 14 7 1.29073e+09 3.09986 79.4286 5159.98
1.61734e+09 1.43592e+09 8.38842e+07 2.74963e+07 13 8 1.0905e+09 39.6597 363.875 5335.16
3.65169e+08 1.19437e+09 8.23832e+07 9.73745e+06 16 7 1.31813e+09 135.367 104.857 3819.06
7.59332e+07 1.01325e+09 8.82878e+07 1.13067e+08 11 5 9.71166e+08 8.58932 287.2 7338.06
2.45217e+08 1.1528e+09 8.66707e+07 1.44181e+08 17 7 1.4734e+09 10.2191 166 4325.27
3.10216e+08 1.28702e+09 8.36893e+07 5.50813e+07 19 6 1.5901e+09 28.8682 125.333 4061.77
1.10686e+08 7.43867e+08 7.12004e+07 1.12935e+06 14 8 9.96805e+08 882.639 253.5 4045.59
3.39587e+08 2.02741e+09 8.71106e+07 4.81855e+07 16 6 1.39377e+09 28.9251 140 4466.06
1.54801e+08 1.17636e+09 8.14696e+07 1.85999e+07 15 6 1.22204e+09 65.7018 92.8333 4398.61
1.04308e+08 1.14025e+09 8.76712e+07 5.50945e+07 14 5 1.2274e+09 22.278 221.2 7829.87
2.03454e+08 1.08487e+09 8.8523e+07 5.29139e+07 13 7 1.1508e+09 21.7485 192 5990.28
6.60419e+08 1.24015e+09 7.97547e+07 2.29599e+06 17 9 1.35583e+09 590.521 66 3254.74
1.21271e+08 1.25383e+09 9.63622e+07 1.28896e+07 11 5 1.05998e+09 82.2356 63.2 4619.09
1.49105e+08 1.11372e+09 8.78449e+07 3.91795e+07 11 7 9.66294e+08 24.6633 432.857 14952.5
1.15886e+08 1.3603e+09 8.50905e+07 4.39421e+07 18 6 1.53163e+09 34.8557 68 3999.11
7.61241e+08 1.49509e+09 8.77689e+07 2.29527e+08 15 7 1.31653e+09 5.73585 138.857 4269.78
2.26424e+08 1.43864e+09 8.00852e+07 6.37908e+06 15 8 1.20128e+09 188.315 196.875 3765.79
3.03846e+09 3.07382e+09 6.20394e+07 90108.6 15 10 9.30591e+08 10327.4 118.5 2782.78
2.70213e+08 1.36668e+09 8.85313e+07 1.13189e+08 17 7 1.50503e+09 13.2966 123.714 3823.61
2.56348e+08 1.21601e+09 8.73755e+07 8.18074e+06 17 5 1.48538e+09 181.571 109.2 5123.32
7.62811e+07 6.85186e+08 8.58227e+07 6.16277e+06 12 5 1.02987e+09 167.112 138.8 5168.65
2.07313e+08 1.37414e+09 9.16196e+07 8.02854e+07 13 6 1.19105e+09 14.8353 193.5 5064.62
4.50537e+08 2.35972e+09 8.07242e+07 4.90983e+07 18 7 1.45304e+09 29.5944 129.714 3790.49
2.94937e+08 1.48201e+09 8.03464e+07 2.9185e+06 16 10 1.28554e+09 440.48 150.5 3005.5
2.01689e+08 1.14751e+09 8.5623e+07 5.00884e+07 17 8 1.45559e+09 29.0604 220 4614.36
2.37299e+08 1.22249e+09 8.74651e+07 1.97326e+07 16 7 1.39944e+09 70.9203 178 4489.65
1.83046e+08 1.06454e+09 8.50772e+07 1.10029e+08 12 7 1.02093e+09 9.27867 206 3987.69
1.89856e+09 1.795e+09 7.42248e+07 7.70808e+07 17 7 1.26182e+09 16.3701 217.429 3801.17
1.02139e+09 1.72202e+09 8.08484e+07 3.42096e+08 18 10 1.45527e+09 4.25399 88.9 2519.16
4.39153e+08 1.89455e+09 8.54683e+07 2.5141e+08 16 6 1.36749e+09 5.4393 77.5 4518.07
3.49761e+09 2.61594e+09 7.66585e+07 1.86584e+07 17 7 1.30319e+09 69.8448 83.4286 3517.43
3.15446e+08 1.72307e+09 7.31789e+07 1.10094e+06 15 9 1.09768e+09 997.046 200.222 3122.23
3.88597e+08 1.95441e+09 8.19649e+07 1.45443e+08 15 5 1.22947e+09 8.4533 261.2 6794.22
1.13718e+08 9.33551e+08 8.21314e+07 1.53384e+07 14 6 1.14984e+09 74.9648 93.3333 3859.59
2.70926e+08 1.33685e+09 8.67535e+07 2.68325e+08 13 6 1.1278e+09 4.20309 53.5 3707.1
5.46841e+08 1.33466e+09 8.35886e+07 1.65454e+07 17 8 1.42101e+09 85.8851 104.875 3506.8
1.28469e+08 1.51481e+09 8.48562e+07 5.67034e+06 15 7 1.27284e+09 224.474 124.857 3966.55
3.61929e+07 7.94795e+08 8.65815e+07 3.81684e+07 11 6 9.52396e+08 24.9525 127.333 4411.99
1.23627e+08 1.50642e+09 9.12939e+07 9.03881e+06 11 6 1.00423e+09 111.102 64.8333 3529.67
3.28008e+09 2.92714e+09 7.38818e+07 2.94282e+06 14 7 1.03435e+09 351.481 66.8571 3366.67
2.3658e+08 1.67065e+09 8.71056e+07 2.50866e+07 16 6 1.39369e+09 55.5553 74.8333 4556.45
2.45829e+08 1.69376e+09 8.02516e+07 9.46485e+07 16 9 1.28403e+09 13.5663 268 3457.03
7.9562e+07 6.5586e+08 8.2662e+07 2.29624e+07 14 6 1.15727e+09 50.3984 356.833 6264.31
2.40266e+08 1.21971e+09 8.69309e+07 5.77645e+07 16 6 1.39089e+09 24.0787 237.333 5736.6
1.53287e+08 1.02765e+09 8.43983e+07 1.32118e+08 18 7 1.51917e+09 11.4985 216.857 4893.56
4.83374e+08 1.97866e+09 8.72376e+07 4.36141e+07 14 5 1.22133e+09 28.003 65.2 4957.3
3.19467e+08 1.25462e+09 8.40913e+07 1.62896e+08 17 7 1.42955e+09 8.77585 89.4286 4592.42
2.32087e+08 1.18207e+09 8.03286e+07 714037 14 6 1.1246e+09 1574.99 185.333 4312.38
2.6566e+08 1.37554e+09 9.30178e+07 6.22244e+07 12 6 1.11621e+09 17.9385 65.3333 4700.87
7.65073e+07 1.01316e+09 7.8105e+07 1.06235e+07 16 6 1.24968e+09 117.634 207.333 4281.83
2.53133e+09 2.11597e+09 8.10553e+07 326555 16 8 1.29688e+09 3971.41 176 3469.95
2.87861e+08 2.25073e+09 7.67332e+07 3.96055e+07 10 4 7.67332e+08 19.3744 424.75 120135
1.76717e+08 8.75461e+08 8.63234e+07 2.18472e+07 13 5 1.1222e+09 51.366 179.2 4570.28
6.27779e+08 1.59646e+09 8.91923e+07 2.71758e+08 16 6 1.42708e+09 5.25127 54 3968.19
1.89685e+08 1.65237e+09 7.61793e+07 7.96144e+06 17 8 1.29505e+09 162.665 122 2956.9
4.97019e+08 1.06241e+09 8.19622e+07 6.45534e+06 12 8 9.83546e+08 152.362 254.875 4097.55
2.23722e+08 2.01359e+09 7.92421e+07 5.84697e+06 18 6 1.42636e+09 243.948 116 4509.62
2.91327e+08 1.69815e+09 8.36074e+07 2.25691e+08 17 7 1.42133e+09 6.29767 124.857 3797.47
9.90754e+08 8.8152e+08 8.41625e+07 4.11927e+07 14 5 1.17827e+09 28.604 396 6384.57
1.25043e+08 6.01613e+08 8.81922e+07 1.39251e+08 12 8 1.05831e+09 7.59997 237.875 2833.55
5.86998e+09 3.76815e+09 7.75248e+07 7.47363e+06 18 8 1.39545e+09 186.716 118.875 3342.4
2.61766e+09 2.08751e+09 7.36049e+07 7.533e+06 15 8 1.10407e+09 146.565 256 4471.53
6.00756e+07 8.56828e+08 8.84621e+07 1.83247e+07 11 7 9.73083e+08 53.1022 207.429 3205.92
7.2638e+08 9.04017e+08 8.14512e+07 2.3843e+07 13 6 1.05887e+09 44.4099 242 5076.36
3.67367e+08 1.25958e+09 8.70457e+07 5.34393e+07 16 8 1.39273e+09 26.0619 199.875 3483.8
3.84491e+08 1.75331e+09 7.58836e+07 3.17781e+06 16 6 1.21414e+09 382.067 157.333 4427.53
5.06191e+07 7.71107e+08 8.37939e+07 8.41469e+07 10 8 8.37939e+08 9.95806 211.875 3324.65
3.6061e+08 1.95791e+09 8.67596e+07 1.95813e+08 13 6 1.12788e+09 5.75997 126.833 4482.48
1.45948e+08 2.0299e+09 7.85755e+07 1.33336e+07 17 7 1.33578e+09 100.182 136.857 3948.72
3.61544e+08 1.80341e+09 8.47378e+07 8.98269e+07 12 4 1.01685e+09 11.3201 52.75 5641.44
1.84271e+08 1.09609e+09 7.79242e+07 2.70599e+07 18 6 1.40264e+09 51.8345 167.333 4904.31
1.9404e+08 2.10713e+09 8.212e+07 1.70349e+07 14 6 1.14968e+09 67.4897 234.833 4716.63
1.35859e+09 1.70171e+09 7.98169e+07 6.09437e+07 13 6 1.03762e+09 17.0259 101.5 3423.69
4.84784e+08 8.69696e+08 8.17378e+07 9.99674e+06 14 8 1.14433e+09 114.47 276 4616.35
4.82525e+09 3.32935e+09 6.68131e+07 1.83356e+06 16 9 1.06901e+09 583.022 158.889 2997.91
3.03603e+08 1.99069e+09 8.8849e+07 6.47335e+07 18 7 1.59928e+09 24.7056 43.7143 3950.3
1.42482e+08 8.37346e+08 7.70015e+07 1.20784e+07 17 7 1.30903e+09 108.377 188.857 3306.93
2.57431e+08 1.26906e+09 8.25644e+07 6.25158e+07 17 8 1.40359e+09 22.4518 30.875 2600.78
3.43238e+08 2.99351e+09 8.43793e+07 1.87224e+08 14 8 1.18131e+09 6.30961 203.5 3925.58
1.08618e+09 3.47839e+09 6.5635e+07 3.28514e+06 12 6 7.8762e+08 239.752 171.333 13921.4
3.29495e+08 1.45205e+09 8.55186e+07 1.49613e+07 13 8 1.11174e+09 74.3078 109.875 3123.56
4.05452e+08 1.96285e+09 8.21785e+07 1.63851e+08 16 8 1.31486e+09 8.02469 111.875 3092.63
1.03417e+13 0 2.27273e+06 1.24101e+14 11 12 2.5e+07 2.01449e-07 48.9167 1960
1.65085e+08 1.27418e+09 7.39936e+07 8.79706e+06 15 8 1.1099e+09 126.168 170.875 3450.32
8.71426e+07 7.55808e+08 8.89268e+07 2.14564e+07 11 5 9.78195e+08 45.5898 269.2 7276.91
1.67856e+09 1.84262e+09 8.55591e+07 2.93509e+08 15 6 1.28339e+09 4.37256 174.833 4354.47
2.67457e+08 2.33504e+09 7.11062e+07 4.60341e+06 16 5 1.1377e+09 247.143 15.2 4081.23
3.37204e+08 1.70358e+09 8.49352e+07 1.48226e+07 18 7 1.52883e+09 103.142 80 3780.31
1.34514e+08 1.48492e+09 8.29473e+07 1.38055e+07 14 8 1.16126e+09 84.1156 166 3937.03
2.65838e+08 2.23608e+09 7.94822e+07 2.74438e+07 17 6 1.3512e+09 49.235 146.833 4599.22
2.4975e+08 1.53525e+09 8.77945e+07 1.51593e+07 16 8 1.40471e+09 92.6633 145.875 4035.39
4.11468e+07 1.01166e+09 8.37394e+07 1.00144e+07 12 9 1.00487e+09 100.343 124.889 2718.04
5.32121e+08 1.76891e+09 8.3622e+07 1.06699e+08 19 7 1.58882e+09 14.8907 89.4286 3578.22
1.88033e+08 2.9897e+09 8.02839e+07 1.12048e+07 13 5 1.04369e+09 93.1466 169.2 5866.75
4.93293e+08 2.13229e+09 8.57082e+07 6.23661e+07 15 6 1.28562e+09 20.6141 102.833 4085.42
7.62344e+08 1.56041e+09 7.66081e+07 1.58507e+06 15 8 1.14912e+09 724.968 104.875 3447.02
9.45973e+07 1.13556e+09 8.98562e+07 6.77009e+06 8 7 7.1885e+08 106.18 135.429 4658.9
1.47275e+09 1.64963e+09 8.02769e+07 3.95966e+06 15 9 1.20415e+09 304.105 179.556 3605.44
2.28199e+08 1.66323e+09 8.8104e+07 1.67848e+08 16 7 1.40966e+09 8.39844 111.429 3885.2
3.30357e+08 1.05274e+09 7.30267e+07 5.3641e+06 17 8 1.24145e+09 231.438 130 3302.09
1.08777e+08 1.19047e+09 7.52496e+07 3.38037e+06 16 6 1.20399e+09 356.172 94.8333 3212.36
2.11231e+08 1.32174e+09 8.50639e+07 4.78234e+07 12 6 1.02077e+09 21.3445 201.333 13549.7
1.20164e+08 1.07594e+09 8.48442e+07 2.42688e+07 16 7 1.35751e+09 55.9364 279.429 4294.74
3.24879e+08 1.47671e+09 8.6861e+07 9.0695e+07 14 8 1.21605e+09 13.4082 205.875 3821.87
1.38077e+09 1.96387e+09 7.24042e+07 1.26674e+06 14 8 1.01366e+09 800.213 299.5 4076.36
1.80536e+08 1.4305e+09 8.43201e+07 1.42626e+07 16 9 1.34912e+09 94.5912 64 2892.91
7.89765e+08 2.13736e+09 8.06017e+07 1.73675e+08 15 6 1.20903e+09 6.96143 147.333 3589.32
1.41186e+09 1.74124e+09 7.76305e+07 1.02669e+07 15 9 1.16446e+09 113.419 196.222 2901.95
5.24761e+07 6.6862e+08 8.22684e+07 3.6134e+06 11 10 9.04952e+08 250.443 254.4 2794.97
3.19352e+08 1.57604e+09 7.03736e+07 1.07604e+08 13 6 9.14856e+08 8.50204 184 4991.16
3.33749e+08 1.31518e+09 8.34132e+07 2.37118e+08 15 7 1.2512e+09 5.27669 105.714 3888.07
1.58589e+08 1.5822e+09 9.0999e+07 1.32772e+08 13 9 1.18299e+09 8.90993 156.222 3275.58
1.20781e+08 1.48863e+09 8.48043e+07 6.56094e+07 16 6 1.35687e+09 20.681 204 4951.39
1.64325e+08 1.26808e+09 8.26335e+07 4.88318e+07 14 6 1.15687e+09 23.6909 141.5 4242.88
5.82861e+07 2.02632e+09 8.00319e+07 1.8307e+07 13 5 1.04042e+09 56.8315 131.2 4856.2
2.34521e+08 1.01998e+09 8.57295e+07 9.41e+07 12 5 1.02875e+09 10.9326 452.8 119284
6.65571e+08 1.98262e+09 7.8147e+07 2.58266e+07 15 7 1.1722e+09 45.3874 230.857 4240.47
7.78622e+07 1.8128e+09 8.49099e+07 1.19257e+07 14 6 1.18874e+09 99.6789 107.333 3924.47
4.0736e+08 1.39187e+09 9.2477e+07 5.42717e+07 16 7 1.47963e+09 27.2634 184.857 4408.5
5.40883e+08 1.69739e+09 7.5445e+07 5.95052e+07 14 8 1.05623e+09 17.7502 194.875 3176.92
2.92918e+09 3.39551e+09 8.58826e+07 2.08704e+08 12 10 1.03059e+09 4.93805 150.5 2717.3
2.62738e+08 1.16163e+09 7.87446e+07 3.06231e+07 17 8 1.33866e+09 43.7139 67.875 2957.02
3.06751e+08 1.59604e+09 8.76571e+07 1.31595e+08 15 6 1.31486e+09 9.99168 72.8333 4491.74
2.56141e+09 2.14251e+09 8.05419e+07 6.25706e+07 13 6 1.04704e+09 16.7338 139.333 3725.28
9.32296e+07 1.21317e+09 8.42093e+07 1.08327e+07 10 4 8.42093e+08 77.7361 218.75 6078.26
1.83435e+08 1.63435e+09 8.65216e+07 2.73436e+07 16 7 1.38435e+09 50.6278 224 4994.24
1.04561e+08 8.08389e+08 7.86841e+07 1.08315e+06 16 10 1.25895e+09 1162.3 210.4 2807.99
4.03587e+08 1.31906e+09 8.77945e+07 5.02234e+07 16 5 1.40471e+09 27.9693 86.8 4645.66
1.75046e+08 1.08018e+09 8.11608e+07 2.68396e+07 15 6 1.21741e+09 45.3587 152.833 5568.92
