3.43686e+08 2.3638e+09 8.16294e+07 1.41502e+07 14 5 1.14281e+09 80.7627 55.2 4540.47
2.37403e+08 1.58192e+09 8.01004e+07 1.7222e+08 14 4 1.12141e+09 6.51149 60.75 5694.26
1.8198e+08 1.65824e+09 8.60899e+07 3.59055e+07 13 6 1.11917e+09 31.1699 62.8333 3827.54
1.98983e+08 4.06147e+08 9.27316e+07 8.46088e+07 11 4 1.02005e+09 12.0561 154.75 6124.5
3.81389e+08 1.76313e+09 7.22703e+07 9.2528e+07 17 8 1.22859e+09 13.2781 94.875 2879.17
4.8045e+07 1.54772e+09 8.26985e+07 440.644 13 5 1.07508e+09 2.43979e+06 228.8 5381.16
5.53102e+07 1.71006e+09 8.5623e+07 3.58779e+07 13 6 1.1131e+09 31.0246 127.333 5243.04
4.44073e+08 1.65382e+09 8.48807e+07 1.40469e+07 17 6 1.44297e+09 102.725 101.5 13350.8
3.15899e+08 2.00437e+09 6.87482e+07 9.89337e+06 11 5 7.5623e+08 76.4381 308.8 7192.3
6.25874e+09 5.36469e+09 7.02875e+07 2.714e+06 12 5 8.4345e+08 310.778 326 14060.5
2.86423e+08 1.88577e+09 7.78168e+07 5.75398e+06 15 5 1.16725e+09 202.86 223.2 6190.1
1.49655e+08 1.1892e+09 7.74095e+07 1.79727e+07 12 4 9.28914e+08 51.6848 254 7142.98
1.75944e+08 1.38908e+09 9.27316e+07 9.89138e+07 9 5 8.34585e+08 8.4375 254.8 6600.25
2.31662e+08 1.58965e+09 8.90944e+07 2.68321e+08 13 6 1.15823e+09 4.31657 134.833 4212.82
5.01762e+08 1.61755e+09 8.5421e+07 3.03548e+08 17 5 1.45216e+09 4.78395 110.8 5394.87
1.74819e+08 1.17026e+09 8.97764e+07 3.20492e+06 11 5 9.8754e+08 308.133 187.2 6801.15
2.10166e+09 2.12345e+09 8.34094e+07 8.64428e+06 14 7 1.16773e+09 135.087 127.714 3660.06
2.08305e+08 1.42521e+09 8.83444e+07 1.5989e+07 14 6 1.23682e+09 77.3543 128.833 4371.17
1.13935e+08 1.55694e+09 7.90107e+07 1.81389e+07 14 4 1.10615e+09 60.9824 180.75 5707.59
2.91247e+08 2.17059e+09 8.13381e+07 5.27374e+07 17 5 1.38275e+09 26.2195 109.2 4858.84
2.29449e+08 1.1474e+09 8.88916e+07 4.03564e+07 13 4 1.15559e+09 28.6347 97 6190.08
2.48816e+08 1.74582e+09 7.50106e+07 1.25037e+08 15 5 1.12516e+09 8.9986 143.2 4975.37
1.18289e+08 9.47169e+08 7.8948e+07 1.12812e+07 14 5 1.10527e+09 97.9745 242.8 5519.04
1.9176e+07 1.35194e+09 7.54647e+07 1.7584e+07 11 4 8.30112e+08 47.2083 154.75 7021.58
2.71344e+08 1.15168e+09 8.00319e+07 9.23059e+06 13 4 1.04042e+09 112.714 42.75 5336.15
1.13683e+08 5.82588e+08 8.90404e+07 1.128e+07 14 5 1.24657e+09 110.511 270.8 6102.51
8.83641e+07 2.33852e+09 8.44104e+07 6.75142e+07 11 4 9.28514e+08 13.7529 187 7392.98
2.14125e+08 1.40807e+09 9.04106e+07 1.26556e+08 17 6 1.53698e+09 12.1447 113.333 4484.62
1.86675e+08 1.58758e+09 8.42652e+07 2.45817e+07 13 4 1.09545e+09 44.5636 21 4666.28
1.81675e+08 1.16016e+09 7.76415e+07 1.83546e+07 14 4 1.08698e+09 59.2213 129 5653.42
1.16699e+08 1.11694e+09 9.01038e+07 6.80446e+07 10 6 9.01038e+08 13.2419 283.333 4673.59
8.8937e+07 1.42786e+09 8.08421e+07 2.58693e+07 14 4 1.13179e+09 43.7502 54.75 5431.59
2.60072e+08 1.0476e+09 9.48163e+07 5.67221e+07 10 5 9.48163e+08 16.7159 281.2 5929.3
1.05344e+08 1.54921e+09 8.57643e+07 8.34785e+07 13 5 1.11494e+09 13.356 150.8 5381.23
2.23952e+08 2.40307e+09 7.78078e+07 3.30907e+07 13 5 1.0115e+09 30.5676 261.2 6037.91
2.19794e+08 1.44254e+09 8.24015e+07 7.43188e+07 15 4 1.23602e+09 16.6313 116 5833.58
6.75101e+08 2.99712e+09 7.866e+07 3.35225e+08 17 4 1.33722e+09 3.98902 194.75 7494.63
9.18353e+08 1.93808e+09 8.13152e+07 2.18172e+08 15 6 1.21973e+09 5.59067 232.833 4700.79
1.9573e+08 1.47824e+09 8.67267e+07 1.36234e+07 11 5 9.53994e+08 70.0261 167.2 5388.58
2.69673e+08 3.62937e+09 7.22387e+07 6.27504e+06 14 5 1.01134e+09 161.169 74 4773.18
1.14788e+08 3.81608e+08 8.40189e+07 2.00385e+07 12 3 1.00823e+09 50.3144 148.667 115874
3.66128e+08 1.75503e+09 8.03453e+07 1.48697e+07 13 5 1.04449e+09 70.2427 205.2 5653.28
3.801e+08 2.62346e+09 8.20887e+07 1.68271e+07 12 4 9.85064e+08 58.5405 154.75 7360.82
4.24506e+07 7.52388e+08 7.92332e+07 9.39973e+06 12 4 9.50799e+08 101.152 94 5821.38
5.97559e+08 2.20595e+09 8.21429e+07 3.20337e+08 14 4 1.15e+09 3.58997 186.75 7069.65
9.60063e+07 5.99038e+08 8.33174e+07 1.92387e+07 15 4 1.24976e+09 64.9608 164 5332.63
7.71101e+07 1.40494e+09 8.41454e+07 7.74494e+06 14 4 1.17804e+09 152.104 60.75 5913.36
1.49918e+08 7.51425e+08 8.96166e+07 2.76285e+06 9 4 8.0655e+08 291.926 278 6972.36
1.06298e+08 1.26003e+09 8.49774e+07 2.96471e+07 12 7 1.01973e+09 34.3956 180 3988.74
2.66826e+08 1.87653e+09 7.48174e+07 1.03246e+08 14 5 1.04744e+09 10.1452 156.8 7366.85
1.83977e+08 4.14566e+08 8.5e+07 1.79342e+07 15 4 1.275e+09 71.093 194.75 15368.4
3.95932e+08 1.13296e+09 8.82588e+07 2.73925e+08 14 5 1.23562e+09 4.51081 104.8 4988.22
4.01388e+07 5.80485e+08 8.97165e+07 4.53536e+06 8 4 7.17732e+08 158.252 81 5494.93
3.31933e+08 1.24537e+09 8.45675e+07 1.03434e+08 14 4 1.18395e+09 11.4464 101 5829.46
2.20621e+08 2.82958e+09 7.68028e+07 4.78515e+07 14 4 1.07524e+09 22.4704 36.75 6253.61
2.22648e+08 1.13268e+09 8.91435e+07 1.51523e+08 13 4 1.15887e+09 7.64814 72.75 6045.04
2.62988e+08 2.49601e+09 8.13419e+07 1.60603e+07 10 7 8.13419e+08 50.6477 145.714 3581.76
1.61283e+08 1.04947e+09 9.18198e+07 7.79064e+06 12 5 1.10184e+09 141.431 106.8 4755.23
1.53625e+08 9.84664e+08 8.25879e+07 2.94627e+06 13 5 1.07364e+09 364.408 76.8 3860.04
5.06999e+07 7.6254e+08 8.42713e+07 3.63704e+07 13 4 1.09553e+09 30.1214 93 8714.85
1.676e+08 1.23205e+09 8.09605e+07 1.49105e+08 16 4 1.29537e+09 8.6876 40.75 5763.41
1.9347e+08 1.10524e+09 8.70554e+07 3.54808e+07 15 5 1.30583e+09 36.8039 66.8 5010.57
1.95638e+08 1.83219e+09 8.5213e+07 1.49545e+08 15 5 1.27819e+09 8.54725 101.2 4749.89
2.75691e+08 2.23593e+09 8.6013e+07 1.73061e+08 17 5 1.46222e+09 8.44914 114 4713.4
1.18202e+08 4.10978e+09 7.43724e+07 7.86344e+06 14 5 1.04121e+09 132.412 73.2 4726.31
3.17377e+08 2.15456e+09 8.25985e+07 9.35001e+06 15 5 1.23898e+09 132.511 24 4719.93
9.80008e+07 9.93495e+08 6.83493e+07 6.94299e+06 15 4 1.02524e+09 147.665 138.75 5394.92
2.65e+08 9.72546e+08 7.41427e+07 1.64921e+07 15 6 1.11214e+09 67.4346 139.333 4303.09
4.07422e+08 1.60727e+09 8.57086e+07 7.77883e+06 14 6 1.19992e+09 154.254 148 4651.11
9.03718e+08 2.61014e+09 7.10214e+07 1.01475e+08 16 5 1.13634e+09 11.1982 171.2 4674.15
2.24392e+08 1.98068e+09 8.51192e+07 2.82978e+07 13 4 1.10655e+09 39.1037 178 6768.78
2.74906e+08 1.85683e+09 7.15901e+07 2.7682e+07 13 4 9.30671e+08 33.6201 98.75 6241.82
1.20356e+08 2.81542e+09 6.67931e+07 1.19396e+07 12 5 8.01518e+08 67.1311 241.2 5126.28
4.62031e+08 1.93574e+09 8.6455e+07 1.37484e+08 12 4 1.03746e+09 7.54602 132 6126.84
1.55276e+08 1.79012e+09 8.49121e+07 6.04065e+06 10 5 8.49121e+08 140.568 137.2 5266.45
3.11607e+08 1.29414e+09 9.23389e+07 1.48086e+08 12 5 1.10807e+09 7.4826 40.8 4694.52
3.16563e+08 1.84537e+09 8.57459e+07 1.50513e+08 13 5 1.1147e+09 7.40599 235.2 6213.37
9.7714e+07 1.01387e+09 7.98223e+07 9.03233e+06 16 4 1.27716e+09 141.398 203 7387.54
3.21019e+08 1.82853e+09 8.79819e+07 3.74553e+07 15 6 1.31973e+09 35.2348 100.833 3827.96
7.11039e+09 4.73891e+09 6.67382e+07 8.53935e+06 16 5 1.06781e+09 125.046 214.8 7315.34
4.79315e+08 1.67862e+09 8.55059e+07 7.31298e+07 15 5 1.28259e+09 17.5385 123.2 5448.89
2.21803e+08 1.3553e+09 8.43685e+07 2.41722e+07 17 5 1.43427e+09 59.3354 114.8 5106.8
4.90794e+08 2.03351e+09 8.31356e+07 1.22393e+08 14 4 1.1639e+09 9.5095 104.75 5506.47
2.37419e+08 1.80181e+09 8.29207e+07 3.07906e+07 12 4 9.95048e+08 32.3166 78.75 7082.83
1.47399e+08 8.67179e+08 8.48988e+07 1.39114e+07 15 4 1.27348e+09 91.5423 80.75 6167.68
9.12495e+07 2.03374e+09 8.36462e+07 6.49076e+06 12 5 1.00375e+09 154.644 107.2 5229.4
1.04676e+08 1.58279e+09 8.63419e+07 5.83428e+07 14 6 1.20879e+09 20.7187 159.333 4278.85
4.21721e+08 1.33799e+09 8.85197e+07 1.40208e+07 15 5 1.3278e+09 94.7018 17.2 3959.66
1.73663e+09 1.53665e+09 8.16979e+07 1.55275e+08 7 5 5.71885e+08 3.68304 405.2 5727.58
4.27306e+08 1.1707e+09 8.40469e+07 1.00151e+08 15 6 1.2607e+09 12.588 104.833 3991.39
3.74962e+09 1.79575e+09 7.88953e+07 9.80109e+06 13 5 1.02564e+09 104.645 180.8 5924.8
2.21796e+09 1.5813e+09 7.9003e+07 1.59227e+07 17 6 1.34305e+09 84.3481 165.5 5454.08
1.0123e+08 1.58977e+09 8.96233e+07 4.08962e+07 12 4 1.07548e+09 26.2977 8.75 5079.9
4.85757e+09 3.66372e+09 8.12567e+07 2.37484e+07 12 5 9.7508e+08 41.0588 179.2 5576.48
3.15897e+08 1.47738e+09 7.30596e+07 1.79236e+07 17 5 1.24201e+09 69.2949 88.8 4386.28
2.88552e+08 1.46769e+09 8.97825e+07 2.92216e+07 13 5 1.16717e+09 39.9421 24.8 4520.21
8.38683e+08 1.46869e+09 7.43549e+07 3.22047e+07 13 5 9.66613e+08 30.0146 384 6453.98
2.78335e+08 1.65558e+09 8.69931e+07 3.52895e+07 13 5 1.13091e+09 32.0466 168 6104.68
2.43037e+08 1.28307e+09 8.52573e+07 3.98466e+07 19 5 1.61989e+09 40.6532 71.2 4647.17
1.74424e+08 2.32902e+09 8.77618e+07 9.1049e+06 9 4 7.89856e+08 86.7507 14 5543.85
2.03035e+08 9.1943e+08 8.89776e+07 1.30992e+08 13 5 1.15671e+09 8.83037 343.2 6866.57
1.63637e+08 7.4178e+08 8.97421e+07 6.00588e+07 14 5 1.25639e+09 20.9193 65.2 4020.33
3.21391e+08 1.54848e+09 8.96326e+07 1.03134e+08 15 6 1.34449e+09 13.0363 57.3333 4021.67
4.23046e+08 2.59743e+09 8.40256e+07 1.95852e+07 11 4 9.24281e+08 47.1929 65 5750.07
3.30042e+08 1.85358e+09 7.87786e+07 1.13508e+08 13 4 1.02412e+09 9.02243 221 6024.42
3.23254e+08 1.99597e+09 8.3726e+07 2.12365e+08 12 4 1.00471e+09 4.73106 38 5509.52
4.47493e+08 2.20607e+09 7.88916e+07 1.18693e+07 18 6 1.42005e+09 119.64 83.5 4127.6
1.58308e+08 2.00084e+09 8.20165e+07 3.12268e+07 13 4 1.06621e+09 34.1442 170.75 14554.3
8.50536e+07 1.20935e+09 7.40086e+07 5.71148e+06 17 5 1.25815e+09 220.284 86.8 4913.39
7.07451e+07 8.68337e+08 8.6475e+07 1.81396e+07 12 5 1.0377e+09 57.2063 90.8 5169.77
2.78493e+08 1.21885e+09 8.73745e+07 2.68547e+08 14 4 1.22324e+09 4.55505 173 6055.63
2.58692e+08 1.49448e+09 9.00559e+07 4.26894e+07 16 6 1.44089e+09 33.753 64 4421.43
2.01882e+08 1.38713e+09 8.36062e+07 4.28532e+07 12 5 1.00327e+09 23.4119 107.2 4706.05
4.69428e+08 2.42461e+09 8.33006e+07 1.17456e+08 13 4 1.08291e+09 9.21972 40.75 4550.96
4.78492e+08 1.89709e+09 7.70617e+07 2.02249e+08 16 4 1.23299e+09 6.09638 26.75 5109.6
2.50506e+08 1.43099e+09 7.91214e+07 1.14435e+08 10 5 7.91214e+08 6.91407 173.2 14305.2
4.0125e+09 3.17726e+09 7.34558e+07 4.79845e+07 15 7 1.10184e+09 22.9623 270 4276.36
1.18237e+08 1.25175e+09 8.66081e+07 3.72273e+07 15 5 1.29912e+09 34.897 214.8 5654.49
2.83859e+08 2.99722e+09 7.73908e+07 4.18291e+06 15 5 1.16086e+09 277.525 89.2 4799.5
3.57529e+08 2.66754e+09 7.97424e+07 9.55556e+06 16 5 1.27588e+09 133.522 226 5009.09
2.86555e+08 2.76747e+09 7.41161e+07 97973.8 15 5 1.11174e+09 11347.3 178.8 5365.61
2.58113e+08 1.4187e+09 8.36832e+07 1.25608e+07 14 6 1.17157e+09 93.2714 108.833 4871.1
7.89251e+07 7.71963e+08 7.26238e+07 1.30933e+07 12 5 8.71486e+08 66.5596 159.2 5237.92
5.20239e+08 2.28491e+09 8.22833e+07 1.25869e+08 16 5 1.31653e+09 10.4596 248 5896.58
3.31404e+08 1.59813e+09 8.97657e+07 5.95501e+07 15 5 1.34649e+09 22.611 91.2 5240.16
2.86074e+08 1.72911e+09 8.54732e+07 6.16253e+07 16 5 1.36757e+09 22.1917 62.8 5004.92
1.35055e+08 1.45164e+09 8.67965e+07 6.99263e+07 13 4 1.12835e+09 16.1364 65 4737.91
4.84407e+08 2.41916e+09 8.26734e+07 1.25158e+08 14 6 1.15743e+09 9.24776 245.5 4135.19
1.28642e+08 6.17869e+08 8.48304e+07 1.93605e+07 13 4 1.1028e+09 56.961 176.75 6017.4
2.9093e+08 1.35559e+09 8.6272e+07 7.60106e+07 16 5 1.38035e+09 18.16 78.8 4762.97
4.29987e+08 2.22746e+09 8.55867e+07 1.12185e+08 11 4 9.41454e+08 8.39195 40.75 6302.71
2.50259e+08 1.17431e+09 8.44782e+07 1.82958e+07 15 6 1.26717e+09 69.2604 113.5 3892.38
2.55191e+08 2.44885e+09 8.4771e+07 1.21138e+08 15 5 1.27157e+09 10.4969 214.8 5719.6
2.15417e+08 1.88612e+09 8.45474e+07 3.26663e+07 15 5 1.26821e+09 38.8232 143.2 5224.88
1.56927e+08 9.70693e+08 8.52236e+07 1.93447e+07 14 4 1.19313e+09 61.6774 48.75 5040.23
8.83118e+07 5.79206e+08 8.83604e+07 4.36953e+07 11 4 9.71965e+08 22.2442 166.75 7798.32
4.21166e+08 2.79084e+09 7.36422e+07 6.25078e+07 15 4 1.10463e+09 17.6719 54 5574.03
2.41869e+08 1.56931e+09 8.58319e+07 1.21182e+08 13 4 1.11581e+09 9.20774 48.75 116108
5.58536e+08 2.35926e+09 8.09843e+07 3.84541e+08 13 4 1.0528e+09 2.73779 69 6379.39
5.9049e+08 1.57388e+09 7.61125e+07 1.35145e+08 14 5 1.06558e+09 7.88466 339.2 5211.5
1.97561e+07 1.48341e+09 8.19311e+07 1.80503e+07 9 5 7.3738e+08 40.8514 106 5719.66
2.48926e+08 2.21506e+09 8.99308e+07 4.05352e+07 15 7 1.34896e+09 33.2788 34 3668.84
2.90813e+08 1.05997e+09 7.71778e+07 1.34278e+07 15 4 1.15767e+09 86.2141 75 5515.54
1.68015e+08 1.94898e+09 8.47628e+07 9.95634e+07 13 5 1.10192e+09 11.0675 205.2 4804.5
1.91713e+08 1.16642e+09 8.2898e+07 1.35344e+07 17 7 1.40927e+09 104.125 144.857 4193.81
4.88871e+07 1.49936e+09 7.38419e+07 1.26458e+07 14 6 1.03379e+09 81.7495 333.5 5415.08
3.24226e+08 1.4901e+09 9.0422e+07 1.2892e+07 12 5 1.08506e+09 84.1655 98.8 5387.09
4.22816e+08 2.08763e+09 8.07451e+07 6.20979e+07 14 5 1.13043e+09 18.204 126.8 4750.98
1.19596e+08 1.96931e+09 7.6723e+07 8.36868e+07 14 4 1.07412e+09 12.835 118.75 7125.01
1.76205e+08 1.0676e+09 8.3731e+07 6.502e+07 16 6 1.3397e+09 20.6044 164.833 5091.23
3.58708e+08 1.71092e+09 8.61698e+07 1.00388e+07 13 4 1.12021e+09 111.588 45 6282.31
5.45551e+08 2.12322e+09 8.32698e+07 3.40436e+08 13 5 1.08251e+09 3.17977 126.8 4942.35
8.97022e+07 1.0586e+09 8.67945e+07 5.38998e+07 12 4 1.04153e+09 19.3235 222 7724.99
2.80684e+08 8.5511e+08 8.7003e+07 1.9649e+07 18 6 1.56605e+09 79.7015 147.333 4472.22
7.37231e+07 4.64469e+08 8.61155e+07 5.1645e+07 12 4 1.03339e+09 20.0094 140.75 16650
2.06165e+08 1.34994e+09 8.35893e+07 3.11731e+06 13 5 1.08666e+09 348.589 134.8 4629.59
6.69408e+07 8.99874e+08 8.29587e+07 2.89378e+06 14 4 1.16142e+09 401.35 162.75 7018.97
1.88925e+08 2.0299e+09 8.77054e+07 3.40189e+07 14 5 1.22788e+09 36.0939 241.2 5800.56
1.87964e+08 1.19834e+09 8.53142e+07 1.3073e+08 15 6 1.27971e+09 9.78894 117.333 4269.64
1.26893e+08 2.12712e+09 8.21274e+07 4.35983e+07 17 5 1.39617e+09 32.0234 52.8 4291.41
4.37314e+08 1.60294e+09 8.96379e+07 1.7842e+08 15 5 1.34457e+09 7.53597 53.2 5246.71
2.29295e+08 3.70742e+09 6.96029e+07 1.87378e+07 14 6 9.74441e+08 52.004 141.333 4653.92
1.04678e+08 4.45299e+08 8.37631e+07 8.13934e+07 14 4 1.17268e+09 14.4076 98.75 5532.13
2.36823e+09 2.02512e+09 8.30005e+07 3.79898e+06 12 5 9.96006e+08 262.177 255.2 5445.37
3.35949e+08 1.25903e+09 8.15815e+07 2.2142e+08 15 6 1.22372e+09 5.52669 171.5 13580.1
1.2262e+08 1.23527e+09 7.97231e+07 6.83497e+06 15 5 1.19585e+09 174.96 205.2 5465
3.58072e+08 1.42855e+09 8.58227e+07 9.81512e+07 16 6 1.37316e+09 13.9903 186.833 5221.05
2.6219e+08 2.43692e+09 8.46745e+07 1.58748e+08 16 5 1.35479e+09 8.53426 189.2 5141.35
1.30834e+08 1.71994e+09 8.69569e+07 6.99102e+06 10 4 8.69569e+08 124.384 134.75 15737.5
1.65363e+09 1.59866e+09 7.355e+07 9.88804e+07 13 5 9.5615e+08 9.66976 320.8 6910.09
1.54535e+08 1.32862e+09 9.28361e+07 1.2003e+07 13 6 1.20687e+09 100.547 124.833 4328.85
4.33158e+08 2.13009e+09 7.19116e+07 1.18008e+08 9 5 6.47204e+08 5.48439 346.8 15802.2
2.55529e+08 1.34122e+09 7.73526e+07 7.44438e+07 11 4 8.50879e+08 11.4298 218.75 7535.4
3.2824e+08 9.35948e+08 8.25752e+07 1.14417e+08 19 5 1.56893e+09 13.7123 174 4608.34
3.54288e+08 1.24819e+09 8.21175e+07 2.39912e+07 18 6 1.47812e+09 61.6107 189.333 4108.06
2.73005e+08 1.77366e+09 7.68956e+07 4.31467e+06 15 4 1.15343e+09 267.329 34.75 6332.58
1.34777e+08 1.27143e+09 7.41064e+07 6.15796e+06 16 5 1.1857e+09 192.548 220 5554.07
4.49865e+08 1.83107e+09 8.44316e+07 8.94091e+07 12 5 1.01318e+09 11.3319 104.8 6202.26
1.96571e+08 1.48642e+09 7.48829e+07 5.60495e+07 15 4 1.12324e+09 20.0402 232.75 7824.76
4.51148e+08 1.47005e+09 8.15069e+07 3.85237e+07 15 6 1.2226e+09 31.7364 244.833 4478.06
1.07306e+08 7.91262e+08 8.0002e+07 9.43856e+07 16 5 1.28003e+09 13.5617 190.8 5968.44
8.26999e+08 8.12265e+08 8.3844e+07 1.24412e+08 11 4 9.22284e+08 7.41317 259 7198.06
3.40537e+08 1.46446e+09 8.56443e+07 3.93762e+07 15 4 1.28466e+09 32.6254 74.75 6000
9.55883e+07 6.87176e+08 8.69352e+07 5.67718e+07 14 5 1.21709e+09 21.4383 181.2 5610.9
1.43709e+08 1.28821e+09 7.76258e+07 1.34361e+07 16 6 1.24201e+09 92.4385 82.8333 4208.98
3.30977e+08 2.64749e+09 7.08031e+07 1.18231e+07 11 5 7.78834e+08 65.874 326 5387.52
2.6612e+08 2.27836e+09 7.93987e+07 1.29022e+08 14 6 1.11158e+09 8.61542 304.833 5036.36
1.66456e+08 5.74707e+08 9.40761e+07 1.70864e+07 12 5 1.12891e+09 66.0707 287.2 5640.96
