2.45999e+08 2.08739e+09 7.62929e+07 5.50726e+07 16 4 1.22069e+09 22.1651 18 5111.18
2.62906e+08 8.59906e+08 8.68211e+07 3.09366e+07 12 4 1.04185e+09 33.677 382 16005.2
2.24671e+08 1.46162e+09 8.36718e+07 9.75116e+07 14 4 1.17141e+09 12.013 42.75 6779.28
3.11728e+08 2.50975e+09 7.89309e+07 2.91966e+07 14 4 1.10503e+09 37.848 16.75 14526.9
4.16694e+08 1.82375e+09 7.67001e+07 1.04713e+07 14 4 1.0738e+09 102.547 260 6751.86
3.38886e+08 1.81556e+09 9.06404e+07 2.70781e+08 11 4 9.97045e+08 3.6821 24.75 4568.57
2.08379e+08 7.24686e+08 9.52419e+07 7.00512e+06 7 4 6.66693e+08 95.1723 134 7269.69
3.57032e+08 1.4939e+09 8.66214e+07 9.88367e+07 8 4 6.92971e+08 7.01127 126.75 6314.69
1.53242e+08 1.08965e+09 7.95421e+07 4.79647e+07 15 4 1.19313e+09 24.8752 42.75 5426.66
5.85868e+07 1.21472e+09 8.65349e+07 8.98342e+06 12 4 1.03842e+09 115.593 89 6585.37
7.70183e+07 1.79275e+09 8.77142e+07 4.03207e+07 11 4 9.64856e+08 23.9295 84.75 15677.5
4.29499e+08 2.13004e+09 7.58337e+07 1.71479e+07 16 5 1.21334e+09 70.7573 174.8 5457.15
2.00382e+08 1.1207e+09 7.93823e+07 2.09785e+07 15 4 1.19073e+09 56.7597 56.75 6897.89
4.7682e+07 8.56659e+08 6.6467e+07 5.73999e+06 12 4 7.97604e+08 138.956 74.75 5496.78
2.03989e+07 2.00539e+09 7.21965e+07 2.46347e+06 10 3 7.21965e+08 293.068 8 14716.2
3.19426e+08 1.06141e+09 8.76198e+07 1.03436e+08 9 3 7.88578e+08 7.62386 50.6667 7261.05
6.49333e+07 9.24111e+08 7.89993e+07 2.54951e+07 14 4 1.10599e+09 43.3805 72.75 5670.82
9.85625e+07 6.66973e+08 8.72033e+07 5.79977e+07 14 4 1.22085e+09 21.0499 222.75 7362.56
2.08139e+08 1.56402e+09 8.03151e+07 1.27942e+08 11 3 8.83466e+08 6.9052 12.6667 6665.05
1.3765e+08 1.22615e+09 9.09962e+07 4.33802e+07 11 4 1.00096e+09 23.0741 58 5304.57
3.43078e+07 3.71647e+08 8.00799e+07 1.20451e+07 15 4 1.2012e+09 99.7253 294.75 6938.6
6.49986e+07 6.19906e+08 8.3746e+07 2.71433e+07 12 4 1.00495e+09 37.024 142.75 5769.97
4.01639e+08 1.36306e+09 8.63787e+07 2.39255e+08 13 4 1.12292e+09 4.69341 14 4899.13
8.34187e+07 1.48472e+09 8.41225e+07 2.40847e+07 14 4 1.17772e+09 48.8989 140.75 5472.36
7.48009e+08 3.08228e+09 6.21862e+07 2.04329e+06 14 4 8.70607e+08 426.08 244 7188.96
2.34008e+08 1.05049e+09 7.98108e+07 1.16986e+07 13 4 1.03754e+09 88.6895 122.75 121161
4.15774e+08 1.99709e+09 8.33067e+07 2.09395e+08 12 4 9.99681e+08 4.77413 42.75 5681.13
2.25718e+08 7.62416e+08 8.75685e+07 1.22032e+08 14 4 1.22596e+09 10.0462 266 8081.21
1.93609e+08 8.54243e+08 8.78453e+07 6.82195e+07 17 4 1.49337e+09 21.8907 40.75 5243.53
1.19115e+08 1.23212e+09 7.9353e+07 2.315e+07 12 3 9.52236e+08 41.1333 14 17134
7.43876e+07 1.08412e+09 8.01384e+07 1.19063e+07 9 3 7.21246e+08 60.5769 8.66667 6561.2
5.97067e+08 1.83557e+09 8.50839e+07 4.00759e+08 12 4 1.02101e+09 2.54768 148 7118.13
4.38914e+08 1.77066e+09 7.68321e+07 7.17151e+06 16 4 1.22931e+09 171.416 226.75 7802.75
1.94197e+08 6.56798e+08 8.92039e+07 9.04671e+07 12 4 1.07045e+09 11.8324 60.75 6106.1
3.92396e+07 1.19865e+09 7.8668e+07 2.73419e+06 13 4 1.02268e+09 374.036 138 6480.12
1.66677e+08 1.40956e+09 7.5e+07 2.90622e+06 12 4 9e+08 309.681 110 6883.88
5.26619e+08 3.05747e+09 8.01554e+07 2.11589e+08 11 4 8.81709e+08 4.16709 156.75 7474
1.19262e+07 2.21609e+09 7.75859e+07 2.00348e+06 8 3 6.20687e+08 309.805 18.6667 6521.54
2.91861e+08 1.66422e+09 8.336e+07 5.05701e+07 15 4 1.2504e+09 24.7261 146.75 8187.54
1.18879e+08 1.13158e+09 8.90268e+07 6.26585e+07 13 4 1.15735e+09 18.4707 26.75 5250.34
1.84632e+08 1.65909e+09 8.28398e+07 1.85594e+08 13 3 1.07692e+09 5.80255 44.6667 6316.07
3.08758e+08 1.89398e+09 8.65306e+07 3.51065e+07 11 4 9.51837e+08 27.1128 50.75 5431.2
1.47151e+08 9.21384e+08 8.34265e+07 1.50408e+07 14 4 1.16797e+09 77.6533 144.75 7068.85
4.20186e+08 1.7578e+09 8.4172e+07 1.5341e+08 12 4 1.01006e+09 6.58408 220.75 6706.96
3.15849e+08 9.98403e+08 8.61479e+07 6.84511e+07 14 5 1.20607e+09 17.6194 113.2 5773.36
1.29333e+08 8.59058e+08 8.68066e+07 2.83169e+07 11 4 9.54872e+08 33.7209 84.75 14190.5
2.97951e+08 1.22537e+09 8.96105e+07 3.93467e+07 13 4 1.16494e+09 29.607 57 6724.13
1.2702e+08 1.55753e+09 7.8738e+07 3.56024e+07 10 3 7.8738e+08 22.116 10.6667 6805.65
7.33589e+07 7.64696e+08 8.18182e+07 8.94883e+07 11 4 9e+08 10.0572 222.75 6718.44
5.31299e+07 1.05152e+09 8.6242e+07 2.6121e+07 16 4 1.37987e+09 52.8262 54 16394
8.26343e+07 4.92185e+09 6.87918e+07 5.38183e+06 11 4 7.56709e+08 140.604 131 6002.65
1.28159e+08 2.08627e+09 8.07608e+07 2.26864e+07 16 4 1.29217e+09 56.958 64.75 5689.62
1.95607e+08 1.03384e+09 8.75835e+07 5.8649e+06 11 4 9.63419e+08 164.269 134 7340.06
5.65389e+07 7.00663e+08 8.66613e+07 1.35836e+07 13 5 1.1266e+09 82.9383 221.2 15751.2
2.68896e+08 1.55889e+09 7.49637e+07 2.61232e+08 11 3 8.24601e+08 3.15659 4.66667 15879.6
1.49168e+08 1.03761e+09 8.0852e+07 5.48658e+07 15 4 1.21278e+09 22.1045 178.75 6919.9
7.53817e+07 2.9922e+09 7.39883e+07 9.47797e+06 12 4 8.87859e+08 93.6761 180.75 6664.3
2.9216e+08 1.12727e+09 9.27897e+07 1.69915e+08 11 4 1.02069e+09 6.00704 100 7415.58
1.24929e+08 1.04724e+09 7.86022e+07 8.32653e+07 10 3 7.86022e+08 9.43997 72.6667 6123.69
2.72071e+08 1.14198e+09 8.38351e+07 1.01667e+07 13 4 1.08986e+09 107.198 69 15570.8
2.23215e+08 1.2086e+09 8.22103e+07 1.18006e+08 11 4 9.04313e+08 7.66325 117 7837.47
1.27836e+08 9.95531e+08 8.63419e+07 4.01818e+06 10 4 8.63419e+08 214.878 144.75 5351.76
1.11646e+08 2.13906e+09 7.6847e+07 2.82347e+07 8 4 6.14776e+08 21.7737 94 15518.7
1.41402e+08 1.06105e+09 8.64893e+07 1.0085e+08 13 4 1.12436e+09 11.1488 42.75 6082.51
2.85276e+08 1.72867e+09 7.86171e+07 7.19653e+06 14 4 1.10064e+09 152.94 186.75 5804.11
1.19148e+08 1.01436e+09 7.94906e+07 5.93516e+07 9 4 7.15415e+08 12.0538 162 8356.31
2.00307e+08 1.46037e+09 8.79659e+07 630064 12 4 1.05559e+09 1675.37 51 4872.29
2.22264e+08 1.19426e+09 8.84738e+07 1.0105e+08 13 4 1.15016e+09 11.382 72.75 5769.39
3.4014e+08 1.50197e+09 9.07203e+07 9.9019e+07 11 4 9.97923e+08 10.0781 84.75 5943.46
1.03753e+08 5.18702e+08 7.62216e+07 8.63885e+07 17 4 1.29577e+09 14.9993 164 7934.7
2.07372e+08 1.1142e+09 6.581e+07 8.07276e+06 17 4 1.11877e+09 138.586 8.75 5760.1
5.66434e+08 2.65944e+09 8.4302e+07 2.98161e+06 13 4 1.09593e+09 367.563 41 6030.02
2.5828e+08 1.50784e+09 8.18158e+07 5.20482e+07 12 4 9.81789e+08 18.8631 54 7377.68
1.65057e+08 1.29744e+09 8.71339e+07 5.41106e+07 12 4 1.04561e+09 19.3235 48 5210.59
3.21893e+08 1.18968e+09 8.26605e+07 9.38936e+07 11 4 9.09265e+08 9.68399 38.75 5871.07
4.49447e+08 2.90671e+09 8.10088e+07 4.89069e+07 13 5 1.05312e+09 21.5331 141.2 119419
3.75707e+08 1.30643e+09 8.58565e+07 1.96656e+07 13 4 1.11613e+09 56.7557 27 6148.46
8.50648e+07 1.07698e+09 8.10653e+07 5.36278e+07 16 4 1.29704e+09 24.1861 14.75 5546.6
1.55536e+08 5.42959e+08 7.79737e+07 7.76629e+07 13 4 1.01366e+09 13.052 198 7218.31
5.71767e+07 8.92955e+08 8.61422e+07 1.36106e+07 14 4 1.20599e+09 88.6065 186.75 6559.61
1.6558e+08 2.50108e+09 7.92675e+07 4.27902e+07 14 4 1.10974e+09 25.9345 138.75 5263
8.5873e+07 8.7828e+08 8.74785e+07 6.51551e+07 13 4 1.13722e+09 17.454 131 6275.64
1.62255e+08 8.87315e+08 8.28807e+07 5.85008e+07 12 4 9.94569e+08 17.0009 44.75 5855.01
1.05999e+08 1.4135e+09 8.73469e+07 9.30335e+06 12 4 1.04816e+09 112.665 50.75 119947
1.12947e+08 1.41887e+09 9.55386e+07 1.29166e+07 7 4 6.6877e+08 51.7759 20 5462.99
1.2178e+07 1.26288e+09 8.33333e+07 3.4777e+06 9 3 7.5e+08 215.66 112.667 7313.32
4.24347e+07 1.83352e+09 7.32961e+07 4.08449e+06 12 4 8.79553e+08 215.34 274.75 17265.9
2.51263e+08 1.60484e+09 8.16478e+07 1.50754e+08 13 4 1.06142e+09 7.04076 146 6807.97
1.50521e+08 9.51311e+08 8.37161e+07 3.06394e+07 8 4 6.69728e+08 21.8584 65 7094.52
3.88614e+08 9.98848e+08 8.79762e+07 6.99001e+07 13 4 1.14369e+09 16.3618 70 5316.26
7.03046e+07 9.69128e+08 8.67289e+07 3.081e+07 13 4 1.12748e+09 36.5944 108.75 6074.92
3.86469e+08 1.02228e+09 8.21639e+07 3.46421e+08 13 4 1.06813e+09 3.08333 117 7624.16
1.23626e+08 1.08466e+09 8.22456e+07 1.35546e+07 14 5 1.15144e+09 84.9479 408.8 6061.86
6.18819e+07 1.45724e+09 8.66556e+07 7.23815e+06 14 4 1.21318e+09 167.609 26 5531.5
2.98695e+08 2.14751e+09 7.07238e+07 1.46103e+06 13 4 9.19409e+08 629.288 126 6030.73
7.4765e+07 1.55744e+09 9.15069e+07 4.47743e+07 9 4 8.23562e+08 18.3937 89 120469
1.50253e+08 1.14187e+09 7.6536e+07 1.06528e+07 13 4 9.94968e+08 93.3997 100.75 15773.5
1.65047e+08 8.38496e+08 8.6958e+07 6.52351e+07 14 4 1.21741e+09 18.6619 52.75 5524.22
1.14361e+08 1.7488e+09 8.61992e+07 3.24427e+07 14 4 1.20679e+09 37.1976 4.75 4944.53
1.32339e+08 2.35883e+09 8.21029e+07 1.05974e+08 14 4 1.14944e+09 10.8464 42 6346.56
8.49471e+06 8.97088e+08 6.9667e+07 1.54778e+06 13 4 9.05671e+08 585.143 347 9100.6
2.62887e+08 2.13444e+09 7.82082e+07 2.73149e+07 12 4 9.38498e+08 34.3585 286.75 7125.98
2.77318e+08 2.85539e+09 7.85144e+07 1.20608e+08 15 4 1.17772e+09 9.76483 157 6750.89
2.41191e+08 1.02894e+09 8.61608e+07 2.31436e+08 15 4 1.29241e+09 5.58431 146.75 6347.46
1.83009e+08 1.15495e+09 7.27267e+07 1.7273e+08 13 3 9.45447e+08 5.47354 12.6667 16508.7
1.13516e+08 1.69409e+09 8.49907e+07 5.31697e+07 12 5 1.01989e+09 19.1818 57.2 4566.11
3.6997e+08 2.22869e+09 7.56017e+07 1.41746e+08 15 4 1.13403e+09 8.00038 89 5445.33
8.81605e+07 5.52564e+08 9.21526e+07 7.61004e+07 12 4 1.10583e+09 14.5312 75 5676.24
3.22123e+08 1.66188e+09 8.1916e+07 5.85214e+06 17 4 1.39257e+09 237.96 68.75 5631.12
8.90624e+07 1.3441e+09 8.20801e+07 5.28277e+07 14 4 1.14912e+09 21.7522 65 5917.15
2.10053e+08 2.58807e+09 8.12367e+07 5.01093e+07 12 4 9.7484e+08 19.4543 227 7044.75
2.3686e+08 2.19187e+09 7.81273e+07 2.04024e+07 13 4 1.01565e+09 49.7812 186 6773.22
1.05073e+08 1.43805e+09 8.05644e+07 6.79311e+07 12 4 9.66773e+08 14.2317 41 5463.91
1.95596e+08 1.44001e+09 8.67848e+07 1.00059e+08 11 4 9.54633e+08 9.5407 212.75 8566.41
1.73402e+08 1.07297e+09 8.46417e+07 8.44958e+06 14 4 1.18498e+09 140.242 92.75 4912.77
2.66292e+08 1.41473e+09 9.23003e+07 8.09152e+07 10 4 9.23003e+08 11.407 74 5843.26
6.64593e+08 3.06738e+09 7.06719e+07 1.38271e+08 16 4 1.13075e+09 8.17778 29 7118.72
9.67913e+07 4.84851e+08 8.48065e+07 2.27111e+06 9 4 7.63259e+08 336.073 265 6512.2
1.53066e+08 1.76606e+09 8.45355e+07 1.24091e+08 13 4 1.09896e+09 8.85608 82.75 6103.07
3.47326e+08 1.80831e+09 8.62692e+07 6.84171e+06 11 4 9.48962e+08 138.702 42.75 6517.82
2.97518e+08 1.78681e+09 8.52236e+07 1.39027e+08 10 4 8.52236e+08 6.13003 90.75 15663.8
1.08714e+08 1.53071e+09 7.91683e+07 1.94583e+07 16 4 1.26669e+09 65.0977 186.75 8701.71
2.98813e+08 1.40393e+09 9.15535e+07 4.98471e+07 12 4 1.09864e+09 22.0403 42 16817.6
7.73241e+07 1.60916e+09 8.82007e+07 1.27298e+07 11 4 9.70208e+08 76.2153 40.75 6317.1
1.7416e+08 1.27535e+09 9.03355e+07 1.11971e+08 12 4 1.08403e+09 9.68133 62.75 7515.89
6.86136e+07 5.95575e+08 8.87442e+07 2.55113e+07 13 4 1.15367e+09 45.2222 208.75 8398.26
1.8675e+08 1.20093e+09 8.88578e+07 6.7538e+07 10 4 8.88578e+08 13.1567 56.75 6330.39
1.75702e+09 1.00934e+09 8.3648e+07 5.62237e+07 11 4 9.20128e+08 16.3655 195 7521.14
2.41597e+08 2.4544e+09 8.00919e+07 1.07713e+07 12 4 9.61102e+08 89.2283 114.75 6349.32
1.44939e+07 4.15723e+08 8.54167e+07 2.85057e+06 12 4 1.025e+09 359.577 201 18994.6
1.74434e+08 6.19337e+08 8.23323e+07 2.38654e+07 15 4 1.23498e+09 51.7478 116.75 5939.28
2.62461e+08 1.33423e+09 8.57561e+07 1.86097e+07 15 5 1.28634e+09 69.1221 213.2 7177.07
1.48295e+07 7.03392e+08 7.80591e+07 1.19933e+07 10 3 7.80591e+08 65.0859 14 20562.6
4.20084e+07 3.88019e+08 7.86901e+07 7.42868e+06 15 4 1.18035e+09 158.891 185 7763.89
5.2335e+08 2.44671e+09 7.66405e+07 9.21441e+07 13 4 9.96326e+08 10.8127 90 6448.03
2.62451e+08 1.46744e+09 8.2082e+07 4.69362e+07 12 4 9.84984e+08 20.9856 188.75 7968.37
2.79103e+08 9.87589e+08 8.59105e+07 613902 15 4 1.28866e+09 2099.13 124.75 7055.96
1.73593e+08 1.52301e+09 8.95501e+07 2.08367e+07 12 4 1.0746e+09 51.5725 41 6115.16
1.69989e+08 1.4769e+09 8.15229e+07 2.21486e+07 15 4 1.22284e+09 55.2109 21 6361.09
1.09928e+08 1.05142e+09 8.82834e+07 8.88007e+06 13 4 1.14768e+09 129.243 74.75 15538.5
2.77018e+08 2.63045e+09 7.92399e+07 5.4966e+06 12 4 9.50879e+08 172.994 34.75 5702.89
1.1725e+08 2.72415e+09 7.19068e+07 9.89333e+07 11 4 7.90974e+08 7.99503 228.75 8817.08
2.61819e+08 1.64251e+09 8.46912e+07 1.64714e+08 15 5 1.27037e+09 7.71255 138.8 5355.59
1.25574e+08 1.40918e+09 8.47321e+07 4.02521e+07 13 4 1.10152e+09 27.3655 57 6396.55
1.16708e+08 1.00287e+09 8.00258e+07 5.47991e+07 13 4 1.04034e+09 18.9845 278.75 9552.95
1.68442e+08 1.16726e+09 7.80884e+07 2.43571e+07 15 4 1.17133e+09 48.0896 76.75 5600.76
4.35136e+08 2.0167e+09 8.01757e+07 1.56205e+08 15 4 1.20264e+09 7.6991 104.75 6046.6
3.12368e+08 1.8653e+09 8.46179e+07 8.73797e+07 12 4 1.01542e+09 11.6207 80 5557.9
1.23922e+08 2.20886e+09 7.55325e+07 5.0768e+07 15 4 1.13299e+09 22.317 325 21265.5
4.23232e+08 1.69542e+09 8.31298e+07 7.74585e+07 14 4 1.16382e+09 15.025 8.75 5184.52
1.44104e+08 1.74321e+09 7.85021e+07 6.84625e+07 13 4 1.02053e+09 14.9064 76.75 5934.33
1.22911e+08 1.73968e+09 7.96572e+07 6.85698e+07 13 4 1.03554e+09 15.102 88.75 6456.97
4.71312e+08 2.10562e+09 7.63728e+07 3.57821e+07 16 4 1.22196e+09 34.1502 278.75 7567.99
