3.27136e+08 1.27662e+09 8.10703e+07 1.44738e+07 17 6 1.37819e+09 95.2201 150.833 5145.72
6.70882e+08 1.2965e+09 8.90895e+07 1.71046e+08 15 7 1.33634e+09 7.81274 225.714 4429.94
2.06466e+08 1.37221e+09 8.83558e+07 5.51796e+07 14 7 1.23698e+09 22.4174 81.7143 4024.56
1.2638e+09 1.52168e+09 8.18502e+07 6.19906e+07 17 8 1.39145e+09 22.4462 104.875 3344.16
8.03856e+08 1.5286e+09 8.67252e+07 2.96476e+07 15 10 1.30088e+09 43.8781 204.9 3236.65
2.15472e+08 2.90769e+09 8.07558e+07 2.07239e+07 16 6 1.29209e+09 62.3481 179.333 4599.46
7.29753e+08 2.53598e+09 7.38745e+07 3.39126e+07 11 4 8.1262e+08 23.9622 312.75 6916.26
4.31277e+09 2.82666e+09 7.05671e+07 6.99419e+06 12 6 8.46805e+08 121.073 101.333 3984.89
2.24888e+08 1.97641e+09 8.25779e+07 7.32976e+07 16 7 1.32125e+09 18.0258 45.4286 3433.63
2.72656e+08 1.4266e+09 8.99853e+07 2.60333e+08 13 7 1.16981e+09 4.4935 135.714 3811.44
1.95506e+08 1.04742e+09 8.57977e+07 1.56193e+07 16 6 1.37276e+09 87.8888 176.833 5078.12
1.29851e+08 9.23796e+08 8.62969e+07 2.1426e+07 16 9 1.38075e+09 64.4427 201.556 3523.98
4.48438e+08 6.36678e+08 7.64483e+07 1.84597e+07 15 8 1.14673e+09 62.1206 304.875 3784.64
4.01056e+09 3.50235e+09 7.63008e+07 2.40668e+07 14 9 1.06821e+09 44.3852 110 3071.06
1.90227e+08 1.35089e+09 8.69751e+07 1.13286e+08 14 6 1.21765e+09 10.7485 146.833 5169.98
4.03807e+08 1.38157e+09 8.81689e+07 4.24388e+07 16 9 1.4107e+09 33.2409 294 4342.93
2.24051e+08 1.10521e+09 8.98992e+07 2.08816e+07 13 5 1.16869e+09 55.9675 208.8 5811.46
8.08146e+08 2.30929e+09 8.10656e+07 9.99386e+06 17 8 1.37812e+09 137.896 119.5 3396.82
2.10477e+08 1.78345e+09 9.14755e+07 4.38107e+07 11 5 1.00623e+09 22.9677 158.8 6172.41
1.6537e+08 1.54975e+09 7.87114e+07 5.90037e+06 15 8 1.18067e+09 200.101 77.5 3090.32
1.59997e+08 1.50551e+09 6.72524e+07 1.7129e+07 12 5 8.07029e+08 47.1148 167.2 5303.53
1.70349e+08 1.4704e+09 8.04663e+07 1.69183e+07 16 6 1.28746e+09 76.0986 174.833 4865.51
1.05444e+09 1.86118e+09 8.14164e+07 1.63347e+08 15 5 1.22125e+09 7.47641 249.2 6059.49
1.28233e+09 2.28422e+09 7.91587e+07 2.57792e+08 15 11 1.18738e+09 4.60595 129.636 2597.78
2.41739e+08 2.04082e+09 8.64916e+07 2.24785e+07 16 7 1.38387e+09 61.5639 125.714 4543.42
1.62191e+08 1.42061e+09 8.95953e+07 1.17119e+07 15 5 1.34393e+09 114.749 57.2 5135.13
3.86379e+16 0 4.07862e+07 2.84186e+14 14 9 5.71006e+08 2.00927e-06 102.889 3207.63
1.22543e+08 1.08851e+09 9.32042e+07 1.28644e+08 12 8 1.11845e+09 8.69415 246 4473
3.43265e+08 1.38978e+09 8.12582e+07 1.22572e+07 17 7 1.38139e+09 112.7 251.429 4655.4
2.99141e+08 1.4429e+09 9.02784e+07 2.44192e+06 14 6 1.2639e+09 517.584 110.833 4036.08
6.31497e+08 9.80137e+08 7.94656e+07 1.19398e+06 11 6 8.74121e+08 732.109 170 4979.05
2.00024e+08 1.84903e+09 8.70128e+07 1.33878e+08 15 8 1.30519e+09 9.74908 118.875 3368.17
3.03386e+08 1.64073e+09 8.79147e+07 4.92107e+07 13 6 1.14289e+09 23.2245 103.333 4067.23
1.02202e+08 6.9823e+08 7.96953e+07 1.86935e+06 14 7 1.11573e+09 596.856 264.857 4566.64
2.67583e+08 1.19508e+09 9.12673e+07 2.57888e+08 15 6 1.36901e+09 5.30854 122 4974.42
1.78404e+08 1.05486e+09 7.9771e+07 2.48272e+08 15 7 1.19657e+09 4.81958 257.714 4140.11
4.84199e+08 2.16058e+09 9.02157e+07 3.7772e+08 16 6 1.44345e+09 3.82148 38.8333 3220.1
4.13991e+08 1.51547e+09 7.95421e+07 7.56857e+07 15 9 1.19313e+09 15.7643 283.556 3577.22
7.18752e+08 1.6729e+09 8.13898e+07 5.96196e+07 16 7 1.30224e+09 21.8424 175.429 3941.7
3.33606e+08 2.03407e+09 8.59767e+07 7.01893e+07 14 6 1.20367e+09 17.149 109.333 4457.53
