2.38518e+08 6.13129e+08 7.45557e+07 1.16553e+07 16 9 1.19289e+09 102.348 126.222 2508.45
1.80821e+08 1.11298e+09 8.16579e+07 1.22806e+06 14 13 1.14321e+09 930.904 133.231 2206.04
9.48307e+08 1.89661e+10 2.16454e+07 1.89661e+10 1 20 2.16454e+07 0.00114126 37.75 103.076
1.22209e+07 3.99253e+08 5.50519e+07 134992 4 19 2.20208e+08 1631.27 83.7895 383.268
9.63202e+11 0 6.25e+06 1.54112e+13 4 16 2.5e+07 1.62219e-06 83.75 1092.11
7.05027e+07 4.12206e+08 8.12643e+07 2.51222e+06 14 11 1.1377e+09 452.866 156.545 2611.71
1.34317e+09 3.48224e+09 8.09405e+07 2.27964e+08 8 16 6.47524e+08 2.84046 74.4375 1026.8
6.90421e+07 1.16769e+09 7.30653e+07 751985 9 16 6.57588e+08 874.469 91.75 1134.45
2.32652e+09 2.94147e+09 7.76624e+07 3.04705e+06 12 13 9.31949e+08 305.853 116 1883.74
2.34505e+09 4.20473e+09 8.41534e+07 7.52129e+06 10 11 8.41534e+08 111.887 254.909 2713.64
1.88958e+07 7.9025e+08 7.38285e+07 724186 6 17 4.42971e+08 611.682 84.2353 795.549
1.2285e+09 2.01059e+09 7.14784e+07 6.61999e+06 11 14 7.86262e+08 118.771 47.4286 1440.8
1.29606e+09 6.26344e+09 5.34944e+07 1.22703e+06 4 19 2.13978e+08 174.386 84.1053 331.608
7.31175e+08 9.73813e+08 8.36356e+07 3.92217e+07 17 10 1.42181e+09 36.2505 150.4 2962.4
1.2253e+08 7.21997e+08 9.06734e+07 4.66851e+06 13 11 1.17875e+09 252.491 93.6364 2356.8
2.14451e+08 1.00521e+09 8.582e+07 1.22939e+07 15 10 1.2873e+09 104.71 116.4 3092.29
8.18134e+07 1.11137e+09 8.01817e+07 752475 8 16 6.41454e+08 852.458 60.4375 1010.02
1.90372e+08 1.17886e+09 8.9347e+07 4.92174e+07 16 9 1.42955e+09 29.0457 122.889 3569.86
1.01611e+08 9.9401e+08 7.7919e+07 1.50133e+06 11 15 8.57109e+08 570.898 85.6 1541.15
4.18773e+06 1.10714e+08 8.46645e+07 3.1388e+07 4 18 3.38658e+08 10.7894 41.1111 631.476
2.27869e+09 4.33459e+09 5.73482e+07 2.05697e+06 8 12 4.58786e+08 223.039 136.917 1892.99
9.57386e+07 9.17823e+08 7.85942e+07 587188 12 11 9.43131e+08 1606.18 184.909 2856.7
3.12043e+13 0 1.09881e+07 1.31301e+14 14 11 1.53834e+08 1.17161e-06 150 2430
2.76358e+07 9.14927e+08 6.81629e+07 350278 5 17 3.40815e+08 972.983 119.059 901.579
2.2753e+09 2.57871e+09 7.53081e+07 2.91463e+06 14 13 1.05431e+09 361.731 75.2308 2006.23
4.45166e+07 9.48344e+08 8.30671e+07 4.35622e+06 12 12 9.96805e+08 228.823 70.9167 1767.88
5.39177e+07 7.74457e+08 8.51118e+07 5.06584e+07 10 13 8.51118e+08 16.8011 76 1667.83
1.13693e+08 1.29302e+09 8.41454e+07 3.88059e+07 10 12 8.41454e+08 21.6837 114.25 2081.01
1.41019e+08 1.08992e+09 8.4984e+07 2.801e+07 13 12 1.10479e+09 39.4427 118.917 2435.5
1.71965e+08 1.75335e+09 9.08147e+07 1.84659e+08 12 12 1.08978e+09 5.90157 128.667 2105.66
4.13906e+08 9.90939e+08 7.90628e+07 3.23081e+07 15 10 1.18594e+09 36.7072 108.4 2679.45
6.66804e+08 4.44536e+09 2.38019e+07 106963 3 20 7.14058e+07 667.576 76.8 122.099
1.54902e+06 7.65292e+07 5.08786e+07 1.03998e+06 5 16 2.54393e+08 244.613 49.75 687.34
2.64038e+08 2.20402e+09 8.4597e+07 7.23753e+06 13 8 1.09976e+09 151.952 219.875 3951.77
3.787e+08 1.5839e+09 7.43901e+07 1.28788e+06 11 15 8.18291e+08 635.377 99.6 1390.03
1.52368e+08 1.43806e+09 8.61365e+07 3.07736e+07 14 11 1.20591e+09 39.1865 150 2541.5
7.42268e+06 6.16815e+08 8.44249e+07 1.41031e+08 2 19 1.6885e+08 1.19725 48.6316 326.527
2.24181e+09 3.91592e+09 8.32631e+07 8.02762e+07 11 15 9.15895e+08 11.4093 119.733 1642.84
1.88598e+07 3.90365e+08 4.53275e+07 249599 6 17 2.71965e+08 1089.61 96.1176 958.838
1.62359e+09 3.24717e+10 2.07668e+07 3.24717e+10 1 20 2.07668e+07 0.000639534 18.95 96.419
8.55937e+07 1.06166e+09 8.5655e+07 1.89308e+07 10 14 8.5655e+08 45.2464 153.714 1553.27
1.77871e+08 1.8535e+09 8.9635e+07 1.52665e+08 13 10 1.16526e+09 7.63274 148.1 2947.81
2.72343e+08 1.69017e+09 8.03172e+07 4.32009e+07 14 10 1.12444e+09 26.0282 200.9 3541.99
1.36656e+08 1.27416e+09 8.87565e+07 8.12762e+06 13 12 1.15383e+09 141.965 126.917 2225.35
2.94792e+08 5.22775e+08 6.04233e+07 1.03218e+06 12 14 7.2508e+08 702.476 82.9286 1601.65
2.04667e+09 2.35488e+09 7.05804e+07 3.69971e+06 12 13 8.46965e+08 228.928 80.3077 2039.72
2.24566e+08 1.47293e+09 8.78754e+07 9.38274e+06 15 11 1.31813e+09 140.485 124.545 3084.62
1.80652e+09 1.59512e+09 5.97444e+07 1.05846e+06 16 8 9.55911e+08 903.111 121.5 3478.46
27278.2 272782 2.5e+07 98029.3 2 20 5e+07 510.051 37.75 123.461
2.09859e+07 2.86581e+08 7.46605e+07 6.3502e+06 8 16 5.97284e+08 94.0575 53 1129.05
4.11253e+07 9.79519e+08 5.72364e+07 8.58751e+06 5 17 2.86182e+08 33.3254 189.529 997.102
1.08929e+08 1.53403e+09 8.79393e+07 4.27281e+07 9 12 7.91454e+08 18.523 108.25 1810.81
8.59812e+08 1.62099e+09 8.61539e+07 3.29892e+07 17 11 1.46462e+09 44.3969 130.909 3070.6
9.53864e+07 8.19289e+08 8.75719e+07 5.54825e+07 10 15 8.75719e+08 15.7837 57.6 1498.46
302730 6.62101e+06 6.02236e+07 379245 5 18 3.01118e+08 793.994 76.5 687.659
