2.27458e+08 1.78695e+09 7.77057e+07 8.06337e+06 16 6 1.24329e+09 154.19 90.8333 3950.67
4.6794e+08 9.77976e+08 8.42195e+07 1.28808e+08 14 6 1.17907e+09 9.1537 266.833 4883.12
1.12357e+14 0 3.04928e+07 1.78439e+14 13 11 3.96406e+08 2.22151e-06 71.6364 2278.38
1.22953e+08 1.09544e+09 8.35091e+07 1.20884e+07 15 5 1.25264e+09 103.623 250 6831.71
1.39371e+08 1.61034e+09 8.66028e+07 4.28949e+07 15 8 1.29904e+09 30.2843 122 3790.02
8.42727e+08 1.71174e+09 7.59435e+07 1.98516e+07 16 9 1.2151e+09 61.2091 212 3530.59
1.73768e+09 1.96682e+09 8.38167e+07 1.11386e+08 13 8 1.08962e+09 9.78235 155.5 3648.42
3.35419e+08 1.81786e+09 9.21548e+07 2.64041e+08 18 7 1.65879e+09 6.28231 86.8571 3820.08
2.51676e+08 1.50141e+09 8.59851e+07 1.96254e+06 15 10 1.28978e+09 657.198 152.9 3138.78
1.6834e+09 2.14746e+09 8.21946e+07 1.53596e+08 13 7 1.06853e+09 6.95678 156.857 3828.32
2.07523e+08 1.1311e+09 8.59083e+07 4.68924e+07 14 10 1.20272e+09 25.6484 128.4 2808.55
3.71876e+08 1.7624e+09 9.12141e+07 6.64243e+07 16 7 1.45942e+09 21.9713 139.714 4601.26
6.75115e+08 2.22083e+09 8.03781e+07 4.14793e+07 15 6 1.20567e+09 29.0668 189.333 4239.64
1.39845e+08 8.57462e+08 8.19546e+07 1.39021e+07 14 5 1.14736e+09 82.5318 194.8 5075.55
3.82368e+08 1.4044e+09 8.22737e+07 1.09562e+08 15 7 1.23411e+09 11.264 265.714 4999.58
1.09622e+08 6.58517e+08 8.60177e+07 6.07408e+07 17 9 1.4623e+09 24.0744 188.222 3498.98
3.23018e+08 1.76701e+09 8.99697e+07 4.50458e+07 19 9 1.70942e+09 37.9486 95.5556 3808.64
2.69781e+08 8.68673e+08 8.63466e+07 1.60279e+07 17 8 1.46789e+09 91.5833 134 3937.22
9.83789e+09 5.7542e+09 7.66397e+07 8.27441e+07 17 8 1.30288e+09 15.7458 260.875 3732.51
1.99942e+08 1.83933e+09 8.6906e+07 4.9496e+07 16 5 1.3905e+09 28.0931 110.8 5684.35
2.09614e+09 1.81534e+09 8.7927e+07 1.16188e+08 13 6 1.14305e+09 9.83794 197.5 5285.47
1.12339e+08 1.83167e+09 8.68344e+07 1.01065e+06 6 6 5.21006e+08 515.516 774.833 15058.6
5.5348e+08 2.36508e+09 7.8969e+07 5.43157e+07 13 4 1.0266e+09 18.9006 209 5189.15
2.34606e+09 1.90187e+09 8.40883e+07 2.56958e+07 14 7 1.17724e+09 45.8143 351.429 4985.83
1.56743e+09 1.64452e+09 8.64966e+07 2.57527e+06 16 8 1.38395e+09 537.398 70 3341.69
8.4501e+07 6.82239e+08 8.90753e+07 7.26967e+07 9 7 8.01677e+08 11.0277 279.429 5086.68
2.06165e+08 1.51378e+09 8.66552e+07 2.38895e+08 13 10 1.12652e+09 4.71553 152.9 2962.45
2.40848e+08 1.00008e+09 8.5764e+07 2.69058e+07 17 8 1.45799e+09 54.1886 95.5 3261.32
3.53638e+08 2.6286e+09 7.53268e+07 3.321e+08 11 5 8.28594e+08 2.49502 126.8 4522.9
1.40311e+08 1.55216e+09 8.07072e+07 2.13153e+07 11 11 8.8778e+08 41.6499 165.636 2685.61
3.62168e+08 1.07607e+09 9.10429e+07 1.72331e+08 14 7 1.2746e+09 7.39623 64 3411.91
7.92245e+08 1.7063e+09 7.85037e+07 7.52206e+07 15 9 1.17756e+09 15.6547 165.556 3380.28
1.25843e+08 1.36472e+09 8.85084e+07 4.53134e+07 16 9 1.41613e+09 31.252 136.889 3054.18
3.4831e+09 4.40656e+09 8.01118e+07 1.64652e+08 10 9 8.01118e+08 4.86551 264.222 4061.46
2.5724e+08 1.68873e+09 8.99255e+07 3.35981e+07 15 8 1.34888e+09 40.1476 152.875 3516.16
2.54017e+08 1.04824e+09 8.70108e+07 2.47902e+07 16 9 1.39217e+09 56.1582 196.222 3593.68
2.78842e+08 1.39758e+09 8.68211e+07 1.23422e+07 15 9 1.30232e+09 105.517 196.889 3261.4
2.35042e+08 1.25855e+09 8.74131e+07 3.10369e+07 17 6 1.48602e+09 47.8792 120.833 3928.79
4.26358e+09 3.50992e+09 7.70824e+07 1.16103e+08 14 8 1.07915e+09 9.29476 310.875 3396.57
3.05931e+08 2.51747e+09 8.57827e+07 1.19739e+08 17 7 1.45831e+09 12.1791 163.429 4302.4
4.74954e+08 1.15017e+09 8.40455e+07 3.0718e+07 12 5 1.00855e+09 32.8324 364.8 120477
7.35548e+07 7.98859e+08 7.93684e+07 2.9598e+06 13 6 1.03179e+09 348.6 367.333 5552.59
9.30415e+07 2.45538e+09 7.71811e+07 2.47872e+07 13 6 1.00335e+09 40.4787 39.3333 4002.11
2.83341e+09 2.7942e+09 7.94728e+07 2.33362e+08 18 8 1.43051e+09 6.13 216.875 3763.54
1.41197e+09 1.68702e+09 7.68637e+07 1.63108e+08 15 6 1.15296e+09 7.06867 175.333 4524.79
2.85477e+08 2.2041e+09 8.91063e+07 9.24881e+07 18 8 1.60391e+09 17.3418 131.875 3843.7
2.6455e+09 2.33322e+09 8.37753e+07 5.39225e+06 15 6 1.25663e+09 233.043 166.833 4498.12
5.98769e+07 6.53208e+08 8.1869e+07 1.04008e+07 13 5 1.0643e+09 102.329 298.8 15905.7
1.69788e+08 1.65507e+09 8.94507e+07 1.09965e+07 13 10 1.16286e+09 105.748 140.1 3028.89
4.39997e+16 0 8.44394e+07 1.9581e+15 11 7 9.28834e+08 4.74354e-07 211.429 4064.37
1.24505e+08 1.18429e+09 8.51793e+07 6.08337e+07 18 7 1.53323e+09 25.2036 309.714 5184.67
2.64418e+09 1.70612e+09 8.04563e+07 3.16018e+06 16 8 1.2873e+09 407.35 186 3219.95
1.5239e+08 7.37043e+08 7.27281e+07 4.45347e+06 18 7 1.30911e+09 293.952 114.857 3805.17
1.26558e+09 1.46855e+09 7.51917e+07 5.5829e+06 15 7 1.12788e+09 202.023 188.857 4104.82
2.23342e+08 1.70169e+09 8.30671e+07 1.61616e+07 14 8 1.16294e+09 71.9571 144 3248
3.15259e+08 1.65731e+09 8.53834e+07 8.20635e+07 16 6 1.36613e+09 16.6473 142.833 4196.39
1.15151e+09 1.32404e+09 7.73409e+07 8.96193e+06 13 8 1.00543e+09 112.189 178.875 3439.18
3.34554e+09 2.44443e+09 8.24623e+07 8.94851e+06 14 7 1.15447e+09 129.013 325.429 4388.1
1.99075e+09 1.51597e+09 7.90036e+07 1.90285e+07 16 6 1.26406e+09 66.4296 314.833 5013
3.75375e+08 8.98449e+08 7.22577e+07 1.71927e+08 15 5 1.08387e+09 6.30423 274.8 5476.58
3.63961e+08 1.63703e+09 9.07348e+07 1.64181e+07 13 5 1.17955e+09 71.8447 64.8 4104.78
1.87674e+08 1.86116e+09 8.70423e+07 4.27594e+07 13 6 1.13155e+09 26.4632 92.8333 3795.23
2.52435e+08 1.45781e+09 9.00502e+07 3.6288e+07 14 9 1.2607e+09 34.7416 208.222 3671.12
1.07229e+08 1.13664e+09 7.72115e+07 2.25797e+07 16 6 1.23538e+09 54.712 192.833 4398.72
1.53721e+09 1.78192e+09 8.43251e+07 8.01191e+07 16 8 1.3492e+09 16.84 262 4317.34
2.52858e+09 1.61198e+09 8.3741e+07 1.50244e+08 16 7 1.33986e+09 8.91785 222 4479.8
1.63204e+08 1.13441e+09 8.37114e+07 1.10456e+07 15 6 1.25567e+09 113.68 227.333 4895.14
7.35733e+08 1.84698e+09 8.63169e+07 1.6402e+08 16 8 1.38107e+09 8.42015 137.875 3947.81
5.31429e+08 2.62732e+09 7.96839e+07 1.75763e+08 14 5 1.11558e+09 6.34704 390.8 15715.3
3.67201e+08 2.07753e+09 8.13555e+07 3.75773e+07 14 7 1.13898e+09 30.3103 72.8571 3416.05
1.35516e+08 1.21053e+09 8.66294e+07 5.04209e+07 15 5 1.29944e+09 25.7719 49.2 4423.96
4.19864e+09 3.1658e+09 6.93804e+07 9.7335e+06 14 9 9.71326e+08 99.7921 164.222 3427.52
1.50664e+08 6.23388e+08 8.4365e+07 2.58559e+07 16 7 1.34984e+09 52.2063 72.8571 3948.1
1.35029e+08 1.30688e+09 8.56629e+07 8.98922e+07 12 7 1.02796e+09 11.4354 121.714 3263.47
1.90699e+08 1.3704e+09 8.90475e+07 3.227e+07 16 6 1.42476e+09 44.1512 103.333 4452
1.36027e+08 1.61416e+09 7.37159e+07 2.20144e+06 13 8 9.58307e+08 435.31 163.5 3616.18
1.53721e+08 1.52845e+09 8.92458e+07 2.37235e+07 14 6 1.24944e+09 52.6669 244.833 5203.45
2.35052e+08 1.81785e+09 9.06976e+07 1.98664e+08 15 8 1.36046e+09 6.84807 117.875 3903.58
3.89851e+08 1.24704e+09 8.09549e+07 2.76529e+07 18 5 1.45719e+09 52.6956 42 4240.44
2.28992e+08 8.56281e+08 8.16427e+07 3.1568e+07 18 8 1.46957e+09 46.5525 145.875 3307.84
3.00718e+08 1.39414e+09 8.41108e+07 3.58343e+07 15 5 1.26166e+09 35.2082 209.2 6492.07
2.46636e+08 1.06382e+09 8.70956e+07 1.58043e+08 16 5 1.39353e+09 8.81739 126.8 5272.27
3.40053e+16 0 6.88353e+07 3.99466e+14 11 9 7.57188e+08 1.8955e-06 282.222 3809.32
2.64455e+09 2.15261e+09 8.14012e+07 1.55504e+07 14 6 1.13962e+09 73.2852 250.833 5365.22
1.79096e+08 1.55619e+09 8.38259e+07 2.10537e+07 16 10 1.34121e+09 63.7043 156.4 3032.79
2.67929e+08 1.53842e+09 8.41853e+07 1.08799e+07 14 7 1.17859e+09 108.327 217.429 4020.72
1.27036e+08 9.40632e+08 8.4164e+07 7.94962e+06 15 6 1.26246e+09 158.808 190.833 5182.86
2.76409e+08 1.49536e+09 7.07097e+07 6.84599e+06 14 5 9.89936e+08 144.601 137.2 4288.79
4.19636e+08 1.52575e+09 8.38145e+07 4.17385e+07 14 9 1.1734e+09 28.1132 187.556 3486.13
1.97119e+09 2.32522e+09 8.12546e+07 2.8508e+08 13 11 1.05631e+09 3.70531 251.636 2822.95
2.81443e+08 1.07492e+09 8.37859e+07 6.0474e+07 15 8 1.25679e+09 20.7823 157.5 3681.4
4.27845e+08 1.21444e+09 8.38758e+07 1.54341e+08 16 5 1.34201e+09 8.69513 271.2 6531.91
5.60288e+08 8.13969e+08 8.34665e+07 7.78296e+07 13 8 1.08506e+09 13.9415 231.5 4900.35
9.24848e+07 1.18116e+09 8.15994e+07 3.26684e+07 16 9 1.30559e+09 39.9649 124 2972.18
1.55824e+09 2.16425e+09 8.55005e+07 9.07047e+07 15 8 1.28251e+09 14.1394 109.875 3488.85
3.07775e+08 1.17938e+09 9.02133e+07 2.46091e+08 17 7 1.53363e+09 6.23194 158.857 4766.44
2.57921e+08 1.81413e+09 8.9434e+07 1.55917e+08 14 7 1.25208e+09 8.03039 64.8571 3729.29
2.11831e+08 1.2251e+09 8.09957e+07 9.76212e+06 15 6 1.21494e+09 124.454 175.5 5043.51
2.10127e+08 1.45727e+09 9.13453e+07 5.58287e+07 14 6 1.27883e+09 22.9064 133.5 4433.92
4.20497e+08 1.2378e+09 8.88978e+07 4.38388e+08 14 6 1.24457e+09 2.83896 159.333 4433.04
2.85161e+08 1.05984e+09 8.3645e+07 4.50425e+07 17 7 1.42196e+09 31.5694 160.857 4642.06
8.72945e+08 1.86501e+09 7.62902e+07 1.49926e+06 13 9 9.91773e+08 661.508 80 2873.16
5.13518e+08 2.09393e+09 8.49652e+07 3.90626e+07 17 6 1.44441e+09 36.9768 73.3333 4329.14
3.48962e+08 1.57258e+09 9.07029e+07 1.78362e+08 15 9 1.36054e+09 7.62797 38.8889 2776.63
2.10903e+08 1.17728e+09 9.05628e+07 6.00961e+07 13 8 1.17732e+09 19.5905 119.875 3625.27
2.48501e+09 2.53261e+09 7.70288e+07 2.56043e+07 15 7 1.15543e+09 45.1265 116 3993.13
2.21051e+08 1.41781e+09 7.01864e+07 7.26311e+06 15 8 1.0528e+09 144.951 86.875 3285.73
1.34808e+08 1.56366e+09 8.88329e+07 9.9509e+07 16 7 1.42133e+09 14.2834 169.714 4108.82
1.97454e+08 2.01172e+09 8.93044e+07 1.87222e+07 11 9 9.82348e+08 52.4697 201.556 3539.63
4.44881e+08 1.40044e+09 7.40682e+07 1.33909e+07 15 7 1.11102e+09 82.9688 247.429 4265.28
2.01225e+08 1.65745e+09 9.56976e+07 3.77348e+07 15 7 1.43546e+09 38.0408 135.714 4394.14
1.4946e+08 8.0875e+08 8.86766e+07 9.6108e+07 13 6 1.1528e+09 11.9948 360 5830.93
4.99748e+08 2.0813e+09 8.55726e+07 2.02362e+07 19 7 1.62588e+09 80.3452 31.4286 3734.87
2.37712e+09 2.85445e+09 7.31915e+07 2.07775e+07 14 6 1.02468e+09 49.3169 369.333 5598.15
1.33158e+18 0 4.2783e+07 1.56419e+16 14 6 5.98962e+08 3.82922e-08 433.333 2.00801e+07
6.34541e+08 1.59008e+09 7.92652e+07 1.66058e+07 15 7 1.18898e+09 71.6 243.714 4065.37
4.13439e+09 2.92611e+09 8.47936e+07 1.30315e+08 13 7 1.10232e+09 8.45883 106.857 3596.91
4.08002e+08 1.37488e+09 8.45474e+07 1.90289e+08 15 5 1.26821e+09 6.66465 226 6399.3
1.58491e+08 1.21612e+09 8.44021e+07 1.10457e+08 14 8 1.18163e+09 10.6976 403.875 4806.6
1.88309e+08 1.83815e+09 8.63618e+07 2.91386e+07 12 6 1.03634e+09 35.566 211.333 5569.1
2.06786e+08 2.2243e+09 7.8115e+07 2.22437e+06 16 7 1.24984e+09 561.886 203.429 4335.79
1.9063e+09 2.09162e+09 7.80285e+07 2.61855e+07 12 8 9.36342e+08 35.758 218.875 3469.72
4.65339e+07 7.68552e+08 8.51495e+07 1.07084e+07 14 6 1.19209e+09 111.323 220 4553.29
1.48766e+08 7.4951e+08 7.76784e+07 3.68556e+06 15 6 1.16518e+09 316.146 122.833 3545.96
4.55286e+07 9.32749e+08 7.38634e+07 1.53043e+07 13 5 9.60224e+08 62.742 418 15940.4
2.49353e+08 1.79019e+09 8.71805e+07 1.40233e+08 16 8 1.39489e+09 9.94696 199.5 3795.44
3.99674e+08 2.38092e+09 7.68713e+07 7.07881e+06 14 5 1.0762e+09 152.031 245.2 4939.25
2.28182e+08 1.37499e+09 8.58027e+07 6.27215e+06 12 9 1.02963e+09 164.159 108 2489.05
2.78631e+08 1.96916e+09 8.807e+07 2.22314e+08 11 9 9.6877e+08 4.35766 150.889 2885.17
2.21786e+08 1.48595e+09 8.85383e+07 3.15409e+07 12 7 1.06246e+09 33.6852 243.429 5906.25
1.86471e+08 1.50651e+09 8.61715e+07 3.20148e+07 15 8 1.29257e+09 40.3742 144.875 3097.73
3.47529e+08 1.3942e+09 9.19795e+07 2.32705e+08 12 5 1.10375e+09 4.74315 70.8 4866.47
5.05983e+07 1.19095e+09 8.67184e+07 5.42976e+07 14 7 1.21406e+09 22.3593 267.714 4945.8
1.81251e+08 1.61218e+09 8.85168e+07 4.98075e+07 13 7 1.15072e+09 23.1033 106.857 3801.54
2.10287e+08 1.38132e+09 7.9565e+07 3.2141e+07 13 7 1.03435e+09 32.1815 373.429 5635.04
2.39459e+08 8.59092e+08 8.23952e+07 1.04138e+07 17 5 1.40072e+09 134.506 166 6420.47
2.80743e+08 9.19395e+08 7.64035e+07 2.66558e+06 14 8 1.06965e+09 401.281 82.875 3003.65
1.84251e+08 1.30857e+09 8.73191e+07 3.90148e+07 17 5 1.48442e+09 38.0477 27.2 4592.95
3.16045e+08 1.55444e+09 8.6667e+07 2.75989e+07 14 6 1.21334e+09 43.9634 164 4536.86
4.80241e+08 1.68798e+09 8.14754e+07 6.20877e+07 14 6 1.14065e+09 18.3717 218.833 5672.29
9.82029e+08 1.59572e+09 8.32481e+07 1.53764e+06 15 8 1.24872e+09 812.1 248.875 3605.98
7.59596e+08 1.60843e+09 8.45114e+07 2.93472e+08 12 9 1.01414e+09 3.45566 306 3345.97
3.44223e+08 1.70871e+09 8.13448e+07 2.19902e+06 16 8 1.30152e+09 591.862 176.875 3781.4
1.4432e+08 1.34926e+09 9.25646e+07 6.36925e+07 11 6 1.01821e+09 15.9864 203.5 6563.41
8.63241e+07 2.06237e+09 7.67281e+07 3.82656e+07 11 7 8.4401e+08 22.0566 376 5159.22
2.29332e+08 1.78339e+09 8.20288e+07 4.0424e+07 15 5 1.23043e+09 30.4381 85.2 4834.64
3.57044e+08 1.24934e+09 8.90233e+07 2.96714e+08 14 6 1.24633e+09 4.20043 116.833 4646.81
2.46027e+08 1.38626e+09 7.08616e+07 8.79869e+06 16 7 1.13379e+09 128.858 249.714 4165.79
3.76831e+08 2.99966e+09 7.35274e+07 4.56579e+06 16 9 1.17644e+09 257.664 202.222 3400.76
2.14295e+08 1.22581e+09 8.24059e+07 2.35446e+08 18 6 1.48331e+09 6.29998 322.833 6057.73
1.23215e+08 1.00922e+09 9.14936e+07 8.97202e+07 12 10 1.09792e+09 12.2372 186.5 2980.13
3.75614e+07 1.05136e+09 8.66281e+07 5.33981e+07 12 6 1.03954e+09 19.4677 201.333 4156.73
2.41247e+08 1.62253e+09 8.00148e+07 2.27964e+07 14 6 1.12021e+09 49.1397 252.833 4944.84
8.38767e+07 8.15089e+08 7.71016e+07 1.35549e+07 16 6 1.23363e+09 91.0096 292 5363.04
1.99488e+08 7.07096e+08 8.35763e+07 1.54621e+07 16 5 1.33722e+09 86.484 281.2 6299.45
8.28103e+08 1.99418e+09 7.35707e+07 1.36219e+07 19 7 1.39784e+09 102.618 250.857 4860.08
3.88206e+08 1.63844e+09 9.10064e+07 2.25954e+08 10 5 9.10064e+08 4.02764 188.8 5673.46
1.77141e+08 7.20913e+08 8.84655e+07 9.49216e+07 17 7 1.50391e+09 15.8437 126.857 4435.72
2.58243e+08 1.62566e+09 8.86643e+07 5.93967e+07 13 9 1.15264e+09 19.4057 376.222 4471.05
9.63692e+07 1.73898e+09 8.13591e+07 1.64118e+07 13 8 1.05767e+09 64.4456 335.5 4436.85
3.07762e+08 1.69127e+09 8.58319e+07 1.21347e+07 13 7 1.11581e+09 91.9523 171.429 3890.73
1.72777e+08 1.44281e+09 8.61084e+07 6.64377e+07 13 5 1.11941e+09 16.849 254.8 7790.57
1.32456e+08 1.8477e+09 7.74494e+07 1.38187e+07 15 5 1.16174e+09 84.07 131.2 4788.67
2.10506e+07 1.31794e+09 8.65507e+07 1.3223e+07 13 5 1.12516e+09 85.0913 214.8 6306.91
4.24499e+08 2.18431e+09 8.24636e+07 3.81154e+06 18 10 1.48435e+09 389.434 130 3222.57
2.87862e+08 1.26511e+09 9.03965e+07 2.02865e+07 17 9 1.53674e+09 75.7519 173.556 3543.72
2.74291e+08 1.63534e+09 8.52187e+07 1.09362e+08 16 7 1.3635e+09 12.4677 204 4884.25
1.42489e+08 1.33693e+09 7.60184e+07 4.01404e+07 12 8 9.1222e+08 22.7257 146 3065.75
4.31179e+08 2.22417e+09 8.15695e+07 1.56803e+07 16 8 1.30511e+09 83.2325 206.875 4097.41
3.63473e+08 1.18923e+09 8.71306e+07 1.82729e+08 16 5 1.39409e+09 7.62927 225.2 5925.73
1.47528e+08 1.30393e+09 8.93271e+07 1.22632e+08 16 6 1.42923e+09 11.6547 46.8333 3854.24
2.26589e+08 1.2209e+09 9.02442e+07 1.93773e+08 14 6 1.26342e+09 6.5201 80 3483.96
3.0506e+08 1.62805e+09 8.83067e+07 8.06934e+07 15 8 1.3246e+09 16.4152 221.5 4073.85
1.46113e+08 1.55003e+09 7.75293e+07 4.38911e+07 15 6 1.16294e+09 26.496 305.333 5436.36
1.67741e+08 1.25124e+09 9.00106e+07 8.72951e+07 15 7 1.35016e+09 15.4666 224.857 4661.39
1.61586e+09 1.66638e+09 7.44286e+07 1.67996e+07 13 7 9.67572e+08 57.595 323.429 5143.93
2.58405e+08 1.65162e+09 8.51687e+07 2.36305e+08 16 7 1.3627e+09 5.76669 221.429 6254.93
3.78465e+09 3.29878e+09 7.79335e+07 2.19469e+06 11 8 8.57268e+08 390.61 293.5 3381.24
7.91074e+07 1.94918e+09 8.52716e+07 6.88718e+06 15 8 1.27907e+09 185.718 73.875 2770.61
4.29949e+08 7.94431e+08 7.81e+07 1.26376e+06 16 7 1.2496e+09 988.799 313.714 5184.82
2.21264e+08 1.27649e+09 8.86781e+07 1.8606e+08 16 6 1.41885e+09 7.62578 152.833 5477.05
8.46563e+08 1.17449e+09 8.20288e+07 1.64923e+08 11 4 9.02316e+08 5.47114 282.75 5941.62
4.7618e+07 1.10006e+09 7.85783e+07 1.92368e+07 15 9 1.17867e+09 61.272 120.222 3178.68
3.15072e+09 1.88691e+09 6.73802e+07 1.35175e+06 15 6 1.0107e+09 747.699 80.8333 3656.69
1.4471e+09 1.34587e+09 7.69283e+07 1.30463e+08 14 4 1.077e+09 8.25517 261 2.02827e+07
2.3415e+08 1.37931e+09 7.82498e+07 4.50465e+06 16 9 1.252e+09 277.934 120 3924.1
3.06589e+09 2.1006e+09 8.24909e+07 2.58573e+07 14 6 1.15487e+09 44.6633 199.333 4064.48
2.48386e+18 0 5.64111e+07 1.16833e+17 15 8 8.46166e+08 7.24251e-09 212 4487.83
2.55486e+08 1.63847e+09 8.67412e+07 2.1002e+08 13 5 1.12764e+09 5.36918 88 5794.91
1.31653e+08 7.71266e+08 8.78062e+07 1.02983e+07 12 5 1.05367e+09 102.316 534.8 128174
1.92382e+09 2.31224e+09 8.52008e+07 7.8035e+07 14 9 1.19281e+09 15.2856 256.222 4492.09
4.06872e+08 1.33254e+09 8.32446e+07 5.44966e+07 18 5 1.4984e+09 27.4953 86.8 6805.22
4.12429e+08 1.6117e+09 8.59118e+07 9.75877e+07 13 6 1.11685e+09 11.4446 350 16650.4
1.2221e+09 2.1878e+09 7.90575e+07 2.03598e+08 15 7 1.18586e+09 5.82453 206.857 4358.43
1.99768e+08 8.46818e+08 8.95793e+07 1.37505e+08 15 6 1.34369e+09 9.77196 205.333 4975.84
5.19712e+07 1.43266e+09 8.39269e+07 3.57247e+07 17 6 1.42676e+09 39.9375 152 4330.47
2.41779e+08 1.58467e+09 8.42302e+07 5.48051e+07 16 7 1.34768e+09 24.5905 188 4278.82
2.71446e+08 1.58974e+09 8.09619e+07 7.14231e+07 14 6 1.13347e+09 15.8697 125.333 4204.53
5.0436e+09 4.34598e+09 7.38761e+07 1.26111e+07 14 8 1.03427e+09 82.0122 175.875 3763.87
2.17643e+08 1.60442e+09 8.03781e+07 4.8869e+07 18 7 1.44681e+09 29.6058 109.429 4537.83
2.33034e+08 1.56485e+09 9.07847e+07 1.58064e+07 16 7 1.45256e+09 91.8965 119.714 4500.39
4.66719e+09 3.59022e+09 6.55911e+07 1.69989e+06 15 9 9.83866e+08 578.781 216 3456.13
1.83744e+08 8.83832e+08 8.1656e+07 2.79748e+06 15 8 1.22484e+09 437.837 165.875 4101.41
2.61859e+08 1.78941e+09 8.75067e+07 2.12603e+07 12 6 1.05008e+09 49.3916 333.333 6900.6
3.58644e+08 1.62823e+09 8.75775e+07 1.40834e+08 17 8 1.48882e+09 10.5714 59.5 3579.16
4.62321e+08 2.14658e+09 8.59425e+07 1.94108e+08 14 7 1.20319e+09 6.19859 147.429 4309.19
8.97098e+08 1.74819e+09 8.0646e+07 1.12166e+08 16 6 1.29034e+09 11.5038 164.833 4731.84
7.27546e+07 8.28771e+08 6.72151e+07 3.83765e+06 15 9 1.00823e+09 262.72 72.8889 2878.32
5.3002e+08 7.32919e+08 7.45892e+07 5.266e+06 14 7 1.04425e+09 198.3 305.429 5971.03
3.01734e+08 1.2196e+09 9.29912e+07 2.43267e+08 16 8 1.48786e+09 6.11615 184.875 4103.46
2.17412e+08 1.17614e+09 8.92058e+07 1.12867e+08 14 6 1.24888e+09 11.0651 125.333 4410.92
9.18143e+07 1.1721e+09 8.79859e+07 1.09694e+07 12 6 1.05583e+09 96.2523 178.833 3894.19
3.30984e+08 1.3005e+09 8.90353e+07 2.76376e+08 18 7 1.60264e+09 5.79875 70.8571 4008.51
3.03989e+08 1.2481e+09 8.63319e+07 1.69223e+08 16 5 1.38131e+09 8.16268 91.2 5199.59
1.42105e+09 2.59077e+09 8.06341e+07 1.65594e+08 13 9 1.04824e+09 6.33019 192.222 3279.63
2.87444e+08 1.8427e+09 8.45048e+07 3.03602e+08 13 9 1.09856e+09 3.61843 110.889 2895.81
6.2362e+16 0 6.43428e+07 3.66685e+14 14 9 9.00799e+08 2.4566e-06 123.556 3181.83
1.21213e+08 6.9155e+08 8.24986e+07 3.49957e+07 17 7 1.40248e+09 40.0757 293.429 5586.87
3.40923e+08 1.77036e+09 8.65187e+07 6.45136e+07 14 6 1.21126e+09 18.7753 89.5 4264.21
3.12994e+08 1.42675e+09 8.74413e+07 1.36193e+07 17 7 1.4865e+09 109.147 231.429 4489.64
