8.27301e+08 2.17221e+09 8.00782e+07 3.46328e+07 19 8 1.52149e+09 43.9319 88 3706.89
1.06938e+13 0 5.35714e+06 5.98811e+13 14 11 7.5e+07 1.25248e-06 120.909 2622.25
2.19372e+08 1.41568e+09 8.06766e+07 1.53314e+06 14 8 1.12947e+09 736.704 279.5 6150.03
4.44381e+07 7.65317e+08 7.98359e+07 8.61085e+06 11 6 8.78195e+08 101.987 292 4008.7
2.00283e+08 1.59661e+09 8.42081e+07 7.57813e+07 14 6 1.17891e+09 15.5568 223.333 5519.45
1.78356e+08 1.10406e+09 8.57987e+07 5.04514e+07 15 6 1.28698e+09 25.5093 269.333 5005.62
2.9558e+09 2.38923e+09 8.51391e+07 6.89849e+06 17 7 1.44736e+09 209.809 163.429 3649.01
1.88369e+08 1.37522e+09 8.79243e+07 3.79025e+07 16 5 1.40679e+09 37.116 20.8 4105.79
9.14806e+08 1.93103e+09 8.08407e+07 2.68594e+07 16 6 1.29345e+09 48.1564 107.333 4226.33
9.14761e+08 1.5712e+09 8.34094e+07 1.49071e+08 14 7 1.16773e+09 7.83341 171.714 4017.07
1.83946e+08 1.46705e+09 8.61289e+07 1.45475e+07 15 8 1.29193e+09 88.8079 193.875 3602.91
6.53284e+08 9.38088e+08 8.35577e+07 3.16284e+07 14 6 1.16981e+09 36.9861 287.333 5339.81
4.23229e+08 1.66194e+09 8.51062e+07 1.98452e+08 17 7 1.44681e+09 7.29046 77.7143 3561.74
5.7724e+07 1.13751e+09 8.26827e+07 1.35857e+07 16 5 1.32292e+09 97.3762 149.2 4817.03
2.05985e+08 1.2383e+09 8.51894e+07 1.39476e+08 14 4 1.19265e+09 8.55097 18.75 5252.06
1.93177e+08 1.4311e+09 8.92115e+07 7.2932e+07 14 8 1.24896e+09 17.125 160.875 3736.58
1.06262e+08 8.14097e+08 8.50784e+07 1.67387e+07 11 8 9.35863e+08 55.9102 173.5 3448.64
8.50522e+08 1.53286e+09 8.61076e+07 1.31641e+08 15 6 1.29161e+09 9.81163 159.5 4746.05
3.0722e+08 2.12513e+09 8.0915e+07 7.09817e+07 18 7 1.45647e+09 20.5189 134.857 4182.84
5.9379e+08 2.67601e+09 7.51255e+07 8.91765e+06 14 7 1.05176e+09 117.941 141.714 3446.01
2.05758e+08 1.1457e+09 9.1156e+07 0.0363067 11 5 1.00272e+09 2.76179e+10 133.2 4407.38
2.23947e+18 0 4.65921e+07 5.04763e+14 12 9 5.59105e+08 1.10766e-06 100.222 2593.24
5.29504e+08 2.0858e+09 7.78541e+07 4.88347e+07 15 8 1.16781e+09 23.9136 113.5 3075.25
1.11904e+08 1.02306e+09 8.09847e+07 1.88735e+07 14 7 1.13379e+09 60.073 83.7143 3306.46
1.12587e+09 1.6436e+09 8.37274e+07 1.40187e+08 15 9 1.25591e+09 8.9588 160 3051.86
3.19256e+09 3.25702e+09 8.46246e+07 9.35201e+07 14 8 1.18474e+09 12.6683 160 3371.91
4.29112e+09 3.98566e+09 7.91693e+07 3.10301e+08 15 6 1.18754e+09 3.82706 116 3793.92
7.7681e+07 7.9574e+08 7.84398e+07 2.26428e+07 15 9 1.1766e+09 51.9635 120 2456.34
2.46242e+08 1.25094e+09 7.61881e+07 2.97244e+07 16 7 1.21901e+09 41.0104 92.8571 3886.04
3.29445e+08 2.66877e+09 8.1424e+07 1.27024e+08 14 5 1.13994e+09 8.97421 330 7262.7
2.59091e+08 1.36961e+09 8.35064e+07 1.86559e+07 16 9 1.3361e+09 71.6181 157.556 3598.44
1.85676e+08 1.57925e+09 8.35709e+07 6.76396e+07 13 5 1.08642e+09 16.0619 311.2 6080.87
8.14648e+08 1.7693e+09 8.29016e+07 1.70579e+08 14 7 1.16062e+09 6.80401 236.857 4053.58
3.4807e+08 1.87209e+09 8.39191e+07 2.55658e+08 15 6 1.25879e+09 4.92371 140 4573.97
1.68003e+08 1.52234e+09 8.29587e+07 1.83997e+07 14 5 1.16142e+09 63.1219 94 4634.24
1.26717e+08 7.55997e+08 7.2136e+07 9.23817e+06 14 5 1.0099e+09 109.319 126.8 4577.7
6.0156e+08 1.5149e+09 8.35173e+07 4.01845e+06 11 8 9.1869e+08 228.618 123.875 3388.84
8.92777e+07 9.99426e+08 8.68211e+07 5.38456e+07 14 8 1.2155e+09 22.5737 210 4067.35
9.56733e+08 1.56373e+09 7.43237e+07 8.73254e+06 15 5 1.11486e+09 127.667 226 5017.18
7.61557e+07 1.41959e+09 8.77796e+07 9.08808e+07 13 7 1.14113e+09 12.5564 119.429 3471.47
2.77879e+08 2.18126e+09 9.6108e+07 3.8952e+06 11 8 1.05719e+09 271.408 219.5 4233.52
3.45084e+08 1.14293e+09 8.48465e+07 4.73861e+07 18 7 1.52724e+09 32.2296 260 4719.38
3.04905e+08 1.14634e+09 8.61492e+07 4.04728e+07 17 8 1.46454e+09 36.1857 77.875 3139.94
3.12828e+09 2.31295e+09 7.54507e+07 1.06252e+07 14 7 1.05631e+09 99.4154 294 4146.32
2.07592e+08 2.0103e+09 8.87114e+07 1.94819e+06 12 6 1.06454e+09 546.423 59.3333 3932.46
1.4431e+08 1.31751e+09 8.70265e+07 5.09878e+07 14 5 1.21837e+09 23.8954 194 6669.23
6.66037e+08 1.25779e+09 8.87114e+07 3.56618e+07 15 8 1.33067e+09 37.3136 86 3130.81
8.64276e+08 1.63426e+09 8.12726e+07 1.31991e+08 15 6 1.21909e+09 9.23617 197.5 4867.18
5.23221e+09 3.6815e+09 7.76073e+07 2.36597e+07 14 7 1.0865e+09 45.922 236.857 3882.35
8.62498e+07 1.14692e+09 7.94329e+07 2.71562e+07 16 5 1.27093e+09 46.8006 346 7542.84
2.35515e+08 1.44562e+09 8.81359e+07 3.22202e+08 13 9 1.14577e+09 3.55605 194 3683.76
1.38304e+08 9.46472e+08 8.3557e+07 9.21043e+07 15 8 1.25335e+09 13.608 144 4137.02
2.24062e+08 1.53871e+09 8.47021e+07 3.67292e+07 17 6 1.43994e+09 39.2041 148 5003.71
2.28269e+08 1.45586e+09 8.72568e+07 1.37432e+07 11 5 9.59824e+08 69.8397 109.2 4861.89
3.14783e+08 2.15866e+09 8.36209e+07 1.09751e+08 15 5 1.25431e+09 11.4287 130.8 6137.18
5.14357e+08 1.82577e+09 8.31184e+07 1.29922e+08 14 5 1.16366e+09 8.95656 188.8 4919.08
4.83992e+07 1.49211e+09 8.20215e+07 6.77736e+06 11 6 9.02236e+08 133.125 115.333 4805.8
3.20573e+08 1.54039e+09 8.25973e+07 9.20429e+07 17 5 1.40415e+09 15.2554 70.8 4898.01
6.60538e+08 1.36546e+09 8.30295e+07 1.19039e+08 17 7 1.4115e+09 11.8575 114.857 3887.14
6.94417e+08 1.43389e+09 8.42901e+07 1.77136e+08 16 8 1.34864e+09 7.61361 147.875 3194.66
2.24518e+08 1.03868e+09 8.47657e+07 7.1714e+06 15 6 1.27149e+09 177.3 171.333 5053.86
1.27031e+09 1.57132e+09 8.15925e+07 4.26198e+07 13 8 1.0607e+09 24.8876 235.5 4927.81
1.62965e+09 1.50235e+09 8.36351e+07 1.39062e+08 18 9 1.50543e+09 10.8256 309.556 3876.88
4.89101e+07 8.49891e+08 8.71512e+07 3.88638e+07 15 7 1.30727e+09 33.6371 266 4594.02
3.44037e+08 1.25713e+09 8.40469e+07 9.65807e+06 15 7 1.2607e+09 130.534 168 3990.21
2.07361e+08 9.1866e+08 9.28115e+07 5.08494e+07 15 8 1.39217e+09 27.3783 127.875 4088.24
2.14134e+08 1.39422e+09 8.99532e+07 3.31593e+07 14 6 1.25935e+09 37.9787 83.3333 5326.56
1.46281e+09 1.72924e+09 7.94421e+07 2.64247e+07 13 6 1.03275e+09 39.0826 283.333 5033.71
1.12456e+08 5.50107e+08 8.43907e+07 5.6176e+06 14 5 1.18147e+09 210.316 141.2 15253.3
5.98274e+09 3.52294e+09 7.80966e+07 6.14352e+07 13 5 1.01526e+09 16.5256 168 5089.5
2.99476e+08 1.3696e+09 8.65715e+07 1.97325e+08 16 10 1.38514e+09 7.01961 98.5 2607.54
2.5504e+08 1.81646e+09 7.8749e+07 4.3602e+07 16 7 1.25998e+09 28.8974 229.714 3729.14
2.86918e+09 2.16718e+09 7.93031e+07 2.45757e+07 16 7 1.26885e+09 51.6303 237.714 4609.83
3.88141e+16 0 3.51491e+07 4.82266e+14 15 10 5.27236e+08 1.09325e-06 84.4 2904.81
1.06357e+09 1.73893e+09 8.42464e+07 7.66189e+07 17 9 1.43219e+09 18.6924 216.222 4009.78
1.71551e+08 1.44488e+09 8.54448e+07 3.6897e+07 13 6 1.11078e+09 30.105 207.5 14516
1.57808e+08 1.72328e+09 8.60011e+07 4.58745e+07 15 9 1.29002e+09 28.1205 106 2901.29
1.41702e+08 8.28231e+08 8.37491e+07 5.31484e+06 13 7 1.08874e+09 204.849 198.857 5154.63
1.14756e+09 1.80656e+09 8.29473e+07 4.54434e+07 14 7 1.16126e+09 25.5541 99.4286 3207.48
2.22612e+08 1.10117e+09 8.35369e+07 2.40572e+07 17 8 1.42013e+09 59.0313 90.875 3387.49
4.72982e+08 1.16929e+09 8.19938e+07 3.32931e+07 16 8 1.3119e+09 39.4046 194 4144.37
1.69842e+08 1.60956e+09 8.96851e+07 3.51532e+07 14 7 1.25559e+09 35.7177 110.857 3933.06
2.43867e+08 1.54618e+09 8.63325e+07 5.3845e+07 17 6 1.46765e+09 27.257 233.333 5312.46
4.04952e+08 1.3515e+09 8.34722e+07 3.8647e+06 14 5 1.16861e+09 302.381 46 4730.42
9.25371e+07 1.11834e+09 8.38829e+07 2.46965e+06 14 6 1.17436e+09 475.516 147.5 5061.14
2.95088e+09 2.56253e+09 8.23768e+07 1.91283e+08 14 7 1.15327e+09 6.02916 207.714 3683.09
5.15603e+08 2.2095e+09 7.63728e+07 2.50643e+08 16 6 1.22196e+09 4.87531 149.5 4326.07
5.62228e+09 3.74713e+09 7.49754e+07 800777 13 7 9.74681e+08 1217.17 216 5902.4
1.60057e+08 9.88165e+08 7.65913e+07 7.82339e+06 13 8 9.95687e+08 127.271 129.875 3100.35
1.13886e+08 1.33379e+09 8.69445e+07 8.63713e+07 11 7 9.5639e+08 11.073 169.429 4656.75
3.31924e+08 1.72021e+09 7.41298e+07 1.70641e+07 19 7 1.40847e+09 82.5398 143.429 3900.46
2.29535e+08 1.35179e+09 9.2685e+07 6.70195e+07 12 6 1.11222e+09 16.5955 55.5 4174.37
9.83465e+07 1.94221e+09 7.29183e+07 1.08536e+07 16 8 1.16669e+09 107.494 92 3308.74
1.85034e+08 1.57538e+09 8.7841e+07 1.53077e+08 13 10 1.14193e+09 7.45986 94.5 2935.79
1.8621e+08 1.50161e+09 8.87991e+07 5.21051e+07 17 10 1.50958e+09 28.9719 114.1 2961.95
1.76007e+08 1.50726e+09 9.07827e+07 6.17293e+07 15 7 1.36174e+09 22.0599 127.714 4183.58
1.86896e+08 1.77852e+09 8.8557e+07 4.31392e+07 15 7 1.32835e+09 30.7923 116 3926.61
1.24223e+08 7.08871e+08 8.22456e+07 6.34107e+07 14 9 1.15144e+09 18.1584 70 2673.04
4.46646e+08 2.38759e+09 8.68311e+07 2.01871e+08 16 7 1.3893e+09 6.88212 233.429 4090.61
2.9891e+08 1.67292e+09 8.75913e+07 7.50695e+07 14 8 1.22628e+09 16.3352 119.875 3137.87
6.24195e+08 2.08167e+09 8.26877e+07 2.23638e+07 16 8 1.323e+09 59.1583 140.875 3596.07
1.47136e+08 1.31677e+09 7.84744e+07 1.31671e+07 16 7 1.25559e+09 95.3579 83.7143 3417.49
5.62633e+08 1.50056e+09 8.82961e+07 2.38158e+07 15 7 1.32444e+09 55.6118 146.857 3969.16
1.91269e+08 1.6844e+09 9.05444e+07 1.55569e+08 13 8 1.17708e+09 7.56626 194.875 4123.42
1.95933e+08 1.91605e+09 8.14551e+07 1.32664e+07 11 7 8.96006e+08 67.5395 229.714 3556.82
4.9592e+16 0 6.5442e+07 3.4196e+15 15 8 9.81629e+08 2.8706e-07 182 3797.72
3.48856e+09 2.48505e+09 7.72881e+07 1.03225e+07 17 8 1.3139e+09 127.285 150 3484.03
2.72453e+08 7.32035e+08 7.68606e+07 9.35908e+06 17 7 1.30663e+09 139.611 206.857 4206.81
3.32015e+09 3.01033e+09 8.28643e+07 2.54357e+07 13 9 1.07724e+09 42.3514 105.556 2713.65
9.09176e+09 5.99569e+09 7.96817e+07 1.10332e+07 13 7 1.03586e+09 93.8862 112.857 3780.32
6.22275e+08 1.49444e+09 8.07082e+07 1.40568e+08 15 9 1.21062e+09 8.61239 127.556 2769.07
2.46955e+09 2.63249e+09 7.66108e+07 1.41e+08 18 8 1.37899e+09 9.78009 177.875 3797.96
7.37804e+07 1.80931e+09 7.21738e+07 944833 13 7 9.38259e+08 993.042 147.429 4868.97
1.30243e+08 1.20047e+09 8.85034e+07 1.846e+07 16 8 1.41605e+09 76.7092 122 3902.16
2.6175e+08 2.00418e+09 8.90067e+07 6.18051e+06 11 5 9.79073e+08 158.413 191.2 6411.33
2.52894e+08 1.73375e+09 8.82109e+07 1.53619e+07 15 7 1.32316e+09 86.133 155.429 4486.15
2.58799e+08 1.23697e+09 8.45004e+07 9.83608e+06 18 6 1.52101e+09 154.635 157.333 4771.33
2.20184e+08 1.18882e+09 8.67945e+07 8.99931e+06 12 6 1.04153e+09 115.735 264.833 5243.76
1.38027e+08 1.04395e+09 8.27906e+07 5.01567e+07 13 5 1.07628e+09 21.4583 260.8 5326.71
1.98433e+08 1.46958e+09 7.84123e+07 1.66428e+07 18 7 1.41142e+09 84.807 137.714 3559.95
7.61063e+07 1.27452e+09 8.78062e+07 4.18929e+07 12 8 1.05367e+09 25.1516 87.5 3445.93
1.32343e+08 1.0058e+09 7.63293e+07 8.19475e+06 14 7 1.06861e+09 130.402 123.429 3121.75
2.66995e+08 8.42213e+08 8.72524e+07 3.97803e+08 15 6 1.30879e+09 3.29004 172 3486.54
1.69839e+08 9.55881e+08 8.4456e+07 2.96955e+07 18 7 1.52021e+09 51.1931 137.714 3418.98
3.51351e+08 1.70307e+09 8.55581e+07 2.19291e+08 16 6 1.36893e+09 6.24253 121.333 3935.87
4.43922e+09 4.90965e+09 6.46521e+07 5.35493e+06 9 9 5.81869e+08 108.66 170.222 2772.23
5.34817e+07 9.06575e+08 6.97497e+07 1.77921e+06 15 8 1.04625e+09 588.04 153.875 3023.53
8.11984e+08 2.23089e+09 7.61715e+07 1.37384e+07 15 6 1.14257e+09 83.1663 292 5924.47
1.03163e+09 1.58192e+09 8.34984e+07 1.67015e+08 15 7 1.25248e+09 7.49916 161.429 3879.45
1.37872e+09 1.90387e+09 7.26587e+07 6.03631e+06 16 8 1.16254e+09 192.591 221.875 3503.47
8.03239e+08 1.01251e+09 8.00601e+07 1.91771e+08 17 6 1.36102e+09 7.09711 219.5 14575.2
2.64976e+08 1.32101e+09 8.89477e+07 2.36417e+08 16 7 1.42316e+09 6.01972 171.429 4507.95
2.88515e+08 1.45588e+09 8.67076e+07 2.08276e+07 19 7 1.64744e+09 79.099 123.429 3902.15
2.03504e+08 1.92698e+09 7.55741e+07 1.09796e+07 16 9 1.20919e+09 110.13 228.889 3305.22
1.65501e+08 7.50127e+08 7.47138e+07 1.2894e+07 12 7 8.96565e+08 69.5338 319.429 5606.62
3.11186e+08 1.31461e+09 8.18024e+07 7.00749e+07 18 5 1.47244e+09 21.0124 198.8 5188.29
1.54258e+08 1.07245e+09 8.47977e+07 3.34639e+07 15 6 1.27196e+09 38.0101 64.8333 3617.28
1.99655e+08 1.22476e+09 9.05198e+07 8.01011e+07 13 5 1.17676e+09 14.6909 54.8 4105.82
1.70052e+09 1.87213e+09 8.3689e+07 4.95477e+07 14 8 1.17165e+09 23.6468 98 3141.59
7.54761e+08 1.6374e+09 8.24481e+07 8.7662e+06 12 6 9.89377e+08 112.863 152 4434.83
2.86185e+18 0 5.79811e+07 1.04735e+17 13 7 7.53754e+08 7.19675e-09 184 4104.55
5.10147e+08 1.48891e+09 7.90974e+07 6.86089e+07 20 6 1.58195e+09 23.0575 179.333 4010.28
8.98459e+08 1.44043e+09 7.04043e+07 954271 13 9 9.15256e+08 959.115 132.889 2596.97
3.35287e+08 1.63764e+09 8.70423e+07 3.23974e+07 13 5 1.13155e+09 34.9271 32 13409.5
3.33162e+08 1.36229e+09 9.11661e+07 4.32857e+07 15 6 1.36749e+09 31.5922 218.833 5129.24
2.23536e+08 1.60367e+09 8.45706e+07 2.28598e+07 17 7 1.4377e+09 62.8921 113.714 3497.05
2.26247e+08 2.03959e+09 8.15845e+07 4.366e+07 16 6 1.30535e+09 29.8981 234.833 4524.02
5.0087e+08 1.26419e+09 7.64807e+07 2.80028e+07 13 11 9.94249e+08 35.5054 102.545 2024.39
2.41151e+08 2.8237e+09 7.80044e+07 1.3085e+07 13 8 1.01406e+09 77.4979 192.875 3692.35
2.62688e+09 2.64068e+09 7.70181e+07 4.71362e+06 15 8 1.15527e+09 245.092 159.5 3362.44
9.53235e+07 1.25181e+09 9.01291e+07 1.22712e+08 12 7 1.08155e+09 8.8137 191.429 4540.34
2.70596e+08 1.33874e+09 8.66214e+07 8.82598e+07 14 5 1.2127e+09 13.7401 66.8 4168.68
1.63571e+08 1.28216e+09 8.52605e+07 2.23191e+07 13 8 1.10839e+09 49.6608 100 2960.57
3.1941e+08 1.23165e+09 8.27758e+07 9.96187e+06 17 7 1.40719e+09 141.258 82.8571 3194.83
1.62319e+08 8.74012e+08 8.46132e+07 2.67457e+07 14 8 1.18458e+09 44.2907 210 3302.81
1.51139e+08 1.51818e+09 9.10657e+07 8.55286e+07 14 7 1.27492e+09 14.9064 152.857 3766.39
1.7724e+08 9.16098e+08 8.72157e+07 8.78503e+06 17 5 1.48267e+09 168.772 149.2 5883.34
3.484e+09 2.57161e+09 8.123e+07 8.34488e+06 14 8 1.13722e+09 136.278 268 3431.8
4.38467e+08 1.37263e+09 7.98173e+07 1.81946e+07 16 8 1.27708e+09 70.19 178.875 3895.67
2.0707e+08 2.05935e+09 7.21028e+07 4.10598e+06 11 6 7.93131e+08 193.165 193.333 4422.18
2.74418e+08 1.36108e+09 8.66507e+07 4.54294e+07 15 8 1.29976e+09 28.6105 156 3560.42
6.93186e+08 8.42939e+08 8.7601e+07 2.8465e+07 17 7 1.48922e+09 52.3174 175.429 4384.31
2.30211e+08 1.20346e+09 8.71577e+07 2.31199e+07 14 7 1.22021e+09 52.7774 170 4195.88
2.20456e+08 1.31256e+09 7.86581e+07 1.70738e+07 15 7 1.17987e+09 69.1044 187.714 3613.68
1.90656e+08 8.40986e+08 8.02666e+07 1.67813e+07 16 7 1.28427e+09 76.5294 147.714 3959.34
2.03214e+09 2.18771e+09 6.60343e+07 3.12476e+06 12 8 7.92412e+08 253.592 95.5 2893.73
1.37362e+08 1.33614e+09 8.67013e+07 4.96475e+07 16 6 1.38722e+09 27.9414 119.333 4507.35
1.40341e+08 1.07332e+09 7.98675e+07 7.31369e+07 17 5 1.35775e+09 18.5645 221.2 5677.41
3.7183e+08 1.47843e+09 8.6861e+07 2.29487e+07 16 7 1.38978e+09 60.5601 123.429 3917.01
1.26079e+08 1.8729e+09 7.20314e+07 2.62389e+06 12 6 8.64377e+08 329.426 214 5496.73
2.58503e+09 2.5759e+09 7.30032e+07 5.88216e+07 16 9 1.16805e+09 19.8575 104 2644.78
2.20272e+18 0 7.80651e+07 2.56956e+16 16 7 1.24904e+09 4.86092e-08 156 4391.01
1.50425e+08 1.07883e+09 8.05911e+07 2.81504e+07 15 5 1.20887e+09 42.9432 124 4498.48
3.08773e+09 3.15538e+09 7.76665e+07 2.53393e+06 13 9 1.00966e+09 398.459 208.889 2867.58
1.99971e+08 1.31703e+09 8.13193e+07 1.12448e+07 17 8 1.38243e+09 122.939 178.875 3404.93
3.40695e+08 1.70923e+09 8.24388e+07 2.01535e+07 15 8 1.23658e+09 61.3582 141.5 3520.77
3.95873e+08 1.32465e+09 8.70271e+07 1.64893e+08 19 6 1.65351e+09 10.0278 165.333 4735.21
8.08362e+07 1.67416e+09 6.94489e+07 1.45818e+07 16 7 1.11118e+09 76.2034 510.857 5401.8
7.03314e+08 1.69995e+09 7.74244e+07 1.13052e+07 17 8 1.31621e+09 116.425 118.875 3653.39
9.47575e+08 1.98873e+09 7.78967e+07 1.14753e+07 15 8 1.16845e+09 101.823 102.875 2798.38
2.65652e+08 1.41477e+09 8.13172e+07 4.46184e+07 11 6 8.94489e+08 20.0475 167.333 4335.68
1.32946e+08 1.29296e+09 8.48992e+07 4.29856e+07 16 5 1.35839e+09 31.601 106 4260.42
3.91409e+08 1.65209e+09 8.42222e+07 3.58671e+08 13 5 1.09489e+09 3.05262 237.2 5344.92
1.39801e+08 8.75306e+08 8.54526e+07 1.24587e+08 15 7 1.28179e+09 10.2883 170.857 4031.94
3.11787e+16 0 3.54313e+07 1.40363e+17 10 9 3.54313e+08 2.52426e-09 114.222 3235.34
2.67586e+08 1.49064e+09 7.44309e+07 1.818e+07 16 6 1.19089e+09 65.5058 97.3333 4088.11
2.04716e+09 2.11354e+09 7.5596e+07 1.2316e+08 13 7 9.82748e+08 7.97943 189.714 3552.89
3.34719e+07 3.16276e+08 8.99932e+07 8.05703e+06 7 6 6.29952e+08 78.1867 417.5 6862.73
8.05416e+07 1.31296e+09 6.52784e+07 1.68692e+06 14 4 9.13898e+08 541.756 162.75 7024.27
1.51812e+08 1.2361e+09 7.05921e+07 3.83196e+06 16 6 1.12947e+09 294.75 134.833 4167.64
1.5481e+08 1.64708e+09 8.48616e+07 5.77e+07 15 5 1.27292e+09 22.0611 119.2 7122.48
1.01289e+08 1.59023e+09 8.24281e+07 1.80008e+06 11 5 9.06709e+08 503.706 256 5602.32
1.63758e+08 1.74421e+09 8.82772e+07 8.85336e+07 13 6 1.1476e+09 12.9624 94.8333 4281.96
6.33796e+09 4.10894e+09 8.66956e+07 8.68847e+06 14 6 1.21374e+09 139.695 99.3333 4585.3
1.0156e+07 8.74761e+08 8.265e+07 5.65385e+06 9 6 7.4385e+08 131.565 142.833 3859.81
2.01951e+09 2.48436e+09 8.25479e+07 1.56825e+07 12 10 9.90575e+08 63.1643 208.9 2959.05
2.70284e+08 1.2144e+09 8.35698e+07 1.32918e+08 17 7 1.42069e+09 10.6885 158.857 3796.26
1.19455e+09 2.19839e+09 8.54882e+07 9.94328e+07 16 9 1.36781e+09 13.7561 164.889 3031.53
1.02172e+08 1.16904e+09 9.07748e+07 2.9711e+06 12 6 1.0893e+09 366.63 133.333 4741.96
1.07781e+08 1.14143e+09 8.64788e+07 1.3467e+07 14 8 1.2107e+09 89.9017 285.5 3944.83
2.42539e+08 1.31512e+09 8.91186e+07 1.32667e+07 17 8 1.51502e+09 114.197 62.875 3346.54
2.55273e+08 8.04342e+08 7.94129e+07 3.7643e+06 16 6 1.27061e+09 337.542 146 4402.2
3.60919e+08 1.24585e+09 8.46895e+07 1.26592e+07 16 7 1.35503e+09 107.04 143.714 4289.85
2.93075e+09 3.06074e+09 7.98855e+07 1.31319e+07 12 8 9.58626e+08 73 71.5 2922.8
4.20439e+08 1.46286e+09 8.05857e+07 1.17856e+07 15 5 1.20879e+09 102.565 129.2 4893.75
1.756e+09 1.75959e+09 7.76112e+07 1.9106e+06 13 10 1.00895e+09 528.077 138.5 2723.59
1.98727e+09 1.72445e+09 8.13543e+07 1.87657e+08 18 8 1.46438e+09 7.80348 151.5 3920.62
1.26622e+08 6.04836e+08 8.35033e+07 7.98514e+07 13 9 1.08554e+09 13.5945 53.5556 2805.33
1.65305e+08 1.2203e+09 8.76145e+07 6.4539e+07 15 7 1.31422e+09 20.3632 152.857 4338.77
1.79279e+09 2.86137e+09 7.95036e+07 1.88563e+07 13 9 1.03355e+09 54.8117 98 2391.04
1.02815e+08 1.84829e+09 8.19857e+07 9.52823e+07 13 5 1.06581e+09 11.1859 209.2 5421.03
2.48566e+08 1.44349e+09 8.08917e+07 2.08555e+07 17 7 1.37516e+09 65.9375 83.7143 3594.15
3.43319e+08 1.2619e+09 8.124e+07 1.07758e+07 16 5 1.29984e+09 120.626 114.8 5607.79
1.82116e+09 2.08898e+09 7.82842e+07 2.67443e+08 17 9 1.33083e+09 4.97613 92 2608.9
6.20061e+08 1.03653e+09 8.33067e+07 1.47278e+08 16 6 1.33291e+09 9.05031 140.833 4337.31
2.04004e+08 1.5379e+09 7.96076e+07 5.19256e+07 16 5 1.27372e+09 24.5297 335.2 6505.02
1.32254e+08 1.30851e+09 8.85694e+07 4.71425e+07 18 7 1.59425e+09 33.8176 205.714 4662.15
