5.03237e+07 1.15896e+09 7.28275e+07 1.2364e+06 5 18 3.64137e+08 294.513 37.7778 638.999
7.31589e+07 8.60393e+08 7.94874e+07 5.45367e+06 11 13 8.74361e+08 160.325 139.231 2046.6
1.18822e+08 1.30186e+09 8.38658e+07 9.85494e+06 11 13 9.22524e+08 93.6103 163.692 1982.67
4.81895e+08 1.27554e+09 7.77727e+07 1.85051e+06 14 10 1.08882e+09 588.388 124.4 2606.11
3.76615e+07 4.78511e+08 7.48225e+07 903658 9 16 6.73403e+08 745.197 95.75 1348.77
2.4055e+06 1.14171e+08 5.06589e+07 302041 8 17 4.05272e+08 1341.78 98.2353 953.631
2.06076e+09 3.51074e+09 8.36661e+07 6.25585e+07 10 11 8.36661e+08 13.3741 250.545 2642.91
3.881e+09 3.96693e+09 7.12127e+07 1.0346e+06 12 10 8.54553e+08 825.973 150.4 2351.45
7.82352e+07 1.17798e+09 8.4621e+07 3.3616e+07 11 14 9.30831e+08 27.6901 96.8571 1714.46
2.05126e+08 2.39839e+08 6.99619e+07 2.25807e+06 13 14 9.09505e+08 402.78 214.929 1838.33
1.15736e+08 6.06888e+08 6.72068e+07 9.10556e+06 14 12 9.40895e+08 103.332 67 2090.7
7.59894e+06 4.7608e+08 7.15256e+07 398227 6 16 4.29153e+08 1077.66 82.4375 954.978
807.55 15343.5 2.5e+07 15343.5 1 19 2.5e+07 1629.36 59.7895 375.961
7.40774e+07 1.20719e+09 8.56956e+07 1.03762e+07 11 11 9.42652e+08 90.8472 142.182 2688.04
2.72294e+07 9.63862e+08 7.59984e+07 1.1346e+07 10 14 7.59984e+08 66.9825 161.714 1877.75
0 0 0 0 0 0 0 0 0 0
91821.6 1.02667e+06 2.23243e+07 47997.2 4 19 8.92971e+07 1860.46 125.789 383.892
4.87475e+08 1.36955e+09 7.79446e+07 4.01015e+06 15 9 1.16917e+09 291.552 224.889 3487.15
1.23947e+08 1.52877e+09 8.35028e+07 2.80761e+07 11 13 9.1853e+08 32.7157 120.769 1976.97
4.53465e+08 1.78095e+09 7.47504e+07 1.48319e+07 8 16 5.98003e+08 40.3186 89.75 1133.65
9.90934e+07 2.27174e+09 7.35224e+07 2.59884e+07 6 16 4.41134e+08 16.9743 175 1207.07
4.72459e+08 1.57469e+09 8.55186e+07 5.07782e+07 13 13 1.11174e+09 21.894 165.231 2239.58
9.56034e+07 1.0484e+09 8.46885e+07 1.31967e+07 10 11 8.46885e+08 64.1742 140.909 2268.15
9.32412e+07 1.53199e+09 8.42208e+07 7.71134e+06 9 13 7.57987e+08 98.2952 198.308 1870.07
6.49914e+07 6.77824e+08 8.14776e+07 5.99762e+06 10 14 8.14776e+08 135.85 122 1674.31
2.71164e+09 3.28837e+09 7.82405e+07 4.66241e+06 14 11 1.09537e+09 234.936 238.182 2729.01
1.21002e+13 0 1.8123e+07 9.44684e+13 10 15 1.8123e+08 1.91842e-06 120.933 1528.4
8.47453e+07 5.66144e+08 8.15229e+07 1.34819e+07 12 12 9.78275e+08 72.5619 188 2615.88
3.9843e+07 4.09989e+08 8.50411e+07 1.16173e+07 7 16 5.95288e+08 51.2415 54 997.953
1.13425e+08 4.75111e+08 7.07176e+07 1.17449e+06 13 14 9.19329e+08 782.744 105.5 1976.5
2.16769e+09 2.24775e+09 7.23458e+07 1.34499e+06 13 11 9.40495e+08 699.26 153.636 2691.33
2.16257e+09 2.43614e+09 7.94728e+07 1.36237e+06 16 12 1.27157e+09 933.346 319.667 2984.21
1.77148e+08 1.02684e+09 7.95755e+07 2.11426e+07 14 10 1.11406e+09 52.6924 69.6 2917.43
6.88174e+07 1.02946e+09 8.61755e+07 4.74386e+07 12 12 1.03411e+09 21.7988 76.25 2106.05
0 0 0 0 0 0 0 0 0 0
0 0 0 0 0 0 0 0 0 0
5.23181e+08 1.30887e+09 8.10139e+07 9.50671e+07 17 10 1.37724e+09 14.487 117.6 3326.44
163805 4.12138e+06 5.37939e+07 3.1123e+06 2 19 1.07588e+08 34.5686 54.9474 392.891
5.01686e+06 3.28481e+08 8.5024e+07 9.53203e+07 2 19 1.70048e+08 1.78396 59.1579 351.465
3.52414e+12 0 2.5e+07 2.71836e+13 3 15 7.5e+07 2.75901e-06 102.933 1691.92
5.86679e+07 8.66342e+08 8.04136e+07 1.37644e+06 9 12 7.23722e+08 525.794 112.917 2085.11
1.82557e+08 1.11831e+09 9.11588e+07 3.52715e+07 13 12 1.18506e+09 33.5983 183.667 2497.85
1.71604e+14 0 2.76939e+07 1.60576e+14 11 13 3.04633e+08 1.89712e-06 119.231 1805.08
1.22469e+09 1.59724e+09 8.5655e+07 1.27947e+08 15 9 1.28482e+09 10.0418 116.222 3262.61
7.68805e+07 8.03458e+08 8.47267e+07 3.68941e+07 9 13 7.6254e+08 20.6684 299.231 2489.52
1.51325e+09 1.58768e+09 7.28891e+07 1.34106e+06 14 9 1.02045e+09 760.929 178 3226.62
1.50961e+08 1.83825e+09 8.68211e+07 2.16068e+08 11 13 9.55032e+08 4.42006 161.231 1963.38
2.24704e+07 6.61182e+08 8.40655e+07 4.56787e+07 4 18 3.36262e+08 7.36146 85.6111 646.553
5.511e+07 1.45188e+09 8.68272e+07 1.22588e+07 13 9 1.12875e+09 92.077 248.889 3983.84
0 0 0 0 0 0 0 0 0 0
3.98963e+07 4.33595e+08 7.94285e+07 8.49193e+06 9 14 7.14856e+08 84.1807 182.857 1768.45
7.87034e+07 1.45717e+09 9.42315e+07 3.30544e+07 9 14 8.48083e+08 25.6572 81.4286 1783.54
1.48444e+09 2.91979e+09 8.1034e+07 1.16271e+08 11 13 8.91374e+08 7.66634 173.077 2156.72
1.18083e+09 3.16263e+09 8.49485e+07 5.18989e+07 9 15 7.64537e+08 14.7313 128.933 1462.34
6.93481e+07 9.65556e+08 8.2721e+07 1.15234e+06 9 15 7.44489e+08 646.065 117.733 1368.06
1.30359e+08 8.51524e+08 8.36754e+07 1.24039e+07 13 10 1.08778e+09 87.6965 124.9 3056.61
8.46604e+07 1.20071e+09 8.63019e+07 8.46234e+06 10 13 8.63019e+08 101.984 64 1723.5
8.79999e+07 1.0296e+09 8.1798e+07 1.18357e+06 9 16 7.36182e+08 622.002 81.9375 1166.34
1.28445e+08 1.46635e+09 9.00406e+07 2.05902e+07 13 13 1.17053e+09 56.8488 263.077 2695.01
1.36795e+08 1.90513e+09 8.65748e+07 2.75862e+07 12 12 1.0389e+09 37.6601 220 2551.85
2.90102e+09 4.72e+09 6.02236e+07 34349.1 9 13 5.42013e+08 15779.5 287.231 2048.19
9.00806e+07 1.47374e+09 8.62442e+07 1.4497e+08 9 14 7.76198e+08 5.35418 102.357 1927.66
1.05374e+08 1.26832e+09 8.72559e+07 1.5433e+07 9 15 7.85304e+08 50.8847 84 1511.4
1.27226e+07 2.51052e+08 8.23939e+07 5.92213e+07 7 16 5.76757e+08 9.73902 67.75 1018.66
5.30186e+08 1.08556e+09 6.88648e+07 9.73949e+06 16 7 1.10184e+09 113.131 122.857 3181.75
9.62801e+07 1.17537e+09 7.55691e+07 1.20142e+07 8 16 6.04553e+08 50.32 151.75 1253.87
1.49872e+06 7.14875e+07 6.70607e+07 897352 10 15 6.70607e+08 747.318 202.933 1736.8
4.03522e+07 1.15207e+09 6.83706e+07 412734 10 14 6.83706e+08 1656.53 109.214 1886.87
3.05403e+08 1.12124e+09 8.18211e+07 1.32e+07 15 8 1.22732e+09 92.9787 275.875 4784.6
1.12912e+06 8.34554e+07 8.59425e+07 2.14532e+07 2 19 1.71885e+08 8.01209 72 348.424
6.89246e+08 1.39216e+09 8.59331e+07 1.43818e+07 17 10 1.46086e+09 101.577 124 3307.74
9.76246e+08 3.03769e+09 7.82862e+07 3.91281e+07 7 17 5.48003e+08 14.0053 55.0588 729.703
3.1578e+09 2.32782e+09 7.6258e+07 2.86878e+06 16 9 1.22013e+09 425.312 257.556 3766.6
1.99898e+07 4.8781e+08 8.59026e+07 2.44361e+07 4 18 3.4361e+08 14.0616 45.1111 656.125
2.02948e+07 9.45794e+08 7.21912e+07 1.15413e+06 12 13 8.66294e+08 750.601 96.7692 2198.87
1.51139e+08 1.53457e+09 9.03846e+07 3.43194e+07 13 11 1.175e+09 34.2372 114.545 2815.18
1.06236e+08 6.87415e+08 6.89231e+07 521415 12 12 8.27077e+08 1586.21 99.6667 2356.14
8.02399e+08 1.47071e+09 7.76358e+07 1.19315e+07 15 13 1.16454e+09 97.6022 117.231 2383.75
2.07185e+13 0 2.5e+07 9.21354e+13 8 13 2e+08 2.17072e-06 319.077 2300.36
1.3456e+12 0 2.5e+06 1.61472e+13 10 12 2.5e+07 1.54826e-06 98.25 2227.64
2.52372e+08 1.4226e+09 9.28229e+07 1.14787e+08 14 12 1.29952e+09 11.3212 174.25 2781.73
1.23221e+12 0 5e+06 2.21798e+13 5 18 2.5e+07 1.12715e-06 76 669.393
1.31796e+08 1.2655e+09 8.53368e+07 8.03322e+07 12 11 1.02404e+09 12.7476 180.545 2774.13
2.74036e+07 1.10347e+09 6.53355e+07 207796 3 19 1.96006e+08 943.266 31.7895 397.566
1.59997e+08 1.62615e+09 8.95077e+07 2.29494e+08 11 14 9.84585e+08 4.29025 135.714 1856.43
4.48277e+06 1.71461e+09 8.79393e+07 8.06899e+07 2 18 1.75879e+08 2.17968 59.6111 580.855
2.89921e+09 3.71934e+09 5.1025e+07 855970 12 14 6.123e+08 715.329 106.357 1664.05
3.75897e+08 1.18283e+09 8.17536e+07 3.21531e+07 18 9 1.47157e+09 45.7674 102 3372.74
8.43371e+07 1.11578e+09 8.42851e+07 754399 8 14 6.74281e+08 893.799 74.3571 1476.31
4.87699e+07 5.78968e+08 7.06298e+07 8.41995e+06 7 16 4.94409e+08 58.7188 39 1119.2
3.34021e+07 6.49715e+08 6.62141e+07 393106 6 18 3.97284e+08 1010.63 63.7778 618.999
1.42304e+09 1.80502e+09 3.94692e+07 203423 13 15 5.13099e+08 2522.32 56.9333 1492.87
5.74264e+07 2.06904e+09 5.70927e+07 301738 5 16 2.85463e+08 946.064 103.438 927.752
1.23693e+08 1.2844e+09 7.51888e+07 1.50372e+07 11 14 8.27077e+08 55.0022 223.429 1989.69
1.86071e+09 3.17227e+09 6.38445e+07 1.18465e+06 9 12 5.74601e+08 485.037 210.917 2585.4
7.30685e+07 1.94638e+09 8.67856e+07 2.25835e+07 9 14 7.8107e+08 34.5859 218.357 1928.44
2.25816e+09 3.11951e+09 6.36022e+07 1.66755e+06 10 11 6.36022e+08 381.411 202.727 2654.08
1.46545e+09 8.82695e+09 6.29925e+07 1.41182e+07 3 18 1.88978e+08 13.3854 105.778 623.437
4.9497e+07 7.83634e+08 8.87266e+07 1.05371e+07 7 16 6.21086e+08 58.9429 45.75 996.644
0 0 0 0 0 0 0 0 0 0
4.28695e+07 7.84265e+08 8.68211e+07 2.37962e+07 6 17 5.20927e+08 21.8912 88.2353 982.64
3.09794e+07 4.51369e+08 7.06969e+07 660175 8 15 5.65575e+08 856.705 158 1529.64
6.03312e+06 2.62983e+08 6.50692e+07 1.7234e+06 3 19 1.95208e+08 113.269 51.7895 355.418
1.10061e+12 0 1.25e+07 1.87103e+13 2 17 2.5e+07 1.33616e-06 98.4706 925.192
2.69568e+12 0 5e+07 6.87901e+12 8 14 4e+08 5.81479e-05 90.9286 1663.21
1.03946e+09 1.47838e+09 6.85064e+07 352155 10 12 6.85064e+08 1945.35 196.25 2677.07
1.68857e+09 3.83041e+09 8.24015e+07 2.50032e+08 9 16 7.41613e+08 2.96607 91.75 1350.89
4.0729e+09 3.54025e+09 6.00839e+07 413586 16 13 9.61342e+08 2324.41 74.3077 2381.47
1.17218e+07 7.88743e+08 8.66214e+07 2.22715e+08 2 19 1.73243e+08 0.777868 47.7895 364.602
5.15389e+08 1.52847e+09 8.18462e+07 3.49315e+06 14 11 1.14585e+09 328.027 115.636 2510.95
3.05847e+16 0 4.21172e+07 4.91166e+15 13 9 5.47524e+08 1.11474e-07 102 3389.95
1.1425e+08 1.88358e+09 8.23682e+07 6.29114e+06 8 12 6.58946e+08 104.742 330 2381.32
2.48764e+06 5.39753e+07 7.38219e+07 4.25552e+06 4 18 2.95288e+08 69.3894 60.9444 580.763
2.91059e+07 5.73962e+08 8.45225e+07 7.44314e+06 9 15 7.60703e+08 102.202 144 1502.96
1.79961e+07 6.30917e+08 8.77796e+07 3.35414e+07 4 16 3.51118e+08 10.4682 52.9375 983.644
3.55309e+08 9.34886e+08 8.14012e+07 1.14038e+07 14 10 1.13962e+09 99.9328 206.9 3035.86
1.27927e+08 1.52319e+09 9.01917e+07 1.63477e+07 10 13 9.01917e+08 55.1708 255.077 2464.09
1.05683e+09 1.76615e+09 6.46699e+07 416077 12 13 7.76038e+08 1865.13 169.231 2111.04
0 0 0 0 0 0 0 0 0 0
2.06221e+09 2.33293e+09 7.94263e+07 2.00933e+06 12 10 9.53115e+08 474.344 166.4 2804.48
1.74219e+08 1.20578e+09 8.84493e+07 7.67938e+07 13 12 1.14984e+09 14.9731 106 2394.74
1.14324e+09 8.96165e+08 8.15965e+07 6.83847e+07 17 7 1.38714e+09 20.2844 256.857 4899.35
2.7118e+07 3.84728e+08 7.53639e+07 2.2681e+06 9 16 6.78275e+08 299.05 138.438 1299.09
1.51844e+08 7.9694e+08 9.25825e+07 2.63525e+08 15 10 1.38874e+09 5.26985 184.9 3313.08
4.44826e+11 0 6.25e+06 8.00686e+12 4 18 2.5e+07 3.12232e-06 99.6111 719.092
9.10027e+07 9.00652e+08 7.76358e+07 1.09149e+06 12 14 9.31629e+08 853.542 87.5 1802.19
2.1882e+08 1.70956e+09 7.7942e+07 8.76587e+06 12 12 9.35304e+08 106.698 206.917 2491.41
1.83962e+09 1.18541e+10 6.35517e+07 1.12344e+08 3 19 1.90655e+08 1.69707 33.7895 363.119
7.00105e+08 1.85832e+09 8.20165e+07 2.51325e+08 13 11 1.06621e+09 4.24237 220.545 2914.57
2.51621e+06 1.76829e+08 8.52636e+07 4.78079e+07 2 19 1.70527e+08 3.56692 65.1579 355.781
8.44875e+07 8.13817e+08 6.45234e+07 297029 12 13 7.74281e+08 2606.75 92.7692 1846.84
7.41777e+07 7.27526e+08 7.65229e+07 1.93445e+07 15 9 1.14784e+09 59.337 256.222 3721.73
1.78079e+09 2.74945e+09 6.01358e+07 1.47823e+06 10 14 6.01358e+08 406.81 84 1340.44
1.14392e+09 2.14827e+09 8.26024e+07 3.06655e+08 11 13 9.08626e+08 2.96302 145.231 1980.82
19544.3 65147.6 2.42945e+07 49088 6 20 1.45767e+08 2969.5 24.2 133.483
1.69614e+08 1.29207e+09 7.80551e+07 1.78686e+06 12 12 9.36661e+08 524.194 178.917 2650
1.71406e+09 6.51344e+09 2.42812e+07 64615.7 5 19 1.21406e+08 1878.89 78.9474 365.177
1.76632e+08 1.48446e+09 8.45447e+07 3.03865e+07 12 13 1.01454e+09 33.3877 149.077 2271.45
2.8948e+09 2.78395e+09 6.37894e+07 2.54811e+07 14 12 8.93051e+08 35.0476 116.667 2123.35
3.7397e+08 1.36609e+09 7.83646e+07 2.25229e+07 16 10 1.25383e+09 55.6692 223.6 3522.03
4.51533e+07 7.59624e+08 8.8109e+07 7.50709e+07 8 14 7.04872e+08 9.38942 114.357 1650.78
2.41364e+06 5.36527e+07 4.42226e+07 80984 6 19 2.65335e+08 3276.39 69.7895 392.491
3.74318e+09 4.26144e+09 7.80418e+07 1.96207e+07 12 11 9.36502e+08 47.7303 136.182 2674.07
2.78271e+07 4.49901e+08 8.5653e+07 1.01492e+07 8 15 6.85224e+08 67.515 32.9333 1001.96
5.01361e+06 2.49328e+08 8.49042e+07 9.52585e+07 2 19 1.69808e+08 1.78261 44 387.311
2.8674e+09 3.92935e+09 8.26944e+07 1.19179e+07 12 13 9.92332e+08 83.2643 194.308 2323.65
2.38588e+08 1.65261e+09 8.24509e+07 4.54206e+07 14 8 1.15431e+09 25.4138 278 4254.87
1.82524e+09 2.09534e+09 6.91755e+07 1.07947e+06 13 13 8.99281e+08 833.073 149.231 2322.93
4.28072e+07 5.47062e+08 8.53948e+07 7.90183e+06 7 14 5.97764e+08 75.6487 144.857 1675
5.28464e+08 1.52658e+09 8.37206e+07 9.71287e+06 11 14 9.20927e+08 94.815 108.357 1818.79
3.02388e+08 1.34568e+09 8.31949e+07 1.90783e+07 15 7 1.24792e+09 65.4107 130 4445.36
1.02645e+13 0 2.26609e+07 5.8189e+13 7 13 1.58626e+08 2.72605e-06 66.9231 1574.82
1.23753e+09 1.17565e+10 2.27236e+07 431256 2 19 4.54473e+07 105.384 70 372.041
0 0 0 0 0 0 0 0 0 0
7.01572e+08 1.88229e+09 8.36319e+07 6.60117e+07 14 12 1.17085e+09 17.7369 206.25 2849.61
1.10166e+12 0 6.25e+06 1.87283e+13 4 17 2.5e+07 1.33488e-06 27.5294 853.769
2.37451e+08 1.37743e+09 7.94614e+07 2.45986e+07 14 10 1.11246e+09 45.2245 164.9 2839.99
4.02724e+12 0 1.875e+07 1.90503e+13 8 15 1.5e+08 7.87388e-06 186.933 1790.88
2.4636e+08 1.34496e+09 7.54792e+07 1.01145e+07 15 10 1.13219e+09 111.938 126.4 2826.67
502747 2.82863e+07 8.36661e+07 9.55219e+06 2 19 1.67332e+08 17.5177 46.9474 394.396
8.28544e+07 7.37181e+08 8.07139e+07 1.59297e+06 13 12 1.04928e+09 658.694 129.667 2328.43
7.15414e+07 1.05597e+09 8.34199e+07 1.46942e+06 12 12 1.00104e+09 681.247 285.667 3055.53
1.2762e+07 4.07736e+08 6.59212e+07 312672 3 18 1.97764e+08 632.496 110 667.708
1.24711e+07 3.70153e+08 7.33569e+07 7.00521e+06 7 16 5.13498e+08 73.3024 69.4375 1057.58
8.94398e+08 2.03097e+09 8.13591e+07 3.35752e+08 13 13 1.05767e+09 3.15014 190.308 2392.09
0 0 0 0 0 0 0 0 0 0
3.70045e+08 1.72332e+09 8.47045e+07 8.02816e+07 10 10 8.47045e+08 10.5509 235.6 3070.95
2.88655e+13 0 2.76576e+07 9.7131e+13 11 13 3.04233e+08 3.13219e-06 170.769 2224.91
1.40997e+08 1.43754e+09 8.07363e+07 1.9895e+06 11 15 8.88099e+08 446.392 60.9333 1546
3838.49 38384.9 2.5e+07 38359.7 2 20 5e+07 1303.45 91.2 139.163
1.97244e+08 2.13783e+09 8.60965e+07 1.78933e+07 14 9 1.20535e+09 67.3631 92.2222 3005.34
2.13181e+08 1.36989e+09 9.31995e+07 9.04028e+07 14 10 1.30479e+09 14.4331 166 3298.36
2.55135e+09 2.30016e+09 6.30441e+07 588381 16 12 1.00871e+09 1714.38 200.917 2824.94
5.1914e+07 1.11232e+09 8.86049e+07 2.16524e+07 6 17 5.31629e+08 24.5529 78.1176 992.788
0 0 0 0 0 0 0 0 0 0
9.744e+08 3.55242e+09 4.83866e+07 517885 5 18 2.41933e+08 467.156 91.6111 664.644
2.4758e+11 0 5e+06 3.96127e+12 5 16 2.5e+07 6.3111e-06 45.75 1061.55
4.77812e+07 8.26405e+08 7.80237e+07 579885 7 16 5.46166e+08 941.853 79.4375 1029.84
4.20774e+09 4.26709e+09 6.19373e+07 1.3797e+06 11 11 6.8131e+08 493.81 166.727 2503.42
6.47745e+07 9.34698e+08 7.57588e+07 233911 8 15 6.0607e+08 2591.03 82 1549.98
1.21872e+08 1.72967e+09 8.65569e+07 2.16387e+07 13 9 1.12524e+09 52.0014 82 2565.02
1.01834e+09 2.0587e+09 8.40747e+07 1.01896e+08 13 10 1.09297e+09 10.7264 245.6 3493.86
7.32931e+08 1.2895e+09 5.71885e+07 571632 9 15 5.14696e+08 900.399 88.9333 1183.9
1.98015e+08 7.97732e+08 8.47901e+07 2.4269e+07 14 10 1.18706e+09 48.9127 184.1 3369.36
3.0128e+07 4.50763e+08 8.541e+07 1.43614e+07 6 17 5.1246e+08 35.6832 40.4706 858.696
0 0 0 0 0 0 0 0 0 0
1.04463e+08 9.73399e+08 8.08972e+07 1.49601e+07 12 14 9.70767e+08 64.8904 77.4286 1782.01
2.58121e+08 1.43837e+09 7.91191e+07 4.31719e+06 7 16 5.53834e+08 128.286 113.938 940.302
2.90599e+07 3.52969e+08 6.28739e+07 500611 11 16 6.91613e+08 1381.54 91.4375 1122.34
3.16742e+07 3.61684e+08 7.33626e+07 2.57299e+06 8 14 5.86901e+08 228.101 221.214 1690.28
1447.01 28940.2 2.5e+07 28940.2 1 20 2.5e+07 863.85 46.55 128.281
2.25941e+08 2.35916e+09 8.20573e+07 3.37198e+07 14 11 1.1488e+09 34.069 208.545 3113.95
3.69182e+08 7.23284e+08 6.85075e+07 5.1593e+06 14 13 9.59105e+08 185.898 81.2308 2128.33
2.13873e+12 0 7.5e+06 1.64096e+13 10 15 7.5e+07 4.57048e-06 167.733 1733.71
0 0 0 0 0 0 0 0 0 0
2.78405e+09 3.87275e+09 7.63512e+07 1.32271e+07 12 14 9.16214e+08 69.2677 74.3571 1825.79
1.41199e+09 3.78323e+09 5.22098e+07 476398 6 14 3.13259e+08 657.556 113.714 1409.18
2.37344e+12 0 1.42857e+07 1.75624e+13 7 15 1e+08 5.69399e-06 140.933 1540.4
8.63e+06 6.26747e+08 8.83387e+07 1.6397e+08 2 19 1.76677e+08 1.0775 46 381.037
5.92174e+07 9.21476e+08 9.00098e+07 1.93422e+07 13 11 1.17013e+09 60.496 268.545 3414.09
9.3135e+08 1.89458e+09 7.84161e+07 1.47968e+07 13 13 1.01941e+09 68.8938 133.692 2424.89
1.69847e+08 1.43397e+09 7.8711e+07 1.37373e+06 13 10 1.02324e+09 744.866 176.9 3420.49
1.8717e+07 3.50568e+08 8.61555e+07 4.42982e+06 6 16 5.16933e+08 116.694 61.75 1040.28
7.51697e+07 9.59564e+08 8.77086e+07 8.86887e+07 9 15 7.89377e+08 8.90054 152.933 1603.04
7539.79 75397.9 2.5e+07 58575.3 2 20 5e+07 853.603 72.95 133.408
8.24528e+07 1.97447e+09 8.77453e+07 2.47439e+07 7 16 6.14217e+08 24.823 139.938 1161.99
0 0 0 0 0 0 0 0 0 0
5.10379e+13 0 1.72204e+07 2.83896e+14 10 13 1.72204e+08 6.06577e-07 129.231 2035.84
5.05489e+07 6.87191e+08 7.42013e+07 1.0331e+06 9 15 6.67812e+08 646.415 110.933 1503.2
1.67313e+08 9.90475e+08 9.10942e+07 1.33689e+08 14 11 1.27532e+09 9.53948 162.182 3126.17
3.75772e+11 0 2.5e+06 4.50926e+12 10 12 2.5e+07 5.54414e-06 89.6667 2285.78
1.21988e+09 2.13756e+09 7.70447e+07 3.23725e+06 10 14 7.70447e+08 237.994 259.714 2002.01
1.19086e+08 1.14339e+09 7.38511e+07 662136 13 13 9.60064e+08 1449.95 168.308 2298.96
3.42728e+08 1.21135e+09 8.04199e+07 2.05202e+07 14 13 1.12588e+09 54.8668 101.077 2182.11
0 0 0 0 0 0 0 0 0 0
2.59051e+08 1.27355e+09 7.82137e+07 2.18739e+07 17 9 1.32963e+09 60.7862 172.222 3712.7
3.34675e+08 1.46519e+09 8.46035e+07 2.66631e+07 17 10 1.43826e+09 53.9419 149.6 3449.01
1.7259e+08 2.54958e+09 9.16853e+07 1.6746e+08 10 13 9.16853e+08 5.47507 102.308 2003.7
1.70032e+08 9.56746e+08 8.66842e+07 2.73721e+07 14 10 1.21358e+09 44.3364 206 3402.9
4.39874e+07 3.34624e+08 8.87095e+07 2.48914e+07 14 8 1.24193e+09 49.894 346 4291.66
2711.47 54229.4 2.5e+07 54229.4 1 20 2.5e+07 461.005 71.2 130.681
