6.55506e+08 1.84954e+09 6.88898e+07 634132 10 7 6.88898e+08 1086.36 479.714 4616.87
2.97403e+08 1.85106e+09 8.48492e+07 2.36069e+08 16 7 1.35759e+09 5.7508 208 5232.44
1.75052e+08 9.84518e+08 7.9348e+07 7.61285e+07 16 5 1.26957e+09 16.6767 200.8 6158.05
3.8079e+08 1.65083e+09 8.97657e+07 8.14947e+07 15 7 1.34649e+09 16.5224 64 4494.39
2.54253e+08 2.66117e+09 8.2476e+07 1.0331e+08 15 7 1.23714e+09 11.9751 93.7143 3916.8
2.03246e+09 2.13808e+09 8.6858e+07 1.52506e+08 13 7 1.12915e+09 7.40398 290.857 5963.32
1.35988e+09 1.82839e+09 8.22045e+07 4.06582e+07 15 6 1.23307e+09 30.3276 287.333 5048.83
9.31685e+08 8.37277e+08 7.61797e+07 1.086e+07 13 6 9.90335e+08 91.191 284.833 5640.09
9.28355e+08 1.64579e+09 8.22329e+07 1.60062e+07 18 9 1.48019e+09 92.4761 98 3785.76
7.13823e+07 6.21396e+08 8.21455e+07 2.11011e+06 13 10 1.06789e+09 506.083 214 3429.73
1.15718e+08 7.41838e+08 7.87847e+07 1.69382e+08 13 6 1.0242e+09 6.0467 351.333 16724.6
1.79188e+09 1.66968e+09 8.52236e+07 9.77693e+07 13 5 1.10791e+09 11.3319 146 6327.99
7.91404e+07 1.04738e+09 8.51118e+07 5.33576e+07 15 6 1.27668e+09 23.9268 114.833 4811.12
3.64287e+08 1.97458e+09 7.71654e+07 7.13914e+06 18 6 1.38898e+09 194.558 107.5 4183
2.12664e+08 7.03185e+08 8.66191e+07 1.79214e+07 17 7 1.47252e+09 82.1655 294.857 4492.81
4.92175e+08 2.32262e+09 9.15036e+07 2.37884e+08 16 7 1.46406e+09 6.15449 86 4616.04
2.6028e+08 1.1748e+09 8.72832e+07 1.31653e+08 14 8 1.22196e+09 9.28169 90.875 3790.73
1.62875e+07 5.06082e+08 9.11456e+07 4.02014e+06 14 7 1.27604e+09 317.411 95.4286 4372.86
2.36177e+08 1.2506e+09 8.76464e+07 1.85089e+08 15 7 1.3147e+09 7.10305 155.429 4418.03
2.87576e+09 2.44776e+09 7.2696e+07 7.27286e+06 13 8 9.45048e+08 129.942 255.5 4045.42
5.47252e+09 3.36938e+09 8.26328e+07 7.26899e+07 16 7 1.32212e+09 18.1885 224.857 4939.97
3.67048e+09 3.74262e+09 6.90362e+07 813782 12 8 8.28435e+08 1018.01 149.875 3401.82
2.61078e+08 1.73364e+09 8.64483e+07 3.49681e+06 15 9 1.29673e+09 370.831 176 3873.3
5.07186e+09 3.96134e+09 7.86492e+07 2.03957e+06 16 9 1.25839e+09 616.987 104.889 3628.58
1.48526e+08 7.36639e+08 8.41289e+07 2.66035e+07 17 8 1.43019e+09 53.7595 150.875 4131.06
5.91472e+08 1.45219e+09 8.47068e+07 1.2041e+08 17 7 1.44002e+09 11.9593 186 4496.97
2.12411e+08 1.08874e+09 8.90575e+07 2.14726e+07 12 5 1.06869e+09 49.77 190.8 6616.44
1.8793e+08 1.38666e+09 8.37274e+07 1.93301e+07 15 7 1.25591e+09 64.9718 171.429 3941.15
1.93738e+09 3.06495e+09 8.65315e+07 1.2793e+08 16 10 1.3845e+09 10.8223 150.1 3550.24
1.52808e+08 9.477e+08 8.14696e+07 1.73917e+07 15 7 1.22204e+09 70.266 167.429 4358.76
6.49976e+08 1.16865e+09 8.25194e+07 1.3611e+08 14 7 1.15527e+09 8.48775 198.857 4583.15
2.52696e+08 2.25831e+09 8.39088e+07 1.94104e+07 13 9 1.09081e+09 56.1974 138.889 3763.7
2.15372e+08 2.11762e+09 9.13677e+07 1.03615e+08 13 7 1.18778e+09 11.4634 115.429 3896.84
1.11486e+08 9.67888e+08 8.92173e+07 2.90514e+07 13 6 1.15982e+09 39.9232 433.333 7648.2
3.17115e+07 7.9806e+08 9.54029e+07 2.52015e+07 9 6 8.58626e+08 34.0705 273.5 5033.67
5.53182e+08 2.20464e+09 7.52995e+07 1.0782e+08 16 4 1.20479e+09 11.1741 158.75 6030.15
1.23113e+08 1.14545e+09 8.62313e+07 1.11543e+08 13 5 1.12101e+09 10.05 209.2 5975.41
1.39572e+09 1.92379e+09 8.4101e+07 1.08444e+08 18 8 1.51382e+09 13.9595 110 4196.65
5.643e+08 1.72633e+09 8.18804e+07 1.29553e+08 14 7 1.14633e+09 8.84828 170.857 4295.08
2.3942e+08 1.81606e+09 8.35745e+07 1.34293e+07 17 6 1.42077e+09 105.796 228.833 5181.88
2.74411e+08 1.51347e+09 8.91545e+07 1.75735e+08 14 6 1.24816e+09 7.10252 199.333 14957.9
2.67717e+08 1.507e+09 9.20128e+07 3.83067e+07 13 7 1.19617e+09 31.226 121.429 3957.13
8.43406e+08 1.91821e+09 8.46113e+07 2.19843e+08 15 9 1.26917e+09 5.77306 192.889 3875.33
1.52034e+18 0 6.6604e+07 1.73334e+15 17 8 1.13227e+09 6.53231e-07 58.875 3618
3.66519e+08 1.21861e+09 8.49141e+07 2.48072e+08 16 7 1.35863e+09 5.47675 74.8571 4127.35
6.98689e+08 1.51807e+09 8.95451e+07 2.94695e+08 19 9 1.70136e+09 5.77329 216 4239.1
1.52556e+08 9.35256e+08 8.56686e+07 6.98529e+07 14 5 1.19936e+09 17.1698 57.2 4743.91
1.67557e+08 1.5901e+09 8.74601e+07 1.05883e+08 13 7 1.13698e+09 10.7381 169.429 4019.86
2.17428e+08 1.26567e+09 8.98009e+07 9.14888e+06 13 6 1.16741e+09 127.602 57.3333 4104.73
2.25383e+08 1.14644e+09 8.86532e+07 1.09931e+08 16 7 1.41845e+09 12.9031 350.857 5841.94
2.18241e+08 1.01893e+09 9.0006e+07 9.44448e+07 16 7 1.4401e+09 15.248 160 4668.15
9.00457e+08 2.02919e+09 7.12926e+07 2.99793e+07 12 5 8.55511e+08 28.5368 366.8 14791.4
2.42495e+08 1.22459e+09 8.49695e+07 7.12394e+07 11 5 9.34665e+08 13.1201 164.8 5163.22
4.25938e+08 1.9134e+09 8.43165e+07 2.12676e+08 14 5 1.18043e+09 5.55039 98.8 5352.08
3.52719e+08 2.518e+09 7.90735e+07 1.54292e+07 17 8 1.34425e+09 87.1239 96 4202.44
1.01598e+08 5.50253e+08 8.92295e+07 1.82745e+07 13 8 1.15998e+09 63.4756 514.875 5296.41
7.67033e+07 7.51971e+08 7.52845e+07 6.48789e+06 16 6 1.20455e+09 185.662 130.833 4604.59
8.65913e+07 1.87789e+09 8.6959e+07 2.49576e+07 11 5 9.5655e+08 38.327 273.2 17179.1
3.95363e+08 1.58403e+09 9.39191e+07 3.62201e+08 15 7 1.40879e+09 3.88951 115.714 4104.62
1.90206e+08 1.52153e+09 8.35634e+07 8.07169e+06 14 7 1.16989e+09 144.937 215.714 4563.39
2.72044e+08 8.39204e+08 7.87052e+07 3.28572e+07 18 7 1.41669e+09 43.1166 246.857 4550.67
1.32611e+08 1.26802e+09 7.93648e+07 3.00363e+07 17 7 1.3492e+09 44.9191 145.714 4025.08
2.58945e+09 2.71183e+09 8.28928e+07 3.09799e+06 11 7 9.11821e+08 294.326 211.429 4475.9
3.86195e+08 1.4721e+09 8.54755e+07 1.26473e+07 13 6 1.11118e+09 87.8593 65.5 4331.98
2.77212e+09 2.91667e+09 8.03647e+07 3.99606e+08 18 7 1.44657e+09 3.61998 193.714 4124.56
3.57727e+07 5.14739e+08 8.24935e+07 2.91313e+07 11 6 9.07428e+08 31.1495 273.333 14644.4
1.62534e+08 1.69898e+09 7.45678e+07 1.10505e+07 17 7 1.26765e+09 114.714 233.429 4767.7
2.34054e+09 2.26574e+09 6.58147e+07 3.66286e+06 14 7 9.21406e+08 251.554 89.4286 4511.17
2.81531e+08 1.08385e+09 8.75449e+07 1.32025e+08 16 6 1.40072e+09 10.6095 149.5 4322.4
3.19524e+08 1.64943e+09 8.77546e+07 2.54736e+08 16 5 1.40407e+09 5.51187 64 4925.2
2.55371e+08 1.39427e+09 8.24331e+07 7.85035e+07 16 5 1.31893e+09 16.8009 258.8 5939.15
4.0308e+08 1.22258e+09 8.57678e+07 3.23114e+07 16 7 1.37228e+09 42.4706 144.857 4605.01
2.2172e+08 1.12233e+09 7.67064e+07 8.58765e+07 11 7 8.4377e+08 9.82539 353.429 5371.3
7.00648e+07 2.33711e+09 8.97079e+07 1.03061e+08 7 5 6.27955e+08 6.09307 386 7056.34
3.76576e+08 1.60725e+09 8.89617e+07 2.93741e+08 15 7 1.33442e+09 4.54287 152 4659.35
1.3312e+09 1.92441e+09 8.6262e+07 2.77734e+06 13 9 1.12141e+09 403.769 246.889 4368.97
2.61222e+09 3.49131e+09 7.84468e+07 1.14238e+07 13 7 1.01981e+09 89.2705 272 5437.88
1.98947e+08 1.67385e+09 8.83444e+07 8.44949e+07 14 6 1.23682e+09 14.6378 96.8333 5180.09
3.83092e+08 1.64375e+09 8.83434e+07 1.79407e+08 17 8 1.50184e+09 8.3711 162.875 4914.99
2.88259e+08 2.03261e+09 7.78355e+07 3.96656e+07 12 7 9.34026e+08 23.5475 203.714 4468.43
2.11124e+09 2.29992e+09 7.67633e+07 4.65519e+06 13 8 9.97923e+08 214.368 159.875 3829.36
8.36415e+07 7.31632e+08 8.0929e+07 1.05317e+08 13 5 1.05208e+09 9.98963 369.2 15991.6
1.95604e+09 2.08855e+09 7.84558e+07 5.7101e+06 15 7 1.17684e+09 206.097 90.8571 4183.55
2.28006e+08 1.1905e+09 8.91623e+07 1.29275e+07 16 8 1.4266e+09 110.354 154 4280.31
1.83985e+09 1.94042e+09 7.98722e+07 2.53033e+07 17 7 1.35783e+09 53.662 99.7143 4066.37
2.45704e+08 1.06706e+09 8.60224e+07 1.57784e+08 15 7 1.29034e+09 8.17787 132 3801.09
2.22092e+08 1.75462e+09 8.82535e+07 8.54418e+07 15 8 1.3238e+09 15.4936 67.875 3925.46
1.83964e+08 1.48272e+09 8.61395e+07 6.9385e+07 15 7 1.29209e+09 18.6221 207.429 5323.99
2.82625e+09 2.55365e+09 7.46899e+07 3.26876e+07 17 6 1.26973e+09 38.8444 135.5 4817.47
1.85159e+08 1.59829e+09 7.98722e+07 1.73158e+07 17 9 1.35783e+09 78.4157 196 3851.43
1.62352e+08 1.56023e+09 8.89101e+07 5.181e+07 13 5 1.15583e+09 22.309 78.8 5096.63
3.60891e+09 3.25348e+09 7.78508e+07 3.25272e+07 13 8 1.01206e+09 31.1143 276 4795.32
6.9661e+08 2.24671e+09 8.10304e+07 4.6913e+08 14 10 1.13442e+09 2.41815 323.6 3452.24
1.43335e+08 1.23958e+09 8.78967e+07 1.21714e+08 15 7 1.31845e+09 10.8323 222.857 5585.53
1.43904e+09 1.92093e+09 8.2295e+07 1.35035e+08 18 7 1.48131e+09 10.9698 200 4615.11
2.81933e+08 1.89858e+09 9.2886e+07 1.55903e+08 15 7 1.39329e+09 8.93693 164.857 5278.75
2.23008e+08 1.04556e+09 8.06424e+07 2.47732e+06 14 11 1.12899e+09 455.732 264.727 3898.35
3.51626e+08 1.47629e+09 8.93983e+07 9.04158e+07 15 7 1.34097e+09 14.8312 126.857 4322.79
1.85632e+08 1.1917e+09 8.70423e+07 8.39961e+06 13 5 1.13155e+09 134.715 42 5686.86
2.79842e+08 1.33238e+09 8.35156e+07 1.31421e+07 13 6 1.0857e+09 82.6129 140 4702.05
3.37934e+08 1.84406e+09 7.59491e+07 9.27596e+06 17 8 1.29113e+09 139.191 167.875 4225.74
1.70445e+08 1.03416e+09 7.90678e+07 4.57776e+07 14 7 1.10695e+09 24.181 161.714 5043.62
9.32635e+08 1.61535e+09 8.67882e+07 2.89169e+08 17 9 1.4754e+09 5.10221 228.889 4266.14
2.52388e+08 1.38729e+09 8.75258e+07 2.14277e+08 17 8 1.48794e+09 6.94401 199.5 4305.96
3.71093e+08 1.41214e+09 8.79267e+07 3.5979e+07 19 8 1.67061e+09 46.4329 163.875 4534.44
1.75992e+08 1.80721e+09 8.46912e+07 2.14546e+07 15 5 1.27037e+09 59.2118 62.8 5474.61
9.66735e+08 1.53558e+09 7.76593e+07 6.65564e+06 17 8 1.32021e+09 198.359 129.875 4292.92
2.98062e+09 2.44333e+09 8.45048e+07 1.161e+07 15 8 1.26757e+09 109.18 163.875 4182.89
3.75524e+08 2.00216e+09 8.10353e+07 1.34061e+08 16 6 1.29657e+09 9.67147 203.333 5531.01
2.50686e+08 7.98666e+08 8.82288e+07 6.97308e+07 16 5 1.41166e+09 20.2444 50.8 5587.74
4.28981e+08 1.36557e+09 8.94169e+07 9.31616e+07 16 6 1.43067e+09 15.3569 57.3333 5092.93
3.30562e+08 1.41682e+09 8.63898e+07 2.81589e+08 15 6 1.29585e+09 4.60191 159.5 5112.65
4.03702e+09 3.79748e+09 7.57474e+07 9.87226e+07 14 7 1.06046e+09 10.7418 221.714 4425.68
4.08177e+08 1.70345e+09 9.09957e+07 2.98457e+07 15 7 1.36494e+09 45.733 38.8571 3821.04
2.58846e+08 1.96909e+09 8.59002e+07 8.95769e+07 17 7 1.4603e+09 16.3022 85.7143 4116.29
1.64472e+08 9.09563e+08 8.70714e+07 1.15577e+08 15 8 1.30607e+09 11.3004 175.5 4225.96
2.17402e+08 2.49299e+09 8.41986e+07 7.58024e+07 12 7 1.01038e+09 13.3292 270.857 4200.7
7.23115e+08 1.93312e+09 8.19542e+07 1.47809e+08 15 9 1.22931e+09 8.31688 200.889 3514.17
2.31428e+08 1.28069e+09 8.74707e+07 1.20519e+08 15 7 1.31206e+09 10.8867 89.7143 4064.15
2.19965e+08 1.55293e+09 8.4442e+07 1.70283e+08 14 6 1.18219e+09 6.9425 159.5 5063.78
4.74615e+08 1.67142e+09 8.58062e+07 1.2043e+07 17 6 1.45871e+09 121.124 168.833 5332.95
1.30293e+08 1.94435e+09 8.40624e+07 1.82537e+07 13 8 1.09281e+09 59.868 255.5 4286.99
3.36837e+08 1.90318e+09 8.60531e+07 2.69885e+08 13 7 1.11869e+09 4.14506 295.714 4398.67
1.42659e+08 1.18887e+09 8.2662e+07 4.1862e+07 14 6 1.15727e+09 27.6448 115.333 4552.43
2.08212e+08 1.72418e+09 8.28647e+07 1.86139e+08 15 9 1.24297e+09 6.67765 160.889 3804.44
3.49318e+08 1.56401e+09 8.92929e+07 6.01408e+07 19 8 1.69657e+09 28.2099 80 4445.4
2.9954e+09 2.18086e+09 7.83866e+07 4.41044e+06 15 7 1.1758e+09 266.595 111.714 4618.13
1.00647e+09 2.3652e+09 8.36091e+07 1.35924e+08 14 8 1.17053e+09 8.61165 250 4647.87
3.07099e+08 1.37452e+09 8.76048e+07 3.2765e+08 16 7 1.40168e+09 4.27797 130 4409.13
6.63333e+07 5.45149e+08 8.46791e+07 1.11769e+07 11 9 9.3147e+08 83.339 282.889 4915.01
3.48879e+08 1.7858e+09 8.96645e+07 3.06543e+07 15 7 1.34497e+09 43.8753 189.429 6591.51
8.65592e+07 9.79837e+08 8.46725e+07 2.0107e+07 10 10 8.46725e+08 42.111 147.6 3114.43
2.03028e+08 1.3928e+09 9.23937e+07 1.16915e+08 13 7 1.20112e+09 10.2735 234.857 5180.14
1.89736e+08 2.05641e+09 8.54203e+07 7.64205e+07 13 7 1.11046e+09 14.531 137.429 4114.24
3.22633e+08 1.21754e+09 8.79493e+07 1.75063e+08 16 7 1.40719e+09 8.0382 147.714 4441.24
1.58643e+08 9.27187e+08 8.87979e+07 3.54612e+07 12 6 1.06558e+09 30.049 231.5 5982.63
2.71294e+09 2.68586e+09 7.94557e+07 5.33719e+07 14 5 1.11238e+09 20.842 256.8 5696.27
1.50398e+08 1.61369e+09 8.44569e+07 6.514e+06 15 8 1.26685e+09 194.482 96 3478.59
3.8628e+09 3.13403e+09 7.86618e+07 1.1619e+07 13 8 1.0226e+09 88.0115 283.5 4237.03
6.40567e+08 1.86627e+09 7.95386e+07 3.16147e+07 17 8 1.35216e+09 42.7698 178 4220.18
9.2022e+07 6.84516e+08 8.92857e+07 1.366e+08 14 6 1.25e+09 9.15079 360.833 7339.87
1.13492e+08 1.20351e+09 8.483e+07 3.15649e+07 14 8 1.18762e+09 37.6247 145.875 4293.04
2.08986e+08 1.18318e+09 8.24063e+07 1.87908e+07 11 5 9.0647e+08 48.24 188.8 7274.8
3.45915e+08 1.15293e+09 8.40826e+07 8.91112e+07 14 7 1.17716e+09 13.21 178.857 4792.82
1.36229e+08 9.63614e+08 8.30671e+07 1.16374e+08 15 5 1.24601e+09 10.7069 174.8 6092.81
2.48839e+08 1.35731e+09 8.55478e+07 1.13484e+08 17 6 1.45431e+09 12.8151 127.333 4970.83
4.10439e+08 1.42297e+09 8.51267e+07 3.52505e+08 14 6 1.19177e+09 3.38087 87.3333 4469.66
2.7003e+08 1.25202e+09 8.7803e+07 1.90584e+07 17 8 1.49265e+09 78.32 186.875 3874.81
1.60339e+08 1.03569e+09 8.3935e+07 2.86301e+06 15 9 1.25903e+09 439.756 234.889 3955.68
3.91235e+08 1.55718e+09 9.23976e+07 3.47031e+08 11 6 1.01637e+09 2.92877 174.833 6489.27
2.11008e+08 1.60934e+09 8.46246e+07 1.65091e+07 14 8 1.18474e+09 71.7633 270.875 4890.71
4.96408e+08 2.09379e+09 8.20737e+07 3.94376e+07 16 6 1.31318e+09 33.2976 163.5 4584.05
4.66679e+09 3.12479e+09 8.541e+07 1.27911e+08 15 7 1.28115e+09 10.0159 150 4037.73
2.04101e+08 6.12806e+08 8.65865e+07 2.08699e+07 16 8 1.38538e+09 66.3818 130.875 4056.22
1.80625e+08 9.26281e+08 8.8328e+07 2.36688e+06 15 6 1.32492e+09 559.775 193.5 5613.39
2.33337e+08 1.27622e+09 8.09555e+07 4.88037e+07 16 4 1.29529e+09 26.5407 42.75 5804.85
3.44051e+08 1.5321e+09 8.82002e+07 8.71732e+07 15 5 1.323e+09 15.1767 238.8 8104.2
5.13235e+07 6.47746e+08 8.75399e+07 1.48778e+07 12 5 1.05048e+09 70.607 513.2 19358.8
3.61983e+08 1.43131e+09 6.84239e+07 1.79003e+06 15 6 1.02636e+09 573.375 113.5 4532.51
2.86873e+09 2.01783e+09 8.51238e+07 2.62888e+07 12 6 1.02149e+09 38.8563 417.333 7896.21
4.70941e+08 1.28327e+09 7.45048e+07 6.4547e+06 10 4 7.45048e+08 115.427 374 1.4511e+06
9.60177e+07 1.15208e+09 8.75666e+07 2.48138e+07 9 7 7.88099e+08 31.7605 380 15305.3
2.51446e+08 1.34783e+09 8.03843e+07 1.45265e+07 17 8 1.36653e+09 94.0717 91.5 3778.8
3.1159e+08 1.41274e+09 8.2498e+07 1.3745e+07 16 6 1.31997e+09 96.0328 341.5 6439.34
2.44176e+08 1.62087e+09 8.72832e+07 6.47687e+07 14 8 1.22196e+09 18.8666 102.875 3838.59
2.6209e+08 1.82054e+09 8.82455e+07 2.27945e+08 12 7 1.05895e+09 4.64562 190.857 4637.53
2.38925e+08 1.89672e+09 8.48642e+07 7.48105e+07 14 5 1.1881e+09 15.8815 147.2 5621.43
5.46858e+07 1.76008e+09 8.07082e+07 4.24872e+07 15 5 1.21062e+09 28.4938 136 5211.27
4.34322e+08 1.58282e+09 8.84345e+07 2.02052e+08 15 7 1.32652e+09 6.56522 230.857 5898.49
1.87966e+08 1.91319e+09 9.06918e+07 1.02726e+08 13 6 1.17899e+09 11.4771 168 6033.16
1.48343e+08 1.84187e+09 8.62407e+07 1.78047e+07 15 7 1.29361e+09 72.6554 96 4536
2.04215e+08 2.1771e+09 7.76073e+07 7.01469e+07 14 6 1.0865e+09 15.489 351.333 5148.47
1.74192e+08 9.41867e+08 8.3552e+07 9.50622e+07 14 7 1.16973e+09 12.3049 334.857 5565.27
2.80275e+08 1.77018e+09 8.99019e+07 2.48541e+07 14 5 1.25863e+09 50.6405 69.2 5039.79
2.77888e+08 1.72957e+09 8.51552e+07 6.77453e+07 14 6 1.19217e+09 17.5979 258.833 4899.34
1.17475e+09 2.31472e+09 7.06623e+07 1.35657e+07 13 7 9.1861e+08 67.7155 262 4041.53
1.00209e+08 1.66165e+09 8.6846e+07 8.71645e+06 16 6 1.38954e+09 159.415 129.333 4808.15
1.68252e+08 1.10227e+09 8.59292e+07 1.31189e+08 12 10 1.03115e+09 7.86006 92.4 2503.72
1.25995e+08 1.1385e+09 8.20042e+07 2.69465e+07 13 4 1.06605e+09 39.5619 185 7019.2
1.30024e+08 8.48276e+08 7.60883e+07 7.93775e+07 16 8 1.21741e+09 15.337 257.875 4188.43
1.20643e+08 1.0863e+09 8.83615e+07 1.54071e+07 14 7 1.23706e+09 80.2914 149.429 4171.66
1.34496e+09 1.3124e+09 7.72035e+07 2.75651e+07 17 8 1.31246e+09 47.6132 437.875 5360.71
1.68616e+09 2.41517e+09 6.00719e+07 793933 10 9 6.00719e+08 756.637 191.556 2674.02
2.01791e+09 1.96186e+09 7.3916e+07 1.01678e+06 14 9 1.03482e+09 1017.74 406.889 4416.19
1.54469e+08 1.5734e+09 8.38611e+07 2.88245e+07 17 7 1.42564e+09 49.4593 111.429 3726.88
7.30655e+08 1.1775e+09 8.24068e+07 5.04531e+07 15 8 1.2361e+09 24.5 175.5 3590.58
3.24182e+08 1.23209e+09 8.99574e+07 1.23115e+08 15 8 1.34936e+09 10.9601 338 5374.93
4.78958e+07 8.84149e+08 8.50772e+07 3.68373e+07 12 7 1.02093e+09 27.7144 365.429 4947.8
1.46479e+09 1.92133e+09 8.28222e+07 8.95133e+07 15 8 1.24233e+09 13.8787 245.5 4450.28
2.41639e+08 1.5507e+09 8.96965e+07 3.06182e+07 14 7 1.25575e+09 41.0132 120 4536.35
2.63733e+08 1.15183e+09 8.29573e+07 1.24173e+08 16 10 1.32732e+09 10.6893 152 3061.52
8.75542e+08 1.82596e+09 8.29966e+07 7.59101e+06 17 8 1.41094e+09 185.87 138.875 4160.01
1.58768e+08 1.12911e+09 8.36446e+07 5.28121e+07 13 6 1.08738e+09 20.5896 125.5 5118.45
2.88559e+08 2.01827e+09 8.67271e+07 1.05396e+08 17 7 1.47436e+09 13.9888 158.857 4872
2.48081e+08 1.60571e+09 8.4191e+07 5.02508e+07 14 6 1.17867e+09 23.4558 179.333 5332.51
3.61559e+09 2.66209e+09 8.03286e+07 9.15936e+06 14 8 1.1246e+09 122.782 120.875 3614.47
2.96377e+08 2.17491e+09 8.50867e+07 1.67061e+07 14 9 1.19121e+09 71.3042 196.889 3620.86
9.7542e+07 1.74804e+09 8.74109e+07 6.07322e+07 13 9 1.13634e+09 18.7107 266.889 3682.09
2.26712e+08 1.91142e+09 8.09904e+07 4.29793e+07 13 6 1.05288e+09 24.4973 156.833 4523.42
3.46642e+08 1.70331e+09 8.71099e+07 1.03705e+08 13 6 1.13243e+09 10.9198 74.8333 4159.13
1.33219e+16 0 3.55504e+07 1.75451e+14 11 9 3.91054e+08 2.22885e-06 104 2885.96
1.28988e+08 8.60601e+08 8.26977e+07 5.60506e+06 16 7 1.32316e+09 236.066 228.857 4724.36
2.62583e+08 2.03337e+09 8.39172e+07 1.17337e+07 14 7 1.17484e+09 100.126 231.429 4272.44
4.30804e+08 2.30609e+09 9.19728e+07 1.39822e+08 14 7 1.28762e+09 9.20899 80 4476.12
3.13405e+08 1.47504e+09 8.82895e+07 3.69774e+07 13 5 1.14776e+09 31.0396 146.8 5554.96
1.97043e+08 1.96663e+09 8.57135e+07 2.57231e+07 15 8 1.2857e+09 49.9824 146.875 3980.13
2.07174e+08 1.29584e+09 8.03714e+07 3.13255e+07 16 7 1.28594e+09 41.0509 144 4750.44
4.51679e+08 1.71249e+09 8.95086e+07 1.02636e+08 17 6 1.52165e+09 14.8257 191.333 5961.25
2.23708e+08 1.36541e+09 9.06899e+07 1.59414e+08 16 7 1.45104e+09 9.10234 156 4556.8
1.18717e+08 7.79539e+08 9.00559e+07 4.58662e+06 12 6 1.08067e+09 235.614 617.5 19565.7
3.61097e+08 1.67108e+09 8.55243e+07 2.72056e+07 17 7 1.45391e+09 53.4417 174.857 4669.79
5.36065e+09 4.14144e+09 7.8774e+07 5.6012e+08 12 7 9.45288e+08 1.68765 220 4171.04
2.35361e+08 1.03677e+09 8.86182e+07 4.67345e+07 16 6 1.41789e+09 30.3393 110.833 4051.92
2.99662e+08 1.71687e+09 8.12174e+07 1.97336e+07 19 6 1.54313e+09 78.1983 100.833 4478.53
3.02661e+09 2.13778e+09 8.2315e+07 8.77686e+06 12 6 9.8778e+08 112.544 525.333 121336
1.02506e+09 1.52783e+09 8.24338e+07 6.20785e+07 14 7 1.15407e+09 18.5906 328 5341.06
1.72273e+09 1.81301e+09 8.21885e+07 5.65257e+06 16 8 1.31502e+09 232.64 242.875 4330.42
2.57429e+08 1.56042e+09 8.27529e+07 1.41889e+07 15 7 1.24129e+09 87.4836 340 5463.19
8.96504e+08 1.82571e+09 8.25365e+07 1.08162e+08 14 11 1.15551e+09 10.6832 178.545 2876.94
9.75091e+07 3.68933e+08 8.48616e+07 9.9646e+06 15 6 1.27292e+09 127.744 255.333 5205.46
