2.55801e+08 1.67022e+09 8.87031e+07 6.0796e+07 16 7 1.41925e+09 23.3445 148.857 4814.87
8.1531e+08 1.4573e+09 7.80102e+07 6.02678e+07 16 7 1.24816e+09 20.7103 215.714 4430.49
2.01427e+08 1.51596e+09 6.57415e+07 4.30344e+06 12 6 7.88898e+08 183.318 510 5809.11
6.02351e+08 9.97147e+08 8.51315e+07 1.24184e+08 13 7 1.10671e+09 8.91184 289.429 4898.58
3.91561e+08 1.12317e+09 7.39317e+07 5.91449e+06 16 8 1.18291e+09 200.002 242 3655.88
2.28137e+08 1.7461e+09 8.65999e+07 1.02858e+08 13 6 1.1258e+09 10.9451 148.833 5154.5
4.4806e+08 1.89385e+09 8.66754e+07 7.81485e+07 17 7 1.47348e+09 18.8549 117.714 4212.92
2.9427e+08 1.52067e+09 8.88578e+07 5.82082e+07 16 6 1.42173e+09 24.4248 133.333 5038.56
4.74294e+09 3.45557e+09 7.85315e+07 9.64008e+07 14 7 1.09944e+09 11.4049 238 4269.03
8.48899e+08 1.06419e+09 7.98769e+07 2.43355e+06 17 7 1.35791e+09 557.996 167.714 5037.62
2.62215e+09 2.49791e+09 6.21206e+07 425903 16 10 9.9393e+08 2333.7 72.4 3023.22
2.4793e+08 1.42558e+09 8.79849e+07 6.72355e+07 14 6 1.23179e+09 18.3205 183.333 5475.2
2.08255e+08 8.89616e+08 8.66241e+07 9.38461e+07 15 5 1.29936e+09 13.8457 25.2 5433.57
2.56472e+09 1.91526e+09 6.75419e+07 4.04015e+06 16 7 1.08067e+09 267.483 123.429 4650.39
1.19975e+09 2.2985e+09 7.93131e+07 1.9877e+08 13 9 1.03107e+09 5.18726 232.889 3834.47
1.77011e+09 1.8838e+09 7.86271e+07 3.96578e+06 17 8 1.33666e+09 337.049 169.5 4124.94
1.21237e+08 7.80102e+08 8.80831e+07 8.31449e+07 15 7 1.32125e+09 15.8909 196 4003.37
5.97746e+07 1.42242e+09 8.22745e+07 2.22801e+07 13 7 1.06957e+09 48.0056 168 4338.47
1.5775e+08 8.62297e+08 8.55698e+07 3.55833e+06 15 7 1.28355e+09 360.716 166 5521.03
1.56549e+08 1.4157e+09 8.15004e+07 7.10633e+07 13 5 1.0595e+09 14.9093 386.8 7157.98
2.61599e+08 2.12164e+09 8.28322e+07 1.47616e+08 17 7 1.40815e+09 9.53924 150 4802.93
7.02479e+09 6.41532e+09 7.44808e+07 5.55745e+07 18 7 1.34065e+09 24.1235 237.429 4402.19
5.39242e+08 1.60567e+09 8.02716e+07 4.89264e+07 19 8 1.52516e+09 31.1725 202.875 4770.86
2.92763e+08 1.44101e+09 8.13791e+07 8.9843e+06 15 6 1.22069e+09 135.869 220 5463.56
9.2944e+07 7.89051e+08 9.14023e+07 3.5344e+07 14 8 1.27963e+09 36.205 145.875 4149.2
5.09762e+08 1.82885e+09 8.12212e+07 1.82754e+07 18 7 1.46198e+09 79.997 82.8571 4471.49
3.13034e+08 1.36758e+09 8.99461e+07 2.25319e+07 16 6 1.43914e+09 63.8712 86.8333 5980.28
2.35089e+08 1.14734e+09 7.96575e+07 1.91837e+07 16 6 1.27452e+09 66.4376 186 5519.75
3.75155e+08 2.08251e+09 8.89936e+07 1.89979e+07 15 6 1.3349e+09 70.2657 80.8333 5336.71
2.52141e+09 2.99764e+09 8.30471e+07 3.63002e+07 12 8 9.96565e+08 27.4535 215.875 4575.87
3.49612e+09 3.13551e+09 7.98373e+07 9.73862e+06 16 8 1.2774e+09 131.168 143.5 4714.2
2.88222e+08 2.02027e+09 8.50479e+07 2.26001e+08 15 8 1.27572e+09 5.64476 43.5 4116.56
8.56368e+07 8.43382e+08 9.54763e+07 3.31895e+07 11 6 1.05024e+09 31.6437 102.833 5635.34
2.87853e+08 1.30085e+09 8.50789e+07 1.20347e+07 16 10 1.36126e+09 113.112 104.4 2985.35
7.50104e+08 1.59758e+09 8.58826e+07 7.16431e+07 16 7 1.37412e+09 19.1801 111.429 5010.42
5.44056e+08 1.60649e+09 8.993e+07 3.79551e+08 13 7 1.16909e+09 3.08019 220.857 4996.81
3.86413e+08 1.96188e+09 7.39927e+07 7.46513e+06 18 7 1.33187e+09 178.412 82 4222.39
2.91788e+08 1.30302e+09 9.24601e+07 1.75137e+08 15 8 1.3869e+09 7.91897 103.5 3886.79
4.67828e+09 3.58976e+09 6.52733e+07 2.2443e+06 18 9 1.17492e+09 523.512 222.889 3497.07
3.06439e+08 1.72442e+09 8.58811e+07 1.55062e+06 13 5 1.11645e+09 720.005 110 4977.86
3.28101e+08 1.61504e+09 9.14587e+07 2.76273e+08 16 8 1.46334e+09 5.2967 204 4815.95
6.73628e+08 1.29823e+09 7.57548e+07 8.42887e+07 20 7 1.5151e+09 17.9751 172.857 4164.37
2.16641e+08 9.74209e+08 7.74015e+07 2.24625e+07 15 7 1.16102e+09 51.6871 154.857 4075.65
1.98065e+08 1.72473e+09 7.43102e+07 4.94226e+06 11 8 8.17412e+08 165.392 148 3815.77
1.08544e+08 1.84233e+09 7.71033e+07 3.28824e+06 9 7 6.9393e+08 211.034 121.714 4887.98
4.57466e+08 1.21464e+09 8.33289e+07 2.66945e+06 18 7 1.49992e+09 561.883 167.714 4954.27
2.48201e+08 1.17514e+09 8.82055e+07 1.82909e+08 12 6 1.05847e+09 5.78686 347.5 6908.87
3.56077e+13 0 1.01491e+07 1.70819e+14 15 9 1.52236e+08 8.91217e-07 176.222 3890.6
3.03753e+08 1.82728e+09 8.45048e+07 9.85973e+06 18 6 1.52109e+09 154.273 129.5 5470.39
1.62855e+09 1.57142e+09 8.31913e+07 1.21264e+08 18 7 1.49744e+09 12.3487 228 5633.67
1.46662e+08 1.41786e+09 8.83486e+07 1.09843e+08 16 8 1.41358e+09 12.8691 270.875 5134.7
3.77651e+08 1.12551e+09 7.50349e+07 2.17049e+07 16 8 1.20056e+09 55.3129 325.5 4546.12
4.63751e+09 3.09587e+09 7.82195e+07 2.86872e+06 13 6 1.01685e+09 354.463 196.833 6803.04
1.78295e+09 1.54153e+09 8.3525e+07 4.47742e+07 15 7 1.25288e+09 27.9821 235.714 5486.66
3.74569e+09 2.7101e+09 8.58955e+07 8.85117e+07 17 7 1.46022e+09 16.4975 125.714 5124.34
1.96514e+08 1.13449e+09 8.59904e+07 3.25011e+07 15 9 1.28986e+09 39.6866 170 3548.84
3.34968e+08 1.29555e+09 8.74789e+07 2.34658e+08 17 8 1.48714e+09 6.33749 168 3912.61
8.05421e+07 1.2659e+09 7.66589e+07 1.00399e+07 13 7 9.96565e+08 99.2605 179.429 4581.07
2.74813e+08 1.88531e+09 8.66294e+07 1.66992e+08 15 6 1.29944e+09 7.78147 158.833 4789.66
4.06495e+08 2.38429e+09 8.03514e+07 1.70769e+07 14 6 1.12492e+09 65.8739 127.333 4756.28
2.46269e+08 1.2479e+09 8.02228e+07 1.23553e+07 18 7 1.44401e+09 116.874 69.4286 4318.33
2.91208e+08 1.22037e+09 8.84232e+07 1.31783e+08 17 6 1.50319e+09 11.4066 53.3333 4487.36
2.68525e+08 1.16423e+09 9.20312e+07 1.98432e+08 13 8 1.19641e+09 6.0293 305.875 5478.32
4.81599e+07 8.51702e+08 8.21326e+07 1.23615e+06 10 10 8.21326e+08 664.42 238 3471.5
3.35726e+08 1.06902e+09 8.57029e+07 1.35361e+07 18 7 1.54265e+09 113.966 111.714 4332.98
3.35416e+08 1.43306e+09 8.59143e+07 4.01704e+07 17 7 1.46054e+09 36.3587 183.714 4936.17
1.57158e+09 1.71508e+09 8.33217e+07 5.16678e+07 16 6 1.33315e+09 25.8023 112 4656.96
1.26914e+08 9.65419e+08 8.04095e+07 5.14885e+07 11 7 8.84505e+08 17.1787 127.714 3129.21
4.39666e+09 3.07991e+09 6.3583e+07 5.22553e+06 17 10 1.08091e+09 206.852 146.4 3295.05
5.90836e+08 1.19991e+09 8.0462e+07 4.84488e+07 13 7 1.04601e+09 21.5899 297.714 6232.97
1.51515e+08 1.35714e+09 8.57217e+07 4.44685e+07 17 8 1.45727e+09 32.7708 229.5 4432.8
1.49743e+08 2.05255e+09 8.38658e+07 1.55288e+07 12 10 1.00639e+09 64.8082 217.6 3284.93
6.80617e+08 1.79039e+09 7.03624e+07 9.3715e+06 16 7 1.1258e+09 120.13 295.714 4479.01
3.61622e+08 1.56619e+09 8.72382e+07 1.08581e+08 18 7 1.57029e+09 14.4619 184 4235.75
2.73988e+08 2.85367e+09 7.52929e+07 1.06211e+07 15 7 1.12939e+09 106.334 225.429 4487.08
1.56588e+09 1.26172e+09 7.90788e+07 1.40179e+08 15 6 1.18618e+09 8.46192 315.5 5017.68
1.13741e+10 6.53639e+09 7.73695e+07 3.01026e+08 12 6 9.28435e+08 3.08424 100 4009.9
8.18864e+08 1.59605e+09 8.34864e+07 1.0258e+08 12 7 1.00184e+09 9.76638 226.857 4312
1.64906e+09 1.88352e+09 8.25308e+07 5.40498e+07 14 8 1.15543e+09 21.3772 172 3732.02
3.38393e+08 1.37738e+09 8.7279e+07 4.01047e+06 15 5 1.30919e+09 326.442 39.2 5436.35
1.72715e+08 1.28758e+09 9.33174e+07 1.25773e+08 12 6 1.11981e+09 8.90339 364.833 8489.97
4.58024e+09 3.28549e+09 8.46522e+07 3.6417e+06 13 7 1.10048e+09 302.188 109.714 4099.75
1.2747e+09 2.30571e+09 8.35292e+07 1.19691e+08 14 7 1.16941e+09 9.7702 195.429 4351.92
2.82226e+08 1.50434e+09 7.32428e+07 7.72148e+06 16 6 1.17188e+09 151.769 89.3333 4285.78
1.83137e+09 1.96255e+09 7.69678e+07 2.25791e+06 11 6 8.46645e+08 374.968 303.333 15404.9
3.19259e+08 1.91188e+09 7.35281e+07 1.39168e+07 14 5 1.02939e+09 73.9676 376.8 17175.4
4.07573e+08 2.00136e+09 7.74068e+07 4.67462e+07 15 6 1.1611e+09 24.8384 216.833 4849.12
1.91928e+08 1.64118e+09 8.00319e+07 8.09307e+07 14 9 1.12045e+09 13.8445 162.222 2929.06
1.63182e+08 1.23038e+09 8.47615e+07 6.47558e+07 14 9 1.18666e+09 18.3252 110.222 3413.71
1.72823e+08 1.58026e+09 8.19912e+07 6.22342e+06 17 7 1.39385e+09 223.969 158.857 4959.92
2.50285e+09 2.57305e+09 7.74989e+07 2.61862e+07 14 9 1.08498e+09 41.4334 126.222 3037.62
3.40613e+08 2.08976e+09 8.47914e+07 3.33957e+07 17 7 1.44145e+09 43.1629 126 4914.11
5.53284e+09 3.44272e+09 7.11961e+07 1.24164e+07 16 8 1.13914e+09 91.7442 259.875 4188.9
2.8506e+08 1.89749e+09 7.9345e+07 2.14154e+08 10 3 7.9345e+08 3.70505 28.6667 15813.6
2.29997e+08 2.01049e+09 6.96977e+07 5.35144e+06 13 5 9.0607e+08 169.313 98 4589.76
8.92739e+08 1.77253e+09 8.36362e+07 7.03608e+07 16 6 1.33818e+09 19.0188 153.333 4670.23
7.55809e+08 1.45342e+09 8.20898e+07 1.58862e+06 17 8 1.39553e+09 878.45 253.875 4245.56
2.85656e+09 3.03667e+09 8.65815e+07 9.33357e+06 14 8 1.21214e+09 129.869 87.875 3749.13
1.46366e+08 1.37338e+09 9.22025e+07 2.23441e+08 8 6 7.3762e+08 3.30119 234.833 14145.4
1.39491e+08 1.75066e+09 8.47735e+07 7.05263e+07 11 6 9.32508e+08 13.2221 130 4615.33
1.86825e+09 2.53055e+09 7.27267e+07 75180.6 13 6 9.45447e+08 12575.7 55.3333 3242.43
1.80886e+08 5.15922e+08 7.52077e+07 2.19909e+07 15 5 1.12812e+09 51.2991 281.2 6360.38
2.36077e+09 3.02592e+09 8.09847e+07 2.38954e+08 14 7 1.13379e+09 4.74478 115.714 3732.46
1.53776e+08 1.34853e+09 7.64001e+07 2.32289e+07 17 8 1.2988e+09 55.9131 61.875 2787.57
1.66845e+08 9.22536e+08 7.52023e+07 7.59516e+06 15 9 1.12804e+09 148.52 146 3435.04
3.47037e+07 1.25746e+09 8.04129e+07 9.92536e+06 13 6 1.04537e+09 105.323 221.333 4766.11
2.97688e+08 1.25488e+09 8.18424e+07 2.9854e+06 15 7 1.22764e+09 411.213 127.429 4313.19
1.93337e+08 1.45296e+09 9.1157e+07 1.01489e+08 14 7 1.2762e+09 12.5747 142.857 4576.79
1.66462e+08 1.99508e+09 7.811e+07 4.94519e+07 16 6 1.24976e+09 25.2723 123.333 5141.24
3.08366e+09 2.87294e+09 7.73269e+07 1.7327e+08 15 6 1.1599e+09 6.69418 187.333 4845.1
2.78238e+08 1.30744e+09 8.30458e+07 8.40014e+07 15 7 1.24569e+09 14.8294 124.857 3661.58
5.51438e+08 1.07904e+09 8.20288e+07 4.85437e+06 15 10 1.23043e+09 253.469 95.6 2987.94
3.74865e+09 2.37578e+09 7.45037e+07 3634.86 14 6 1.04305e+09 286957 176.833 4698.55
9.38611e+07 1.06424e+09 7.50266e+07 4.48994e+07 12 7 9.00319e+08 20.0519 175.429 4251.84
2.16609e+08 1.11628e+09 8.67583e+07 2.90466e+07 14 6 1.21462e+09 41.8161 158.833 5508.93
4.51231e+08 1.698e+09 8.54727e+07 4.72012e+07 17 7 1.45304e+09 30.7839 182 4784.16
1.77893e+08 1.11528e+09 7.81899e+07 1.02371e+07 16 6 1.25104e+09 122.206 63.3333 3690.84
4.4599e+08 1.50076e+09 8.56922e+07 4.58144e+07 15 10 1.28538e+09 28.0563 265.6 3758.13
7.75447e+07 4.84958e+08 8.72819e+07 5.15344e+07 13 5 1.13466e+09 22.0176 511.2 10129.2
1.39304e+08 1.62903e+09 7.8155e+07 8.07675e+06 16 7 1.25048e+09 154.825 67.4286 3875.14
4.88356e+08 1.5558e+09 8.46129e+07 3.32601e+07 17 8 1.43842e+09 43.2476 143.5 4258.54
7.58883e+08 1.065e+09 8.04199e+07 2.56744e+07 14 6 1.12588e+09 43.8522 350.833 15528.4
9.15215e+08 1.59889e+09 7.51757e+07 2.03262e+07 15 7 1.12764e+09 55.4771 231.714 4265.51
6.87471e+08 1.34494e+09 7.57987e+07 5.38355e+06 19 8 1.44018e+09 267.514 213.875 3950.29
5.98322e+08 1.13488e+09 8.35134e+07 3.48672e+07 17 7 1.41973e+09 40.7181 204.857 4502.37
8.31524e+08 1.70934e+09 8.54792e+07 2.40247e+07 10 7 8.54792e+08 35.5797 243.714 4411.09
3.12339e+09 3.24487e+09 7.3464e+07 8.28963e+07 13 8 9.55032e+08 11.5208 266 4360.17
2.10874e+08 1.2192e+09 8.62049e+07 1.06475e+08 14 5 1.20687e+09 11.3348 274 8249.44
3.83585e+08 1.9468e+09 8.24966e+07 1.99537e+08 14 6 1.15495e+09 5.78815 187.333 4727.03
6.96685e+07 7.82928e+08 8.97098e+07 1.87093e+07 12 8 1.07652e+09 57.5391 215.5 3382.91
6.42783e+07 2.38391e+09 7.16304e+07 1.93691e+07 16 7 1.14609e+09 59.1708 201.429 4424.18
1.7792e+08 9.29392e+08 8.10437e+07 2.03568e+08 12 7 9.72524e+08 4.77739 161.429 4602.15
2.33725e+08 1.3619e+09 9.06976e+07 1.37305e+08 15 6 1.36046e+09 9.90831 154 4981.01
1.82641e+08 1.41597e+09 8.62354e+07 2.51791e+07 15 8 1.29353e+09 51.3731 253.875 4240.77
2.28018e+08 1.74147e+09 8.82303e+07 2.10519e+08 14 6 1.23522e+09 5.86752 260 4420.42
3.17611e+08 1.76044e+09 8.44907e+07 6.18847e+07 17 6 1.43634e+09 23.21 218.833 4891.82
1.71782e+08 1.25765e+09 8.31235e+07 1.00688e+08 17 6 1.4131e+09 14.0344 121.333 4881.99
1.70384e+08 1.04615e+09 8.64046e+07 6.18574e+07 14 8 1.20966e+09 19.5557 96 3787.39
3.4094e+08 1.86681e+09 8.43201e+07 9.01137e+07 16 8 1.34912e+09 14.9713 123.5 3533.86
1.37714e+08 7.19906e+08 9.14392e+07 1.02244e+08 11 7 1.00583e+09 9.83758 315.714 5643.71
1.10581e+08 1.69871e+09 7.72417e+07 4.23292e+06 15 7 1.15863e+09 273.718 118.857 3814.73
7.83183e+08 2.02588e+09 8.67465e+07 4.04598e+07 15 9 1.3012e+09 32.1603 134.889 3433.09
1.94049e+08 1.94932e+09 8.39685e+07 1.3963e+08 14 8 1.17556e+09 8.41908 198 3717.11
2.22292e+08 2.0871e+09 8.64217e+07 1.55146e+08 16 6 1.38275e+09 8.91256 69.3333 4291.38
1.80895e+08 9.89274e+08 8.46699e+07 4.66349e+07 15 5 1.27005e+09 27.2339 224 6071.88
1.89134e+08 1.21894e+09 9.16983e+07 1.7329e+08 16 7 1.46717e+09 8.46657 276.857 5712.55
1.73079e+08 2.35965e+09 8.19301e+07 1.5082e+07 17 6 1.39281e+09 92.349 103.5 4853.7
1.95964e+08 1.39198e+09 8.72684e+07 3.71921e+07 15 6 1.30903e+09 35.1963 65.3333 3908.02
5.1964e+09 3.86904e+09 7.97125e+07 8.9794e+07 16 6 1.2754e+09 14.2036 140 4598.48
2.72997e+08 1.63899e+09 8.93823e+07 3.0648e+07 15 8 1.34073e+09 43.7462 175.875 3962.73
9.43061e+07 1.0243e+09 8.69922e+07 2.52597e+06 14 8 1.21789e+09 482.148 343.5 4381.3
4.54733e+08 3.77193e+09 7.73784e+07 1.11206e+07 18 6 1.39281e+09 125.246 53.3333 4946.18
1.87387e+08 2.04201e+09 8.39948e+07 7.48107e+07 13 7 1.09193e+09 14.5959 242.857 4432.98
2.16192e+08 1.59612e+09 8.40362e+07 7.83013e+06 15 7 1.26054e+09 160.986 136.857 3914.13
2.79388e+08 1.46203e+09 9.11285e+07 1.70438e+08 14 6 1.2758e+09 7.48539 84.8333 3985.11
1.48289e+08 1.1775e+09 8.87565e+07 6.72188e+07 13 9 1.15383e+09 17.1653 261.556 3585.77
2.37683e+08 9.45591e+08 8.74416e+07 1.37366e+08 13 4 1.13674e+09 8.2753 74.75 5500.59
2.41884e+09 2.20141e+09 8.42309e+07 3.62583e+07 14 6 1.17923e+09 32.5231 206.833 4786.02
2.22763e+07 1.09388e+09 8.71805e+07 1.9488e+07 12 7 1.04617e+09 53.6827 333.714 4995.96
5.38422e+08 1.82503e+09 8.51837e+07 1.80423e+08 18 6 1.53331e+09 8.4984 94.8333 4816.43
2.36323e+08 2.01787e+09 8.03088e+07 2.05483e+07 15 7 1.20463e+09 58.6244 185.714 3974.23
1.74458e+08 1.47527e+09 8.97497e+07 7.33414e+07 15 9 1.34625e+09 18.3559 166.222 3421.86
2.6303e+08 8.57576e+08 8.75399e+07 1.33734e+08 19 7 1.66326e+09 12.437 178.857 4849.7
2.0946e+08 9.44331e+08 8.49627e+07 4.94606e+07 15 7 1.27444e+09 25.7668 211.429 4801.17
3.00766e+08 1.03967e+09 8.50905e+07 7.7668e+07 15 4 1.27636e+09 16.4335 100 5491.33
2.71356e+09 2.51255e+09 8.37232e+07 3.0118e+07 14 8 1.17212e+09 38.9177 118 3628.45
1.85041e+09 2.02794e+09 8.02556e+07 1.67852e+07 15 8 1.20383e+09 71.7201 191.875 3666.21
3.50012e+08 1.18318e+09 8.29214e+07 8.2303e+06 17 6 1.40966e+09 171.277 80 4090.78
1.94719e+09 2.70426e+09 7.84272e+07 1.19096e+07 11 9 8.627e+08 72.4371 148.222 3169.41
1.16675e+08 9.57437e+08 8.58413e+07 2.78795e+07 15 6 1.28762e+09 46.1852 177.333 5244.9
1.50996e+08 1.36859e+09 8.88711e+07 2.4124e+07 15 8 1.33307e+09 55.259 111.875 3461.62
2.92016e+18 0 7.64164e+07 6.59728e+16 15 7 1.14625e+09 1.73745e-08 227.429 4566.83
1.28351e+08 2.02065e+09 8.9029e+07 1.16109e+07 14 6 1.24641e+09 107.348 217.333 5718.82
2.14086e+08 1.01903e+09 7.03674e+07 5.21062e+06 14 6 9.85144e+08 189.065 465.5 5112.19
3.49824e+08 1.70567e+09 8.98013e+07 7.34744e+07 16 6 1.43682e+09 19.5554 173.5 5551.66
1.34997e+08 6.6571e+08 8.07258e+07 1.98537e+06 16 7 1.29161e+09 650.564 394.857 5665.21
3.13541e+09 2.64911e+09 8.52293e+07 2.36866e+08 14 6 1.19321e+09 5.0375 120 4477.28
1.21685e+09 2.40954e+09 7.68371e+07 2.8735e+08 14 8 1.07572e+09 3.74359 343.5 12468.2
4.7375e+08 2.37518e+09 8.71453e+07 2.10959e+08 17 8 1.48147e+09 7.02256 89.5 4195.5
8.95027e+08 1.26323e+09 7.45353e+07 3.06042e+06 11 7 8.19888e+08 267.9 305.714 4376.43
1.00517e+09 1.4766e+09 7.78222e+07 4.83692e+06 18 8 1.4008e+09 289.605 45.5 3252.09
3.21006e+08 1.91809e+09 8.96166e+07 2.19496e+08 15 7 1.34425e+09 6.12427 151.429 4955.26
5.10829e+07 6.67663e+08 8.10921e+07 4.50252e+06 11 8 8.92013e+08 198.114 167.875 3086.78
1.01674e+09 1.52448e+09 7.75692e+07 2.30817e+07 12 5 9.30831e+08 40.3277 368.8 6079.56
6.86836e+08 1.20251e+09 8.33067e+07 8.61374e+07 14 6 1.16629e+09 13.5399 286.833 5795.21
4.31606e+08 1.01052e+09 8.14803e+07 1.43405e+08 15 8 1.2222e+09 8.52277 123.875 3462.69
2.85404e+08 2.32112e+09 9.08347e+07 1.19016e+08 12 6 1.09002e+09 9.15856 218.833 5865.05
1.09975e+09 1.69576e+09 8.25146e+07 1.3282e+07 12 8 9.90176e+08 74.5501 189.875 3528.48
2.37351e+08 7.84499e+08 8.03914e+07 3.02047e+07 12 5 9.64696e+08 31.9387 225.2 5391.2
2.09784e+08 1.12271e+09 8.52659e+07 2.77763e+07 17 8 1.44952e+09 52.1856 159.875 4271.27
1.81089e+08 8.20835e+08 8.49894e+07 9.35467e+06 15 5 1.27484e+09 136.278 218.8 5950.39
3.68914e+08 1.32704e+09 8.68921e+07 1.34794e+08 18 7 1.56406e+09 11.6033 113.429 4216.03
2.0336e+09 2.38245e+09 7.88871e+07 6.89926e+06 15 6 1.18331e+09 171.512 209.333 4987.17
9.76614e+08 1.17964e+09 8.39324e+07 5.42888e+07 12 8 1.00719e+09 18.5524 166.875 3642.43
6.73771e+08 6.214e+08 7.15427e+07 7.00917e+06 14 7 1.0016e+09 142.898 372.857 4677.38
1.73929e+08 1.0919e+09 8.19735e+07 2.24084e+06 13 7 1.06565e+09 475.56 494.857 7601.23
2.62513e+08 1.65699e+09 8.3915e+07 6.43873e+06 13 5 1.09089e+09 169.427 143.2 4950.99
2.55136e+08 2.09401e+09 9.06849e+07 9.39552e+07 16 6 1.45096e+09 15.4431 102.833 5027.57
8.22026e+08 1.75475e+09 7.79224e+07 1.33289e+08 17 7 1.32468e+09 9.93844 211.714 4338.09
3.36944e+08 2.30211e+09 8.1874e+07 1.22573e+07 16 7 1.30998e+09 106.874 60.8571 4183.7
3.42234e+08 1.73417e+09 8.47494e+07 4.01018e+07 16 7 1.35599e+09 33.8137 156.857 3693.45
3.32228e+08 2.26445e+09 8.78779e+07 4.00708e+06 13 6 1.14241e+09 285.098 70.8333 5342.95
2.62539e+09 3.09375e+09 5.22364e+07 7.34205e+06 12 8 6.26837e+08 85.3764 375.875 4600.42
2.30049e+08 1.82903e+09 8.34824e+07 6.23895e+06 15 6 1.25224e+09 200.713 173.333 4807.4
4.37977e+09 3.85011e+09 8.99028e+07 1.09044e+08 12 7 1.07883e+09 9.89355 78 4022.79
3.76143e+08 1.75944e+09 8.96737e+07 1.84136e+08 14 5 1.25543e+09 6.81796 49.2 5547.7
1.79144e+08 9.57494e+08 8.87333e+07 8.76023e+07 17 6 1.50847e+09 17.2195 187.333 5166.89
2.34966e+08 1.53952e+09 8.63219e+07 1.3156e+08 12 5 1.03586e+09 7.87368 192.8 117875
2.56304e+09 2.05011e+09 8.44072e+07 1.65755e+08 18 8 1.51933e+09 9.1661 113.875 3896.42
1.59163e+08 1.21273e+09 8.99361e+07 5.7417e+07 13 6 1.16917e+09 20.3628 177.333 4967.11
9.54851e+08 1.9935e+09 7.64696e+07 2.00683e+08 15 5 1.14704e+09 5.7157 186 4621.69
9.29831e+07 1.56255e+09 8.3176e+07 4.31228e+06 11 5 9.14936e+08 212.17 154.8 4514.1
3.0075e+08 2.28568e+09 7.84674e+07 4.04333e+07 17 7 1.33395e+09 32.9913 249.429 4468.66
1.57644e+08 8.40147e+08 8.79516e+07 1.00186e+08 13 5 1.14337e+09 11.4125 246.8 7687.81
2.03811e+08 1.30707e+09 8.90803e+07 2.19212e+08 14 9 1.24712e+09 5.68912 233.556 3826.09
1.86778e+08 1.06968e+09 8.67961e+07 7.22576e+07 16 7 1.38874e+09 19.2193 267.429 5190.82
2.12615e+08 7.07201e+08 8.89899e+07 2.8035e+07 13 5 1.15687e+09 41.2652 106.8 5346.69
1.41378e+08 1.43963e+09 8.68138e+07 3.17671e+07 11 6 9.54952e+08 30.0611 313.5 2.017e+07
3.94819e+08 1.77759e+09 9.11129e+07 1.91907e+08 15 7 1.36669e+09 7.12165 78.8571 4156.66
1.41207e+08 1.39077e+09 8.76997e+07 5.90853e+07 14 8 1.2278e+09 20.7801 115.5 3571.87
