144332 4.91978e+07 5.27423e+07 721661 3 5 1.58227e+08 219.254 105.2 4218.53
0 0 0 0 0 0 0 0 0 0
1.09177e+18 0 2.1885e+07 6.55064e+18 1 6 2.1885e+07 3.34089e-12 200 5370.68
5474.03 38318.2 2.5e+07 38318.2 1 7 2.5e+07 652.432 273.429 4199.5
91675.3 1.68287e+08 5.07455e+07 218235 3 7 1.52236e+08 697.581 263.714 3739.61
0 0 0 0 0 0 0 0 0 0
7.15068e+11 0 1.25e+07 5.72054e+12 2 8 2.5e+07 4.37021e-06 83.5 2615.97
0 0 0 0 0 0 0 0 0 0
0 0 0 0 0 0 0 0 0 0
0 0 0 0 0 0 0 0 0 0
7.60183e+11 0 2.5e+07 6.08147e+12 1 8 2.5e+07 4.11085e-06 175.875 3648.66
7.20048e+13 0 3.90043e+07 1.13456e+14 6 6 2.34026e+08 2.0627e-06 138.833 4189.8
1.02589e+18 0 2.37753e+07 3.09499e+13 3 8 7.13259e+07 2.30456e-06 140 3539.95
1.00184e+08 3.34108e+08 3.2295e+07 25460.9 3 10 9.6885e+07 3805.25 198.1 2431.57
5.17063e+12 0 6.25e+06 3.10238e+13 4 6 2.5e+07 8.05834e-07 327.333 5516.81
0 0 0 0 0 0 0 0 0 0
5868.29 52814.6 2.5e+07 52814.6 1 9 2.5e+07 473.354 163.556 2485.07
0 0 0 0 0 0 0 0 0 0
1.91409e+09 1.53127e+10 2.13259e+07 1.53127e+10 1 8 2.13259e+07 0.00139269 75.875 3276.29
0 0 0 0 0 0 0 0 0 0
1.58473e+06 5.968e+07 4.51944e+07 241480 6 6 2.71166e+08 1122.94 163.333 3969.29
361728 1.54055e+08 7.3738e+07 1.09827e+06 5 6 3.6869e+08 335.7 188.833 4082.03
16688.8 285892 3e+07 20664.4 5 7 1.5e+08 7258.87 284.857 3787.39
39130.5 176087 2.5e+07 138898 2 9 5e+07 359.976 66.2222 1957.51
0 0 0 0 0 0 0 0 0 0
0 0 0 0 0 0 0 0 0 0
0 0 0 0 0 0 0 0 0 0
0 0 0 0 0 0 0 0 0 0
7957.29 165257 3.75e+07 55701 2 7 7.5e+07 1346.47 68.8571 3060.94
0 0 0 0 0 0 0 0 0 0
5457.42 92605.4 2.5e+07 38201.9 2 7 5e+07 1308.83 102.857 3510.53
1.16952e+12 0 2.5e+07 8.18665e+12 1 7 2.5e+07 3.05375e-06 141.429 3788.89
2.15939e+13 0 1.25e+07 1.51157e+14 2 7 2.5e+07 1.65391e-07 373.714 4016.63
5.55298e+08 1.84911e+09 6.33387e+07 8.8173e+08 5 5 3.16693e+08 0.359173 354.8 5466.87
3.97119e+12 0 1.25e+07 3.17695e+13 2 8 2.5e+07 7.86919e-07 164 3613.64
2924.57 113311 3.75e+07 23396.6 2 8 7.5e+07 3205.6 67.5 3032.68
0 0 0 0 0 0 0 0 0 0
352969 1.4697e+08 6.53155e+07 1.19837e+06 4 7 2.61262e+08 218.015 173.714 3817.46
7.93704e+11 0 8.33333e+06 7.14333e+12 3 9 2.5e+07 3.49977e-06 116.889 2586.8
0 0 0 0 0 0 0 0 0 0
336847 2.20687e+08 6.68131e+07 2.35793e+06 2 7 1.33626e+08 56.671 174.857 3109.61
2035.11 126316 2.5e+07 14245.8 2 7 5e+07 3509.81 61.4286 3146.34
1.17313e+09 9.38501e+09 2.0607e+07 9.38501e+09 1 8 2.0607e+07 0.00219574 167.875 3202.78
0 0 0 0 0 0 0 0 0 0
0 0 0 0 0 0 0 0 0 0
362486 1.63993e+08 5.30085e+07 1.00544e+06 3 6 1.59026e+08 158.165 154 4846.36
3036.46 198061 3.75e+07 21255.2 2 7 7.5e+07 3528.54 317.429 4030.05
42839.6 299877 2.5e+07 299877 1 7 2.5e+07 83.3675 82.8571 3258.59
37732.4 271777 2.5e+07 264127 2 7 5e+07 189.303 101.714 3662.68
2.01053e+07 9.43022e+08 8.34265e+07 1.20632e+08 2 6 1.66853e+08 1.38316 305.333 4946.17
27365 1.04239e+08 6.58147e+07 191555 2 7 1.31629e+08 687.162 178 3456.91
120154 6.42427e+07 5.10117e+07 335136 3 6 1.53035e+08 456.636 94.8333 3715.14
51894.1 7.55067e+07 6.60144e+07 415153 2 8 1.32029e+08 318.025 156 3144.76
0 0 0 0 0 0 0 0 0 0
0 0 0 0 0 0 0 0 0 0
0 0 0 0 0 0 0 0 0 0
3.25147e+18 0 5.01864e+07 3.9123e+14 3 6 1.50559e+08 3.84835e-07 81.5 2809.88
7.50851e+12 0 2.5e+07 6.75766e+13 1 9 2.5e+07 3.6995e-07 84.2222 2730.56
0 0 0 0 0 0 0 0 0 0
5.91769e+08 5.32592e+09 2.1246e+07 5.32592e+09 1 9 2.1246e+07 0.00398917 142.222 2685.69
6.38361e+11 0 8.33333e+06 5.74525e+12 3 9 2.5e+07 4.35142e-06 101.556 2837.41
1.84903e+08 1.30771e+09 7.29633e+07 664724 10 4 7.29633e+08 1097.65 49 4354.59
0 0 0 0 0 0 0 0 0 0
0 0 0 0 0 0 0 0 0 0
0 0 0 0 0 0 0 0 0 0
2.09369e+07 4.83958e+08 6.21605e+07 835777 4 6 2.48642e+08 297.498 96.8333 3279.01
152717 3.37037e+08 6.86102e+07 610867 2 4 1.3722e+08 224.632 24.75 4416.06
1.63168e+18 0 2.18051e+07 1.46852e+19 1 9 2.18051e+07 1.48484e-12 258.222 3634.63
3903.1 39031 2.5e+07 39031 1 10 2.5e+07 640.516 193.6 2681.99
0 0 0 0 0 0 0 0 0 0
0 0 0 0 0 0 0 0 0 0
2.83801e+11 0 1.25e+07 2.55421e+12 2 9 2.5e+07 9.78777e-06 131.556 2918.64
0 0 0 0 0 0 0 0 0 0
51368.7 1.75007e+07 4.1885e+07 7450.28 5 6 2.09425e+08 28109.7 113.333 3721.56
0 0 0 0 0 0 0 0 0 0
0 0 0 0 0 0 0 0 0 0
0 0 0 0 0 0 0 0 0 0
0 0 0 0 0 0 0 0 0 0
4.55506e+12 0 2.5e+07 2.73303e+13 1 6 2.5e+07 9.14735e-07 200.833 3736.91
2.90668e+13 0 1.25e+07 2.61601e+14 2 9 2.5e+07 9.55653e-08 128.889 3057.93
19349.8 2.48037e+07 4.16454e+07 57581.5 5 6 2.08227e+08 3616.21 226.833 3543.62
15583.2 130859 2.5e+07 124665 3 8 7.5e+07 601.61 96.875 3046.17
136201 6.02081e+08 6.23403e+07 158101 4 7 2.49361e+08 1577.22 125.714 3021.91
0 0 0 0 0 0 0 0 0 0
0 0 0 0 0 0 0 0 0 0
33958.2 165005 4e+07 136800 5 12 2e+08 1461.98 145.667 2234.89
0 0 0 0 0 0 0 0 0 0
8.75864e+11 0 2.5e+07 5.25518e+12 1 6 2.5e+07 4.75721e-06 230 4481.08
344613 893220 5.07588e+07 422600 4 6 2.03035e+08 480.443 72.8333 3900.77
36776.8 201469 3.125e+07 147498 4 8 1.25e+08 847.466 172.875 2848.68
0 0 0 0 0 0 0 0 0 0
2586.98 23282.9 2.5e+07 23282.9 1 9 2.5e+07 1073.75 130.222 2702.9
99705.3 5.33551e+07 5.20567e+07 362520 4 6 2.08227e+08 574.387 235.5 3598.42
0 0 0 0 0 0 0 0 0 0
17672.7 196071 3.75e+07 106036 2 6 7.5e+07 707.307 126 3563.46
7471.21 74712.1 2.5e+07 74712.1 1 10 2.5e+07 334.618 202.5 2612.56
22810.5 186425 3.75e+07 159674 2 7 7.5e+07 469.708 161.714 4056.95
16160.2 6.42285e+07 6.60144e+07 80800.9 2 5 1.32029e+08 1634 81.2 4028.46
9548.37 1.5434e+06 6.46166e+07 66838.6 2 7 1.29233e+08 1933.51 197.714 3615.12
93538.5 4.58104e+07 6.68131e+07 748308 2 8 1.33626e+08 178.571 127.5 3448.63
3.96704e+07 2.63828e+08 8.6242e+07 6.40257e+07 4 5 3.44968e+08 5.38796 36.8 3985.93
0 0 0 0 0 0 0 0 0 0
0 0 0 0 0 0 0 0 0 0
1.06105e+08 1.27649e+09 8.58626e+07 5.30526e+08 2 5 1.71725e+08 0.323689 127.2 4111.25
0 0 0 0 0 0 0 0 0 0
0 0 0 0 0 0 0 0 0 0
34912.9 113205 2.91667e+07 84105.5 6 8 1.75e+08 2080.72 183.5 3427.64
0 0 0 0 0 0 0 0 0 0
11419.9 150502 2.5e+07 102779 2 9 5e+07 486.479 130 2877.61
5.9675e+12 0 2.5e+07 5.37075e+13 1 9 2.5e+07 4.65484e-07 214 2885.82
65416.5 523332 2.5e+07 523332 1 8 2.5e+07 47.7708 237.875 2976.57
2.49613e+12 0 2.5e+07 1.74729e+13 1 7 2.5e+07 1.43079e-06 158.857 3137.65
0 0 0 0 0 0 0 0 0 0
0 0 0 0 0 0 0 0 0 0
318331 2.26184e+08 6.66134e+07 1.90999e+06 2 6 1.33227e+08 69.7528 233.333 4574.82
1.98013e+08 1.34904e+09 8.36661e+07 9.90063e+08 2 5 1.67332e+08 0.169012 66.8 4389.29
3.77399e+12 0 8.33333e+06 2.26439e+13 3 6 2.5e+07 1.10405e-06 139.333 3161.41
6.53599e+06 1.42467e+07 1.04297e+08 1.21982e+08 5 6 5.21486e+08 4.27509 143.5 4345.1
0 0 0 0 0 0 0 0 0 0
9.97109e+12 0 2.5e+07 7.97688e+13 1 8 2.5e+07 3.13406e-07 91.5 3532.8
4.16502e+18 0 2.16454e+07 2.91551e+19 1 7 2.16454e+07 7.4242e-13 75.7143 3221.26
17434.4 1.15301e+08 6.44169e+07 122041 2 7 1.28834e+08 1055.66 212.857 3435.98
2.17029e+12 0 8.33333e+06 1.73623e+13 3 8 2.5e+07 1.4399e-06 138.875 2821
146545 512907 2.5e+07 107172 2 7 5e+07 466.54 208 3298
37777.6 264443 2.5e+07 264443 1 7 2.5e+07 94.5383 225.714 4084.83
5.50094e+07 4.27459e+08 8.35863e+07 4.40075e+08 2 8 1.67173e+08 0.379872 149.5 2872.55
0 0 0 0 0 0 0 0 0 0
6.61488e+07 2.68378e+09 8.60224e+07 5.9534e+08 2 9 1.72045e+08 0.288986 199.556 3034.21
0 0 0 0 0 0 0 0 0 0
22175.6 210246 3.75e+07 155229 2 7 7.5e+07 483.157 116 3528.14
2.15069e+16 0 5.10456e+07 1.20109e+14 11 7 5.61502e+08 4.67492e-06 111.714 3426.78
0 0 0 0 0 0 0 0 0 0
0 0 0 0 0 0 0 0 0 0
2.21356e+09 4.62471e+09 4.59665e+07 916140 4 8 1.83866e+08 200.696 220 3218.04
2.36092e+18 0 6.49894e+07 3.20409e+17 3 6 1.94968e+08 6.08498e-10 227.333 3702.79
39319.1 2.87853e+08 6.72125e+07 235915 2 6 1.34425e+08 569.803 88 3802.98
12097.3 73212.3 2.5e+07 72583.5 2 6 5e+07 688.861 105.333 3703.85
0 0 0 0 0 0 0 0 0 0
1.40931e+13 0 1.5e+07 2.29275e+13 5 10 7.5e+07 3.27118e-06 108.4 2559.36
2069.5 73370.4 2.5e+07 12417 2 6 5e+07 4026.75 153.5 4665.93
0 0 0 0 0 0 0 0 0 0
2.64213e+12 0 1.25e+07 2.64213e+13 2 10 2.5e+07 9.46206e-07 136 3191.09
0 0 0 0 0 0 0 0 0 0
6.78801e+17 0 2.11661e+07 4.07281e+18 1 6 2.11661e+07 5.19694e-12 271.333 5692.24
7.06599e+17 0 1.78115e+07 1.35267e+13 4 9 7.1246e+07 5.26708e-06 130.222 2639.56
57279.6 1.12004e+07 4.5607e+07 104316 5 7 2.28035e+08 2185.99 197.714 3740.52
149975 2.56459e+08 6.54153e+07 749877 2 5 1.30831e+08 174.469 94 4288.56
2.13423e+13 0 3.90575e+07 8.29152e+13 4 7 1.5623e+08 1.88421e-06 263.429 4087.81
0 0 0 0 0 0 0 0 0 0
127419 3.37814e+07 4.16454e+07 205778 5 8 2.08227e+08 1011.9 88.875 3215.1
0 0 0 0 0 0 0 0 0 0
1.35946e+07 7.03637e+08 8.73003e+07 1.08757e+08 2 8 1.74601e+08 1.60542 196 3059.94
24391.4 241140 3.75e+07 146349 2 6 7.5e+07 512.475 114.833 4453.08
2.39374e+18 0 3.21086e+07 2.14625e+13 3 6 9.63259e+07 4.4881e-06 109.333 3871.89
4693.99 38579.3 2.5e+07 37552 3 8 7.5e+07 1997.23 128.875 2848.64
0 0 0 0 0 0 0 0 0 0
0 0 0 0 0 0 0 0 0 0
0 0 0 0 0 0 0 0 0 0
0 0 0 0 0 0 0 0 0 0
3.06125e+16 0 7.377e+07 3.82448e+15 5 8 3.6885e+08 9.64446e-08 242 3160.87
0 0 0 0 0 0 0 0 0 0
6593.01 52744.1 2.5e+07 52744.1 1 8 2.5e+07 473.987 107.875 3176.94
1.12448e+08 2.54191e+09 8.67812e+07 7.87139e+08 2 7 1.73562e+08 0.220498 132.857 3390.73
3.81563e+18 0 2.1246e+07 1.90782e+19 1 5 2.1246e+07 1.11363e-12 151.2 3994.19
0 0 0 0 0 0 0 0 0 0
6.95107e+12 0 2.5e+07 6.25596e+13 1 9 2.5e+07 3.99619e-07 69.5556 2699.87
113469 3.87712e+06 4.13259e+07 149129 5 6 2.06629e+08 1385.57 132.833 3803.3
1.72978e+08 1.37931e+09 8.35863e+07 3.93321e+08 4 5 3.34345e+08 0.850056 93.2 4042.03
0 0 0 0 0 0 0 0 0 0
2.00656e+06 1.14932e+08 7.26677e+07 1.34503e+06 5 8 3.63339e+08 270.134 101.5 2936.62
0 0 0 0 0 0 0 0 0 0
26166.2 4.42957e+07 6.86102e+07 183163 2 7 1.3722e+08 749.17 19.4286 3331.16
2.97174e+07 1.20591e+09 8.68211e+07 1.78304e+08 2 6 1.73642e+08 0.973853 146 4103.44
105352 2.39886e+07 4.68051e+07 186552 5 9 2.34026e+08 1254.48 130.222 2859.92
0 0 0 0 0 0 0 0 0 0
0 0 0 0 0 0 0 0 0 0
0 0 0 0 0 0 0 0 0 0
0 0 0 0 0 0 0 0 0 0
0 0 0 0 0 0 0 0 0 0
2.18365e+08 1.05228e+09 6.47098e+07 429331 6 5 3.88259e+08 904.335 138.8 13617
1449.83 234530 3.75e+07 11598.6 2 8 7.5e+07 6466.28 118.875 2934.91
3.07416e+07 2.09256e+08 8.70208e+07 1.8445e+08 2 6 1.74042e+08 0.943572 222.833 4180.24
0 0 0 0 0 0 0 0 0 0
26601.5 137097 2.5e+07 92311.8 3 8 7.5e+07 812.463 157.875 3924.94
199932 1.29417e+08 6.58147e+07 182150 4 5 2.63259e+08 1445.29 146.8 114402
240851 2.0649e+08 7.19649e+07 850729 4 8 2.87859e+08 338.368 172 3077.99
2.25611e+13 0 2.5e+07 1.12805e+14 1 5 2.5e+07 2.21621e-07 128.8 4546.05
4236.76 36829.8 2.5e+07 33894.1 2 8 5e+07 1475.18 268 3864.24
5.69299e+13 0 2.5e+07 4.5544e+14 1 8 2.5e+07 5.4892e-08 128 3322.13
2.30537e+08 6.14879e+08 2.35357e+07 286239 3 8 7.0607e+07 246.671 314 3344.84
0 0 0 0 0 0 0 0 0 0
1.12972e+08 6.82598e+08 6.41873e+07 2.6124e+06 8 5 5.13498e+08 196.562 150 3392.74
7256.96 50798.7 2.5e+07 50798.7 1 7 2.5e+07 492.138 140 3220.92
0 0 0 0 0 0 0 0 0 0
1.08895e+09 1.63954e+09 4.05431e+07 157538 5 7 2.02716e+08 1286.78 131.714 3006.31
8.85397e+07 1.4145e+08 5.89457e+07 230025 6 5 3.53674e+08 1537.55 224.8 4649.74
6.89776e+12 0 6.25e+06 4.82843e+13 4 7 2.5e+07 5.17766e-07 187.429 3593.45
7885.22 63081.7 2.5e+07 63081.7 1 8 2.5e+07 396.311 140.875 3036.48
3814.92 182832 3.75e+07 26704.4 2 7 7.5e+07 2808.52 71.7143 3319.11
0 0 0 0 0 0 0 0 0 0
0 0 0 0 0 0 0 0 0 0
0 0 0 0 0 0 0 0 0 0
2.90299e+13 0 3.11661e+07 8.62768e+13 5 9 1.55831e+08 1.80617e-06 78.2222 2591.6
386854 7.66066e+07 6.29712e+07 1.16539e+06 5 9 3.14856e+08 270.173 178 2624.65
2.45038e+13 0 2.5e+07 1.71527e+14 1 7 2.5e+07 1.4575e-07 216.857 3940.55
0 0 0 0 0 0 0 0 0 0
4.4112e+08 3.08784e+09 2.13259e+07 3.08784e+09 1 7 2.13259e+07 0.00690641 114.857 3339.38
1.79163e+12 0 2.5e+07 1.25414e+13 1 7 2.5e+07 1.9934e-06 101.714 3415.57
0 0 0 0 0 0 0 0 0 0
1.11185e+13 0 2.5e+07 8.89481e+13 1 8 2.5e+07 2.81063e-07 243.5 3269.33
5.38502e+12 0 1.25e+07 4.84652e+13 2 9 2.5e+07 5.15834e-07 124 2850.58
1.74434e+16 0 6.47497e+07 6.71416e+14 3 5 1.94249e+08 2.89313e-07 82.8 3771.53
9764.72 163119 2.5e+07 78117.7 2 8 5e+07 640.059 155.875 3214.59
5.96555e+08 1.33902e+09 5.1278e+07 1.50082e+06 3 6 1.53834e+08 102.5 186.833 3925.94
0 0 0 0 0 0 0 0 0 0
