1.3747e+08 2.00539e+09 7.55192e+07 6.35933e+06 12 8 9.0623e+08 142.504 61.5 259838
1.68158e+08 5.82919e+09 6.26997e+07 4.65563e+06 14 6 8.77796e+08 188.545 118 337000
6.02818e+09 3.4444e+09 7.16004e+07 5.18918e+06 16 6 1.14561e+09 220.768 109.333 226493
3.44192e+09 3.01062e+09 8.02421e+07 1.37121e+08 19 9 1.5246e+09 11.1186 108 163356
1.3914e+08 2.69959e+09 7.68371e+07 1.40077e+07 10 5 7.68371e+08 54.8534 209.2 235962
1.4842e+09 2.40841e+09 7.22378e+07 9.10172e+06 12 8 8.66853e+08 95.2406 162.875 183088
4.55201e+08 2.43994e+09 8.71691e+07 1.8103e+08 14 6 1.22037e+09 6.74125 40 270354
2.32927e+08 1.72739e+09 8.48616e+07 1.10858e+07 15 7 1.27292e+09 114.825 82.8571 179919
1.2427e+09 2.13978e+09 8.12877e+07 9.81095e+07 18 7 1.46318e+09 14.9137 50 174057
1.58436e+08 1.46041e+09 8.48813e+07 4.46654e+07 14 6 1.18834e+09 26.6053 44.8333 299982
1.91597e+08 1.161e+09 8.15495e+07 1.36799e+07 18 8 1.46789e+09 107.303 153.5 192360
6.49561e+08 1.47187e+09 7.67572e+07 1.98909e+07 18 8 1.38163e+09 69.4603 117.5 281115
3.37097e+08 2.43108e+09 8.38608e+07 5.35007e+07 16 6 1.34177e+09 25.0795 107.333 219811
4.67188e+08 2.30912e+09 8.82212e+07 1.92248e+08 17 8 1.49976e+09 7.80119 137.5 266968
3.31498e+08 1.74895e+09 8.59774e+07 1.05547e+08 16 6 1.37564e+09 13.0334 56 263592
