3.82767e+08 2.00222e+09 8.49779e+07 2.39285e+08 13 5 1.10471e+09 4.61672 126.8 343897
2.14191e+08 2.46528e+09 6.418e+07 4.76915e+06 15 7 9.627e+08 201.86 85.7143 168160
2.90483e+08 1.9699e+09 8.76624e+07 1.48278e+08 15 6 1.31494e+09 8.86806 82.8333 216895
3.03873e+08 2.16395e+09 7.9984e+07 1.16099e+07 15 6 1.19976e+09 103.339 119.333 195595
3.12117e+09 2.77875e+09 7.09634e+07 2.26674e+07 13 7 9.22524e+08 40.6983 186 178253
1.55472e+09 2.34792e+09 7.91683e+07 8.60468e+07 16 6 1.26669e+09 14.721 87.3333 265652
8.57979e+08 1.35878e+09 7.53564e+07 1.84571e+08 13 5 9.79633e+08 5.30762 213.2 206476
2.75263e+08 5.47588e+08 8.04941e+07 2.66527e+07 14 5 1.12692e+09 42.2815 222.8 2.99391e+06
4.24762e+09 3.2456e+09 7.7322e+07 1.78901e+08 14 5 1.08251e+09 6.05089 104 279916
6.36639e+08 1.74572e+09 7.16454e+07 7.55137e+06 15 7 1.07468e+09 142.316 108.857 189294
9.13215e+08 1.50749e+09 7.53245e+07 1.81809e+07 16 8 1.20519e+09 66.289 175.5 178343
5.80721e+08 1.22697e+09 6.873e+07 8.89593e+06 12 7 8.2476e+08 92.7121 188 168969
1.81876e+08 1.43963e+09 8.08706e+07 1.39101e+07 18 6 1.45567e+09 104.648 86 153874
2.76129e+08 2.1523e+09 8.67127e+07 2.07509e+08 14 8 1.21398e+09 5.85023 99.5 276354
3.5186e+09 3.60657e+09 7.77316e+07 1.21031e+07 15 9 1.16597e+09 96.3369 207.556 143661
5.68078e+08 1.49307e+09 7.83593e+07 2.72747e+07 17 9 1.33211e+09 48.8405 203.556 145272
1.50411e+08 1.1877e+09 7.70447e+07 5.11767e+07 15 5 1.15567e+09 22.582 238 205382
2.81638e+08 1.55771e+09 7.6443e+07 9.57666e+06 15 8 1.14665e+09 119.733 132 219116
2.16319e+08 1.17391e+09 8.6278e+07 1.79765e+08 15 5 1.29417e+09 7.19922 83.2 4.02412e+06
1.99627e+08 1.16805e+09 7.7321e+07 3.36147e+07 17 7 1.31446e+09 39.1036 167.429 155489
2.71726e+08 1.8145e+09 8.61777e+07 1.59967e+08 18 7 1.5512e+09 9.69701 52 254760
1.65502e+08 2.54604e+09 7.42612e+07 4.09804e+06 16 7 1.18818e+09 289.938 51.4286 296733
5.86287e+09 3.89467e+09 8.19261e+07 1.65996e+07 14 6 1.14696e+09 69.0959 88.8333 168827
4.35037e+08 2.24622e+09 7.61232e+07 1.19458e+07 16 8 1.21797e+09 101.958 142 438416
1.17297e+09 2.02342e+09 8.56922e+07 2.70389e+08 15 7 1.28538e+09 4.75383 125.714 174918
2.19935e+08 1.49156e+09 8.34229e+07 2.21294e+07 11 6 9.17652e+08 41.4676 284.833 198317
2.05881e+08 2.14665e+09 8.10836e+07 1.09698e+07 18 7 1.4595e+09 133.047 107.429 352271
9.08707e+07 2.00717e+09 7.78205e+07 2.42587e+07 16 8 1.24513e+09 51.327 100 162041
1.94302e+09 1.86984e+09 7.63915e+07 2.11228e+07 19 7 1.45144e+09 68.7144 51.4286 146103
1.0924e+08 1.22111e+09 8.15609e+07 1.08372e+08 14 6 1.14185e+09 10.5364 198 250415
1.09128e+09 1.66564e+09 8.1889e+07 2.28262e+07 16 8 1.31022e+09 57.4 80 211923
2.42147e+18 0 2.59277e+07 7.14632e+17 13 5 3.37061e+08 4.71656e-10 68 183150
2.78721e+08 1.49376e+09 8.36547e+07 1.76888e+07 14 6 1.17117e+09 66.2096 163.333 861633
3.97996e+08 1.70371e+09 7.7434e+07 5.46954e+07 19 8 1.47125e+09 26.8989 211.5 318078
2.73261e+08 2.40058e+09 7.49263e+07 1.12911e+08 13 6 9.74042e+08 8.62666 281.333 261959
1.64364e+09 3.11465e+09 6.41186e+07 1.13527e+07 17 7 1.09002e+09 96.0137 56.8571 311992
3.58374e+08 1.92204e+09 8.11502e+07 2.51485e+08 14 6 1.1361e+09 4.51758 38.8333 312776
4.3776e+08 1.39998e+09 7.51106e+07 1.27407e+07 13 7 9.76438e+08 76.6392 279.714 100457
8.80694e+08 1.6818e+09 8.15229e+07 4.31243e+07 15 10 1.22284e+09 28.3562 78.5 164287
2.44214e+08 1.11136e+09 7.45912e+07 1.28181e+07 17 7 1.26805e+09 98.9267 117.714 142610
4.28321e+09 6.38829e+09 7.16018e+07 1.18256e+07 11 6 7.8762e+08 66.6032 209.333 726203
5.22868e+08 2.37495e+09 5.02982e+07 2.29807e+06 15 8 7.54473e+08 328.307 61.875 81679.4
1.76022e+08 1.89611e+09 8.22008e+07 1.44139e+07 13 10 1.06861e+09 74.1374 68.9 191435
1.53362e+08 1.77388e+09 8.63845e+07 2.25562e+07 15 7 1.29577e+09 57.4462 77.7143 154940
5.73753e+09 5.82749e+09 4.83154e+07 5.69673e+06 11 10 5.3147e+08 93.2937 84 171447
3.55707e+08 1.65204e+09 8.5332e+07 4.93203e+07 14 8 1.19465e+09 24.2222 176.875 175131
2.07164e+18 0 2.14412e+07 1.56278e+17 9 7 1.92971e+08 1.23479e-09 103.429 163995
3.34486e+08 1.7611e+09 8.36403e+07 1.44185e+08 17 6 1.42188e+09 9.8615 82.8333 169981
1.53614e+18 0 4.92212e+07 1.29709e+17 8 8 3.9377e+08 3.0358e-09 144.875 123716
6.28183e+08 1.7082e+09 7.25287e+07 1.49594e+07 17 9 1.23299e+09 82.4225 68.8889 162114
1.82721e+08 1.63565e+09 8.60623e+07 1.34329e+08 16 6 1.377e+09 10.251 66.8333 236038
2.65422e+08 1.93761e+09 8.08839e+07 2.73727e+06 15 7 1.21326e+09 443.236 194 146678
1.58911e+08 1.74133e+09 8.94835e+07 2.09287e+08 12 6 1.0738e+09 5.13076 167.333 183914
5.00654e+08 1.6568e+09 7.89244e+07 2.92636e+07 15 8 1.18387e+09 40.4553 109.875 217245
1.68822e+08 1.51878e+09 8.45953e+07 5.5626e+07 15 7 1.26893e+09 22.8118 157.714 211405
8.48642e+08 1.47676e+09 7.97313e+07 3.71558e+07 17 8 1.35543e+09 36.4796 133.5 98559.5
3.08962e+08 1.79361e+09 8.25729e+07 9.59609e+07 16 6 1.32117e+09 13.7678 83.5 189511
7.34043e+08 1.67023e+09 8.10392e+07 6.69638e+07 18 9 1.45871e+09 21.7835 212.889 172473
4.28129e+08 1.88657e+09 8.35114e+07 6.64341e+07 16 6 1.33618e+09 20.1129 149.5 241842
2.16242e+08 8.64794e+08 7.17024e+07 6.01047e+06 14 5 1.00383e+09 167.014 196.8 917178
3.07921e+08 1.62508e+09 8.30342e+07 1.93977e+07 17 7 1.41158e+09 72.7705 197.714 201402
3.02069e+08 1.33514e+09 8.66368e+07 1.30356e+08 13 5 1.12628e+09 8.63998 186 140358
9.35208e+08 2.90308e+09 6.90395e+07 1.42826e+07 16 8 1.10463e+09 77.341 223.875 128989
4.82221e+08 1.92604e+09 7.18995e+07 1.73334e+08 11 7 7.90895e+08 4.56285 223.714 220522
2.06077e+08 2.27367e+09 7.2514e+07 1.22193e+07 16 7 1.16022e+09 94.9498 93.7143 210846
3.21908e+08 1.86455e+09 8.10011e+07 1.12476e+07 15 6 1.21502e+09 108.025 70 224517
5.65838e+08 1.59477e+09 8.72504e+07 4.25007e+08 16 8 1.39601e+09 3.28467 154.875 181736
2.67961e+09 2.23176e+09 7.83775e+07 2.45963e+08 14 7 1.09728e+09 4.46117 204 162800
3.25304e+08 1.73891e+09 8.46477e+07 8.49541e+07 19 8 1.60831e+09 18.9315 106 349533
1.17635e+08 1.46409e+09 8.37859e+07 2.21448e+07 14 7 1.173e+09 52.9696 175.714 302204
3.48893e+09 3.53565e+09 7.93717e+07 3.48251e+07 15 11 1.19058e+09 34.1873 84.9091 134077
2.26548e+09 2.45692e+09 7.084e+07 7.86672e+06 12 7 8.5008e+08 108.06 149.429 176875
1.49424e+08 4.60147e+09 6.74654e+07 1.54826e+06 12 9 8.09585e+08 522.901 122.889 245061
3.15203e+08 1.29806e+09 8.6688e+07 9.81188e+07 15 5 1.30032e+09 13.2525 52 149407
2.68606e+18 0 4.88019e+07 1.56508e+17 16 7 7.80831e+08 4.98908e-09 199.429 182420
5.5575e+08 2.40893e+09 7.66089e+07 1.74585e+07 14 4 1.07252e+09 61.4327 94.75 210781
6.8881e+07 1.23345e+09 7.9701e+07 1.65629e+07 14 7 1.11581e+09 67.3684 172 172916
1.23803e+08 1.66124e+09 8.76141e+07 8.96863e+07 14 8 1.2266e+09 13.6765 160.875 247464
1.98842e+08 8.04015e+08 8.59824e+07 5.26823e+07 14 7 1.20375e+09 22.8493 150.857 173514
2.2155e+08 1.79342e+09 7.10286e+07 5.42974e+06 18 8 1.27851e+09 235.465 52.875 183093
1.65407e+08 1.66477e+09 7.56301e+07 1.59865e+07 18 7 1.36134e+09 85.1559 190.857 123141
2.9492e+08 1.73805e+09 8.39557e+07 6.2877e+07 16 8 1.34329e+09 21.3638 94 202977
2.10478e+09 2.25415e+09 7.95777e+07 9.98818e+07 16 8 1.27324e+09 12.7475 123.5 207816
1.22847e+08 1.02059e+09 7.88765e+07 7.9528e+06 15 8 1.18315e+09 148.771 65.5 224257
5.99651e+08 1.31005e+09 7.86392e+07 1.90068e+07 16 9 1.25823e+09 66.1988 76 244485
3.2765e+09 3.14769e+09 7.92831e+07 1.50181e+08 16 8 1.26853e+09 8.44668 223.875 184056
4.9735e+08 2.26917e+09 8.34571e+07 4.00585e+08 17 7 1.41877e+09 3.54174 173.429 223499
2.20895e+08 1.50218e+09 8.55218e+07 2.86051e+07 15 6 1.28283e+09 44.8461 122.833 165298
1.80346e+08 1.96956e+09 8.75346e+07 1.57962e+08 15 8 1.31302e+09 8.31222 75.875 255274
2.64406e+09 2.57142e+09 7.99734e+07 3.03515e+07 15 7 1.1996e+09 39.5237 70.8571 129281
4.88585e+09 3.63028e+09 5.25006e+07 415897 13 7 6.82508e+08 1641.05 91.4286 158894
2.27708e+08 1.71748e+09 7.99121e+07 2.01379e+07 18 8 1.43842e+09 71.4285 119.875 228801
2.18517e+09 2.24782e+09 8.12849e+07 2.47004e+07 16 7 1.30056e+09 52.6535 87.4286 298778
4.60455e+09 3.9643e+09 7.62131e+07 3.65945e+08 16 7 1.21941e+09 3.33222 148.857 209057
1.86229e+08 1.6504e+09 7.36115e+07 1.74224e+07 13 6 9.56949e+08 54.9263 143.333 154338
4.08511e+09 3.12653e+09 7.5836e+07 2.44568e+08 15 8 1.13754e+09 4.65123 220.875 214771
1.99639e+09 3.06731e+09 8.03603e+07 1.72585e+07 18 8 1.44649e+09 83.8128 72.875 139735
2.2816e+08 2.88618e+09 6.37007e+07 4.03777e+06 15 7 9.55511e+08 236.643 155.429 234574
8.33412e+08 1.98271e+09 7.16504e+07 1.72401e+07 16 7 1.14641e+09 66.4963 185.429 170167
1.30262e+08 1.53575e+09 8.47344e+07 3.38438e+07 16 7 1.35575e+09 40.0591 48.8571 230585
3.73042e+08 1.597e+09 8.24704e+07 8.1704e+07 17 6 1.402e+09 17.1595 266 205784
2.60959e+08 8.77139e+08 8.87859e+07 5.78542e+07 15 7 1.33179e+09 23.0197 82 229434
1.20886e+09 1.97146e+09 8.1611e+07 3.99398e+07 13 7 1.06094e+09 26.5636 170 228426
9.08137e+07 1.55905e+09 7.77485e+07 1.02909e+07 17 6 1.32173e+09 128.437 111.333 184552
1.07523e+08 1.19627e+09 8.36475e+07 6.23259e+07 15 6 1.25471e+09 20.1315 68.8333 193581
8.52087e+07 1.54529e+09 8.32576e+07 7.28584e+06 13 5 1.08235e+09 148.555 96.8 184546
2.66257e+08 1.69249e+09 8.86441e+07 6.18147e+07 17 8 1.50695e+09 24.3785 96.875 356601
2.93711e+08 2.09168e+09 7.86399e+07 2.22311e+07 14 6 1.10096e+09 49.5232 77.3333 170231
3.65389e+08 1.38799e+09 6.72695e+07 3.55151e+06 14 5 9.41773e+08 265.175 172 123571
7.90162e+09 5.08419e+09 7.77034e+07 1.0725e+08 13 6 1.01014e+09 9.41863 157.333 221546
2.51829e+08 1.4984e+09 8.61244e+07 6.54314e+07 18 8 1.55024e+09 23.6926 21.5 183018
5.10081e+08 2.39825e+09 8.33466e+07 2.90067e+07 14 7 1.16685e+09 40.2271 175.714 288578
5.12568e+08 1.98338e+09 8.03628e+07 1.92057e+08 14 8 1.12508e+09 5.85806 202 152709
5.66244e+09 6.73826e+09 6.27263e+07 4.52298e+06 9 7 5.64537e+08 124.815 258.857 204084
8.67235e+08 1.90783e+09 7.16201e+07 7.558e+06 19 8 1.36078e+09 180.045 70.875 172104
3.41684e+08 2.06485e+09 7.83452e+07 9.36924e+06 17 7 1.33187e+09 142.153 183.429 322744
5.44107e+08 1.37064e+09 8.38708e+07 3.32525e+07 16 8 1.34193e+09 40.3558 94.875 282897
7.70376e+08 3.66767e+09 7.31076e+07 3.64414e+06 13 7 9.50399e+08 260.802 295.714 248883
2.5011e+18 0 5.43663e+07 1.70262e+17 15 8 8.15495e+08 4.78966e-09 91.875 149622
2.64877e+08 1.82063e+09 8.24547e+07 3.02888e+07 18 6 1.48419e+09 49.0012 50.8333 317774
2.85499e+08 1.62007e+09 8.4001e+07 9.58472e+06 13 7 1.09201e+09 113.933 185.429 120467
2.86286e+08 2.50053e+09 8.65815e+07 2.23586e+07 19 9 1.64505e+09 73.5756 46.2222 419501
4.01947e+08 2.07076e+09 8.0186e+07 3.08373e+08 14 5 1.1226e+09 3.64041 155.2 225087
9.03309e+08 1.87716e+09 7.99635e+07 2.6464e+07 14 11 1.11949e+09 42.3023 144.545 211773
3.00498e+08 1.2988e+09 8.13498e+07 4.86091e+07 18 7 1.4643e+09 30.1239 145.429 151909
9.81312e+08 2.29476e+09 7.61255e+07 913922 11 9 8.3738e+08 916.249 112 201988
3.88342e+18 0 7.14856e+07 1.23231e+17 7 5 5.00399e+08 4.06067e-09 255.2 266229
1.44527e+08 1.64812e+09 7.93712e+07 2.6419e+07 11 6 8.73083e+08 33.0475 238 170623
4.44447e+08 1.69827e+09 7.64206e+07 9.75095e+07 14 7 1.06989e+09 10.9721 253.429 149651
1.16031e+09 2.30945e+09 7.98522e+07 1.04812e+08 16 10 1.27764e+09 12.1898 214.4 129557
8.57963e+07 1.40056e+09 8.33695e+07 1.78615e+07 14 8 1.16717e+09 65.3457 180 226643
6.96074e+08 1.51044e+09 7.41842e+07 4.40041e+07 14 5 1.03858e+09 23.6019 404 389152
8.70236e+07 1.07002e+09 8.54576e+07 6.68822e+06 14 6 1.19641e+09 178.883 126.833 270604
1.40758e+08 1.66026e+09 8.29979e+07 3.26609e+07 15 6 1.24497e+09 38.118 167.5 256401
1.30953e+08 2.38704e+09 8.25817e+07 1.95151e+07 13 8 1.07356e+09 55.0119 177.5 180384
1.74198e+08 2.04064e+09 8.97098e+07 8.51402e+07 12 7 1.07652e+09 12.6441 233.714 252901
3.76604e+09 3.66957e+09 6.15524e+07 2.21518e+07 11 6 6.77077e+08 30.5653 151.5 183038
4.70899e+09 6.47976e+09 7.21459e+07 1.07236e+07 15 7 1.08219e+09 100.917 109.714 152801
6.49836e+07 8.45878e+08 7.6278e+07 4.19389e+07 15 8 1.14417e+09 27.2818 50.875 210477
1.31829e+08 1.65743e+09 8.4044e+07 2.44597e+07 13 5 1.09257e+09 44.6683 78 175855
2.51126e+07 7.3825e+08 8.03297e+07 1.37693e+07 11 9 8.83626e+08 64.1735 286.222 201081
1.91476e+08 1.57515e+09 8.67241e+07 1.46808e+08 14 5 1.21414e+09 8.27024 222 117818
5.42116e+08 1.1781e+09 7.86475e+07 4.4581e+07 15 6 1.17971e+09 26.4622 265.5 132823
3.77073e+08 2.19806e+09 8.41283e+07 2.44609e+08 14 5 1.1778e+09 4.81502 165.2 482147
2.35389e+09 2.25511e+09 7.55112e+07 1.10209e+07 15 6 1.13267e+09 102.775 141.333 287525
3.1963e+08 1.27216e+09 7.64293e+07 2.33269e+07 19 7 1.45216e+09 62.2526 36 224890
1.09195e+18 0 2.17093e+07 1.83261e+17 15 9 3.25639e+08 1.77692e-09 102 152808
4.55995e+07 5.16293e+08 8.71987e+07 1.57542e+07 11 6 9.59185e+08 60.8844 175.333 240421
1.12238e+08 1.69035e+09 7.19249e+07 2.87595e+07 12 5 8.63099e+08 30.011 6.8 186231
1.52059e+09 2.19366e+09 7.4771e+07 7.88979e+06 15 8 1.12157e+09 142.154 143.875 139265
2.5367e+09 3.72805e+09 8.10144e+07 3.46517e+07 10 9 8.10144e+08 23.3797 264 133391
5.55097e+08 1.70958e+09 8.10853e+07 1.30178e+07 16 10 1.29736e+09 99.661 130.1 152318
1.70816e+08 2.00332e+09 7.62939e+07 1.00207e+07 15 9 1.14441e+09 114.204 92 211645
1.0278e+08 1.61111e+09 8.28541e+07 1.28388e+07 15 6 1.24281e+09 96.8013 119.333 155290
1.58374e+08 7.29119e+09 6.84443e+07 3.69283e+06 13 7 8.89776e+08 240.947 173.714 183040
1.20768e+09 1.20221e+09 7.58626e+07 2.75916e+07 15 7 1.13794e+09 41.2422 185.714 139846
1.74189e+08 1.7233e+09 8.65442e+07 8.01626e+07 15 9 1.29816e+09 16.1941 74.8889 165982
2.40431e+08 2.21088e+09 8.24431e+07 5.0698e+07 16 7 1.31909e+09 26.0186 175.429 248074
5.78641e+08 1.65958e+09 7.48136e+07 1.64714e+07 18 10 1.34665e+09 81.7565 148.9 133339
4.41486e+08 2.29882e+09 7.19179e+07 2.48408e+08 17 5 1.2226e+09 4.92175 83.2 211720
1.17791e+08 1.44107e+09 8.90022e+07 5.89081e+07 13 7 1.15703e+09 19.6413 112.857 305504
3.38977e+08 1.52388e+09 7.92732e+07 2.68987e+07 16 6 1.26837e+09 47.1535 77.3333 332831
4.43388e+09 4.42246e+09 6.11136e+07 2.33799e+07 14 5 8.55591e+08 36.5952 107.2 963334
3.12442e+08 1.12668e+09 8.20537e+07 8.74516e+07 16 7 1.31286e+09 15.0124 218.857 147546
2.07243e+08 1.77638e+09 8.82281e+07 9.40291e+06 13 7 1.14696e+09 121.98 116.857 166759
1.14372e+08 4.12172e+09 7.10427e+07 1.83452e+07 11 7 7.8147e+08 42.5981 239.429 315170
2.87508e+08 2.35862e+09 8.21657e+07 3.28528e+07 14 5 1.15032e+09 35.0144 94 168727
1.47169e+09 4.46827e+09 4.98548e+07 852530 11 8 5.48403e+08 643.265 103.5 175728
1.95132e+08 2.14362e+09 7.64316e+07 5.2966e+06 13 5 9.9361e+08 187.594 66.8 220538
1.11422e+08 1.65391e+09 7.32656e+07 1.78007e+07 14 6 1.02572e+09 57.6225 135.5 330095
1.00032e+08 3.01344e+09 6.63738e+07 3.96658e+07 12 9 7.96486e+08 20.0799 132 164014
1.52388e+08 1.9986e+09 8.20787e+07 7.01307e+07 16 7 1.31326e+09 18.7259 164.857 202560
2.09687e+08 1.05015e+09 8.271e+07 1.65645e+07 17 7 1.40607e+09 84.8845 282.857 169307
5.60433e+07 1.41983e+09 8.41454e+07 1.23807e+07 14 6 1.17804e+09 95.1508 97.3333 146913
1.27154e+08 1.64191e+09 8.06709e+07 8.90162e+06 15 5 1.21006e+09 135.938 156.8 308584
2.04441e+09 3.01436e+09 7.70767e+07 2.3308e+07 16 8 1.23323e+09 52.91 163.5 204016
1.76818e+08 7.51647e+09 7.41214e+07 6.41041e+07 16 6 1.18594e+09 18.5003 215.5 223964
2.93398e+18 0 8.38772e+07 2.22753e+17 14 10 1.17428e+09 5.27167e-09 74.5 162219
2.09209e+09 2.35606e+09 6.39559e+07 1.09076e+07 11 5 7.03514e+08 64.4976 218.8 317352
3.39393e+08 1.26856e+09 8.03702e+07 9.64796e+06 17 8 1.36629e+09 141.615 49.875 286643
2.68572e+09 2.70101e+09 7.45453e+07 3.10197e+07 13 7 9.69089e+08 31.2411 139.714 198876
1.44158e+09 1.99762e+09 8.14039e+07 1.32348e+08 17 7 1.38387e+09 10.4562 110.857 160969
2.08884e+18 0 3.32554e+07 1.6655e+17 14 9 4.65575e+08 2.7954e-09 92.8889 142398
1.09704e+08 1.17419e+09 6.87367e+07 4.94334e+06 12 7 8.2484e+08 166.859 109.714 311988
3.921e+08 2.26445e+09 6.74982e+07 1.87515e+07 13 5 8.77476e+08 46.795 61.2 275300
2.76946e+08 1.6636e+09 8.60174e+07 2.99023e+07 16 7 1.37628e+09 46.0258 18 256187
1.21439e+08 5.6938e+09 7.23765e+07 2.14266e+06 13 7 9.40895e+08 439.125 159.714 121990
5.76449e+08 2.01917e+09 7.10513e+07 1.33006e+07 16 6 1.13682e+09 85.4714 212.833 190728
1.68646e+08 1.33709e+09 8.53176e+07 8.47299e+07 17 8 1.4504e+09 17.1179 74 204530
3.88058e+08 1.70576e+09 7.21622e+07 2.995e+07 17 7 1.22676e+09 40.9602 87.7143 151115
2.76589e+08 9.88067e+08 8.03914e+07 5.87557e+07 16 5 1.28626e+09 21.8917 139.2 187283
1.3047e+08 1.23018e+09 8.58626e+07 8.07922e+07 14 6 1.20208e+09 14.8786 126.833 173484
5.32919e+08 1.22615e+09 8.18405e+07 1.37534e+07 14 9 1.14577e+09 83.3078 100.222 226831
7.17904e+08 1.28257e+09 7.94479e+07 2.68037e+07 16 6 1.27117e+09 47.425 79.3333 149584
2.58844e+08 1.91065e+09 7.91587e+07 5.28589e+06 15 8 1.18738e+09 224.632 92.875 245779
1.6118e+09 2.25471e+09 7.92732e+07 6.63863e+07 14 8 1.10982e+09 16.7177 105.875 226708
3.01748e+08 1.18232e+09 8.62103e+07 1.07086e+07 17 7 1.46558e+09 136.859 116 164658
1.27164e+09 2.08078e+09 7.5686e+07 6.67903e+07 17 9 1.28666e+09 19.2642 86.8889 262776
3.03211e+08 3.27777e+09 8.37175e+07 1.9825e+07 14 7 1.17204e+09 59.1194 147.429 275142
2.9741e+07 2.15546e+09 7.55325e+07 1.98531e+07 9 5 6.79792e+08 34.241 200.8 264047
7.05358e+07 2.17389e+09 7.80684e+07 1.13929e+07 12 7 9.36821e+08 82.2284 126 143131
8.81404e+08 1.51699e+09 7.91134e+07 9.38838e+07 16 7 1.26581e+09 13.4828 322.857 163474
3.9283e+09 4.0511e+09 7.57987e+07 2.88015e+08 16 7 1.21278e+09 4.21082 220.857 81643.4
1.1305e+08 3.29189e+09 7.52929e+07 4.03876e+06 12 6 9.03514e+08 223.711 77.5 258019
6.57268e+07 1.01863e+09 8.85057e+07 9.74499e+06 11 8 9.73562e+08 99.9039 326.875 134984
1.18247e+18 0 5.2192e+07 9.05526e+16 9 8 4.69728e+08 5.18735e-09 201.875 117340
1.5773e+18 0 2.32485e+07 2.4983e+17 14 8 3.25479e+08 1.30281e-09 24.875 157610
2.00952e+08 8.24047e+08 8.41554e+07 9.585e+07 16 6 1.34649e+09 14.0478 94 308448
9.7827e+08 1.4274e+09 8.029e+07 1.94842e+08 13 5 1.04377e+09 5.357 122.8 205804
1.61679e+08 1.26156e+09 8.70791e+07 1.06408e+08 13 7 1.13203e+09 10.6386 171.714 181990
1.58158e+08 9.92145e+08 7.9256e+07 2.21578e+07 14 7 1.10958e+09 50.0764 219.429 253518
1.04457e+08 5.062e+09 5.03794e+07 1.97749e+06 12 6 6.04553e+08 305.717 49.3333 164533
1.23044e+09 2.41182e+09 7.88808e+07 7.94875e+07 17 8 1.34097e+09 16.8703 109.5 240345
1.80133e+08 1.82708e+09 8.20937e+07 3.52345e+07 16 8 1.3135e+09 37.2787 89.875 214252
7.56712e+07 1.32812e+09 8.07166e+07 8.9162e+06 14 10 1.13003e+09 126.739 106.1 186816
1.1897e+08 1.52699e+09 7.91267e+07 1.53657e+07 15 8 1.1869e+09 77.2434 218.875 192509
1.40474e+08 2.60132e+09 7.9992e+07 6.86748e+06 12 6 9.59904e+08 139.775 122 246343
2.03129e+08 6.11934e+08 7.86442e+07 9.67066e+06 16 7 1.25831e+09 130.116 129.714 147486
2.97521e+09 3.05392e+09 6.394e+07 1.4352e+07 17 8 1.08698e+09 75.7375 202.875 152843
2.6119e+08 2.80366e+09 6.84082e+07 2.18426e+07 17 6 1.16294e+09 53.2419 54.8333 274339
1.5851e+09 2.60393e+09 6.60343e+07 1.37859e+07 12 7 7.92412e+08 57.4798 201.714 180067
2.89348e+08 2.18616e+09 7.98769e+07 7.9515e+07 17 8 1.35791e+09 17.0774 54.875 457809
9.13634e+08 1.42473e+09 8.22969e+07 8.9476e+07 14 6 1.15216e+09 12.8767 47.3333 234865
2.05915e+08 1.49372e+09 9.19474e+07 1.11678e+08 11 7 1.01142e+09 9.05661 235.429 211782
1.87384e+18 0 3.63319e+07 1.97743e+17 16 8 5.8131e+08 2.93972e-09 96.875 218649
7.22258e+08 2.30232e+09 7.45265e+07 1.26381e+07 14 9 1.04337e+09 82.5578 60 152801
2.0782e+08 1.34914e+09 8.51558e+07 2.95248e+07 20 8 1.70312e+09 57.6842 48 193775
1.05676e+08 6.79278e+09 8.70721e+07 2.6745e+07 14 7 1.21901e+09 45.579 119.429 132222
1.19432e+07 2.04339e+09 6.63369e+07 2.05803e+06 13 5 8.6238e+08 419.032 206 170962
3.52729e+09 1.24921e+10 7.69477e+07 6.09502e+07 13 10 1.00032e+09 16.4121 43.6 133299
2.12163e+08 1.3319e+09 8.28075e+07 7.8633e+06 16 6 1.32492e+09 168.494 91.5 161946
3.36436e+08 2.35783e+09 8.52547e+07 1.0772e+08 18 7 1.53458e+09 14.246 217.714 266003
2.08343e+08 2.92314e+09 8.01118e+07 7.12638e+06 13 6 1.04145e+09 146.141 39.5 139411
2.19387e+08 1.18529e+09 7.3864e+07 2.73261e+07 18 7 1.32955e+09 48.6551 117.714 239171
1.81569e+09 2.6493e+09 7.16204e+07 5.53556e+07 16 7 1.14593e+09 20.7012 132 291527
1.788e+09 2.07306e+09 7.38995e+07 1.79124e+07 18 7 1.33019e+09 74.261 199.714 241787
9.6332e+07 1.97448e+09 8.40735e+07 3.34376e+07 15 6 1.2611e+09 37.7151 71.3333 180021
2.04537e+09 2.26969e+09 7.67998e+07 6.10174e+07 15 8 1.152e+09 18.8798 169.5 219323
1.69746e+08 1.08774e+09 7.90036e+07 1.40436e+07 16 8 1.26406e+09 90.0097 217.5 219772
2.70854e+08 2.17064e+09 8.30302e+07 8.92615e+07 13 5 1.07939e+09 12.0925 82.8 88618
1.15646e+09 1.85158e+09 6.48962e+07 6.20814e+06 14 11 9.08546e+08 146.348 115.636 160536
8.12418e+09 5.1661e+09 6.96714e+07 3.93034e+07 14 8 9.75399e+08 24.8172 91.5 122332
5.01398e+08 1.53867e+09 8.06756e+07 3.20485e+07 17 9 1.37149e+09 42.7941 79.5556 186123
7.67577e+09 5.42344e+09 6.9939e+07 1.0566e+07 11 6 7.69329e+08 72.8118 125.333 205447
3.07938e+08 1.77872e+09 8.20937e+07 1.99536e+08 16 5 1.3135e+09 6.58275 144 225671
2.6552e+08 1.59396e+09 8.02815e+07 9.83494e+06 16 7 1.2845e+09 130.606 230 230973
1.55116e+08 7.39484e+08 8.51666e+07 3.80695e+07 14 8 1.19233e+09 31.3199 171.5 180957
3.91383e+09 3.18632e+09 7.96625e+07 2.38855e+07 16 7 1.2746e+09 53.363 129.714 206624
1.95024e+08 2.20058e+09 8.21946e+07 4.56002e+07 13 6 1.06853e+09 23.4326 101.5 222613
5.04833e+08 2.41712e+09 6.61448e+07 1.30255e+07 15 6 9.92173e+08 76.1717 164 480822
8.5971e+08 2.86142e+09 7.53502e+07 2.64379e+07 13 7 9.79553e+08 37.051 173.714 330697
7.93806e+08 1.63652e+09 7.57937e+07 1.86583e+07 16 7 1.2127e+09 64.9953 99.4286 232000
2.64636e+18 0 6.42599e+07 1.90499e+17 15 9 9.63898e+08 5.05987e-09 161.556 227412
1.59705e+08 1.0564e+09 7.67921e+07 1.67907e+07 16 6 1.22867e+09 73.1757 22.8333 149257
2.53752e+09 3.13898e+09 7.67705e+07 3.11004e+06 12 9 9.21246e+08 296.216 150.889 230706
1.36972e+08 8.63764e+08 8.27796e+07 2.182e+07 15 5 1.24169e+09 56.9063 215.2 141760
3.10624e+08 1.20859e+09 8.42874e+07 7.04073e+07 18 7 1.51717e+09 21.5485 140.857 201644
1.24732e+09 1.17399e+09 7.63293e+07 9.11124e+06 14 5 1.06861e+09 117.285 54.8 121284
4.39523e+09 3.64829e+09 7.72649e+07 1.90254e+07 14 7 1.08171e+09 56.8561 58.8571 158250
5.95662e+08 2.33495e+09 7.66134e+07 2.41047e+07 15 7 1.1492e+09 47.6754 147.429 241075
