4.55847e+09 2.74243e+09 7.75502e+07 1.09655e+08 14 6 1.0857e+09 9.90105 165.333 320219
2.57945e+08 1.57564e+09 8.41362e+07 2.4964e+08 13 6 1.09377e+09 4.38139 337.333 95673
2.54021e+08 2.15211e+09 8.57628e+07 9.90585e+07 16 8 1.3722e+09 13.8525 136.875 397644
2.78216e+08 1.58882e+09 8.07668e+07 1.77121e+07 15 4 1.2115e+09 68.3996 41 233771
1.51858e+09 2.18235e+09 6.90655e+07 6.62644e+06 10 7 6.90655e+08 104.227 178.857 199315
1.14893e+09 1.82551e+09 6.45261e+07 6.24373e+06 15 6 9.67891e+08 155.018 143.333 464543
1.862e+18 0 4.93011e+07 1.33558e+17 12 8 5.91613e+08 4.42963e-09 261.5 458422
3.18338e+08 1.20584e+09 6.85154e+07 7.53107e+06 16 8 1.09625e+09 145.563 101.875 195663
2.16328e+08 9.13977e+08 8.80741e+07 1.43303e+07 16 6 1.40919e+09 98.3363 141.333 166136
2.55516e+08 1.72735e+09 8.84185e+07 6.36318e+07 16 8 1.4147e+09 22.2325 116 481874
1.07271e+09 1.39974e+09 7.42685e+07 2.11592e+07 19 8 1.4111e+09 66.6896 192.875 204639
3.36222e+08 4.11002e+09 7.61768e+07 1.27585e+07 15 5 1.14265e+09 89.5601 50.8 351997
2.19896e+08 2.47806e+09 7.06619e+07 1.31148e+07 16 7 1.13059e+09 86.2072 54.8571 410023
8.1124e+07 1.47716e+09 8.26536e+07 1.17411e+07 17 7 1.40511e+09 119.675 73.7143 332970
2.22599e+18 0 7.23429e+07 1.75552e+17 15 7 1.08514e+09 6.18133e-09 154 378089
2.30955e+08 1.28189e+09 7.27858e+07 1.93667e+07 18 6 1.31014e+09 67.6494 135.333 294293
2.49544e+08 3.2269e+09 8.71832e+07 2.56333e+07 15 8 1.30775e+09 51.0175 84 428444
1.45019e+18 0 4.88761e+07 2.26623e+17 14 7 6.84265e+08 3.0194e-09 30.8571 480225
4.36909e+08 2.23478e+09 8.39307e+07 3.26393e+08 16 7 1.34289e+09 4.11434 111.714 392617
4.00996e+09 3.3822e+09 7.41167e+07 7.38076e+07 17 10 1.25998e+09 17.0712 110.9 242807
3.32298e+08 1.20222e+09 7.46463e+07 1.18151e+08 14 5 1.04505e+09 8.84501 137.2 172783
1.02542e+08 1.28134e+09 8.40883e+07 3.72052e+07 14 5 1.17724e+09 31.6417 66.8 369875
2.09765e+08 1.15723e+09 6.53355e+07 4.25351e+06 14 6 9.14696e+08 215.045 83.5 894828
3.29034e+09 2.833e+09 7.97182e+07 1.0744e+07 14 7 1.11605e+09 103.877 209.429 373649
1.87419e+09 2.89076e+09 6.20361e+07 7.72498e+06 13 7 8.0647e+08 104.398 105.714 384932
7.46067e+08 2.57263e+09 7.21379e+07 4.7876e+06 12 7 8.65655e+08 180.812 158.857 280098
2.16367e+18 0 2.2868e+07 3.34758e+17 13 8 2.97284e+08 8.88057e-10 59.5 216368
1.17243e+08 6.46309e+08 8.5623e+07 4.48003e+07 12 5 1.02748e+09 22.9346 181.2 400360
4.91888e+09 3.77846e+09 7.77955e+07 5.23982e+07 15 8 1.16693e+09 22.2705 237.5 166746
6.86118e+08 1.77324e+09 8.03614e+07 2.96326e+08 16 8 1.28578e+09 4.33909 167.5 407208
2.16827e+08 1.76939e+09 8.31347e+07 2.87416e+07 13 7 1.08075e+09 37.6023 151.429 203257
1.97305e+08 1.57993e+09 8.55888e+07 9.94197e+07 14 5 1.19824e+09 12.0524 150.8 196213
2.63122e+08 8.22349e+09 8.32641e+07 2.41961e+07 15 6 1.24896e+09 51.6183 32 363885
7.91201e+08 1.38558e+09 7.51548e+07 1.13017e+08 16 5 1.20248e+09 10.6398 122.8 374166
1.99709e+08 2.40312e+09 7.75453e+07 1.36639e+07 15 8 1.16318e+09 85.1282 184 240198
7.42392e+08 1.72689e+09 8.03139e+07 1.6435e+07 17 8 1.36534e+09 83.0747 199.5 458783
9.68528e+07 1.01204e+09 7.53195e+07 6.54376e+06 13 6 9.79153e+08 149.632 87.3333 196670
8.67135e+08 1.78019e+09 8.53176e+07 1.16019e+08 17 8 1.4504e+09 12.5014 146.875 327841
1.8058e+08 1.93333e+09 8.60224e+07 3.02076e+07 14 7 1.20431e+09 39.8679 296.857 436693
6.47184e+08 3.05592e+09 7.62951e+07 7.55327e+07 14 9 1.06813e+09 14.1413 90.2222 372644
1.05868e+09 2.89258e+09 7.20554e+07 9.70567e+06 15 9 1.08083e+09 111.361 94 261955
5.84286e+08 2.11073e+09 8.29606e+07 4.79298e+07 15 8 1.24441e+09 25.9631 185.875 214645
3.16003e+08 2.83737e+09 6.82358e+07 9.97793e+06 16 8 1.09177e+09 109.419 136 338154
2.38314e+18 0 5.96428e+07 1.40507e+17 11 8 6.5607e+08 4.6693e-09 154 260247
1.00876e+08 1.59872e+09 8.63304e+07 6.71773e+07 14 6 1.20863e+09 17.9916 113.333 454964
1.47701e+18 0 2.46273e+07 3.11284e+17 12 10 2.95527e+08 9.49381e-10 45.6 384028
1.39372e+09 2.17736e+09 7.72649e+07 1.68204e+08 14 7 1.08171e+09 6.43092 165.714 268260
3.21343e+08 1.15426e+09 8.08871e+07 7.5804e+06 17 7 1.37508e+09 181.399 91.4286 155841
1.08354e+18 0 4.15602e+07 2.51118e+17 12 8 4.98722e+08 1.98601e-09 137.875 359287
3.05956e+08 1.08318e+09 8.46096e+07 3.21864e+07 16 7 1.35375e+09 42.0598 62 189439
1.72017e+08 1.11011e+09 8.37111e+07 8.33902e+07 16 8 1.33938e+09 16.0616 75.5 335618
1.46436e+09 2.39177e+09 7.38203e+07 2.45871e+06 13 9 9.59665e+08 390.312 136 216432
2.63545e+08 1.4429e+09 8.40747e+07 2.19104e+07 13 5 1.09297e+09 49.8837 154 473937
1.56266e+08 2.87376e+09 7.7664e+07 7.94545e+06 17 7 1.32029e+09 166.169 113.714 480532
5.86078e+08 1.96412e+09 8.85501e+07 2.55639e+08 17 7 1.50535e+09 5.88857 21.7143 336919
5.1314e+08 2.31569e+09 8.54233e+07 2.05547e+08 16 6 1.36677e+09 6.64945 106.833 258158
3.47432e+08 2.04185e+09 8.57179e+07 2.7239e+08 16 7 1.37149e+09 5.03501 69.4286 368343
3.98736e+09 4.15456e+09 6.40522e+07 9.58106e+06 15 9 9.60783e+08 100.279 171.556 374347
3.08725e+08 1.84118e+09 8.47817e+07 1.80629e+07 15 6 1.27173e+09 70.4054 133.333 332470
2.44055e+09 3.97906e+09 6.29073e+07 3.71488e+06 10 8 6.29073e+08 169.339 75.5 361360
1.61878e+08 1.6038e+09 6.89532e+07 1.63709e+07 17 8 1.1722e+09 71.6029 302.875 352813
7.1877e+08 2.44754e+09 7.53834e+07 4.18651e+07 10 8 7.53834e+08 18.0063 140.875 373191
3.44424e+08 2.42199e+09 8.36475e+07 6.5417e+07 15 5 1.25471e+09 19.1802 120.8 394465
1.36433e+08 2.30561e+09 8.44728e+07 908244 10 7 8.44728e+08 930.068 98.8571 381107
1.5939e+08 1.17323e+09 8.57179e+07 1.22286e+07 16 7 1.37149e+09 112.154 85.4286 412474
6.15768e+08 1.69601e+09 7.95101e+07 1.18767e+07 15 9 1.19265e+09 100.42 134 303333
5.27613e+07 1.08932e+09 7.19582e+07 3.80754e+06 12 6 8.63498e+08 226.786 149.333 199223
2.30757e+08 1.7523e+09 8.74501e+07 1.7109e+07 16 9 1.3992e+09 81.7815 134.889 326544
1.71213e+08 4.73884e+09 7.73562e+07 7.84991e+06 16 9 1.2377e+09 157.671 76.2222 243890
2.35981e+08 1.2451e+09 7.87164e+07 5.42889e+07 17 6 1.33818e+09 24.6492 186.833 366576
1.41876e+08 1.51775e+09 8.15495e+07 1.59516e+07 13 6 1.06014e+09 66.4599 83.5 202693
1.72744e+08 2.33768e+09 8.45988e+07 2.22006e+07 17 7 1.43818e+09 64.781 159.714 383377
6.70517e+08 1.59576e+09 7.5987e+07 1.49294e+08 14 7 1.06382e+09 7.12565 223.429 251919
3.20688e+08 2.7815e+09 7.88805e+07 7.51892e+06 12 6 9.46565e+08 125.891 186 447794
2.46727e+08 2.53175e+09 8.30342e+07 3.51048e+07 17 6 1.41158e+09 40.2105 144.833 420097
5.79788e+08 2.36978e+09 7.70567e+07 6.29684e+06 16 8 1.23291e+09 195.798 116.875 333700
8.62444e+08 2.35931e+09 8.27476e+07 1.66602e+08 14 6 1.15847e+09 6.95349 184.833 391967
3.13265e+08 3.89802e+09 7.24318e+07 8.40941e+06 13 6 9.41613e+08 111.971 160 504072
7.03617e+07 1.43396e+09 8.50297e+07 5.1481e+07 14 6 1.19042e+09 23.1234 220 438365
1.82135e+08 1.97628e+09 8.79108e+07 1.1402e+08 14 8 1.23075e+09 10.7941 79.5 274149
8.43215e+08 1.38697e+09 7.73762e+07 6.32608e+07 16 9 1.23802e+09 19.5701 146.889 314754
4.1549e+09 3.14316e+09 7.95278e+07 8.47608e+06 16 8 1.27244e+09 150.122 91.5 317299
8.70177e+08 1.49493e+09 7.00639e+07 3.56324e+07 15 8 1.05096e+09 29.4945 209.5 261959
2.46517e+08 1.84927e+09 8.98439e+07 1.13932e+08 13 6 1.16797e+09 10.2515 77.5 463288
1.92048e+08 1.21841e+09 7.35509e+07 1.48512e+07 14 6 1.02971e+09 69.3353 237.333 324918
1.89236e+08 2.40029e+09 8.91083e+07 1.54448e+08 11 8 9.80192e+08 6.34641 126 367875
3.12994e+08 2.50502e+09 7.0156e+07 3.6249e+07 17 7 1.19265e+09 32.9017 83.7143 315248
1.30711e+08 2.05746e+09 7.74076e+07 1.22726e+07 14 8 1.08371e+09 88.3026 245.5 276251
6.12706e+08 1.68405e+09 6.80941e+07 9.34634e+06 13 6 8.85224e+08 94.7134 315.5 246540
2.40718e+08 2.03424e+09 8.12958e+07 2.36165e+07 17 6 1.38203e+09 58.5197 91.5 338585
4.75519e+07 6.52318e+08 7.34311e+07 1.5176e+07 14 5 1.02804e+09 67.7408 190 317644
1.78361e+08 1.68078e+09 8.23201e+07 3.82413e+07 17 8 1.39944e+09 36.595 125.5 374983
2.21354e+18 0 5.96326e+07 2.02839e+17 15 9 8.94489e+08 4.40985e-09 96 381950
7.42314e+08 1.85933e+09 7.96497e+07 5.13278e+08 14 6 1.1151e+09 2.1725 232.833 325749
3.51456e+08 2.09974e+09 8.52667e+07 4.53635e+08 13 6 1.10847e+09 2.44352 79.3333 289993
9.18789e+08 1.566e+09 8.28807e+07 9.7495e+06 12 5 9.94569e+08 102.012 108 568312
8.27083e+08 1.85526e+09 8.20128e+07 1.89627e+08 15 9 1.23019e+09 6.48742 133.556 352097
5.00514e+07 1.41582e+09 7.5542e+07 1.54787e+06 14 8 1.05759e+09 683.252 143.5 579097
3.96305e+08 1.94146e+09 8.94757e+07 4.6164e+07 17 7 1.52109e+09 32.9496 59.4286 582166
3.78724e+09 2.90926e+09 5.80614e+07 3.3469e+06 14 8 8.12859e+08 242.869 201.875 618185
3.47498e+08 1.78759e+09 8.40886e+07 1.72185e+08 19 7 1.59768e+09 9.27888 269.429 252793
1.8563e+09 1.72478e+09 7.10986e+07 5.63683e+06 13 8 9.24281e+08 163.972 162.875 225064
2.10697e+08 2.47464e+09 8.08795e+07 2.29938e+07 18 8 1.45583e+09 63.3139 73.875 461255
3.95352e+08 1.91765e+09 8.04563e+07 6.01334e+07 16 4 1.2873e+09 21.4074 21 273555
1.37758e+08 4.47176e+09 5.33972e+07 4.15282e+06 15 7 8.00958e+08 192.871 142.857 281126
9.01395e+07 1.02193e+09 8.16341e+07 1.59834e+07 17 6 1.38778e+09 86.8266 118.833 283733
1.96278e+08 1.42527e+09 7.27236e+07 953018 10 6 7.27236e+08 763.088 46.8333 472941
1.54199e+08 1.26099e+09 6.49211e+07 1.92759e+06 16 7 1.03874e+09 538.881 213.714 326328
6.31484e+08 5.20189e+09 7.09088e+07 3.76524e+08 9 5 6.38179e+08 1.69492 226.8 365820
1.37444e+09 3.38673e+09 7.31015e+07 1.37134e+07 13 8 9.50319e+08 69.2988 161.875 286755
1.06804e+09 1.60247e+09 8.1327e+07 6.2796e+07 14 7 1.13858e+09 18.1314 111.714 306815
1.13776e+18 0 4.55032e+07 4.12674e+15 10 7 4.55032e+08 1.10264e-07 84.8571 666648
2.8785e+08 1.76962e+09 8.40819e+07 5.08099e+07 17 7 1.42939e+09 28.1322 112 325952
2.98906e+08 1.34207e+09 8.4953e+07 3.84141e+07 18 7 1.52915e+09 39.807 161.714 385117
1.465e+08 1.78534e+09 9.02265e+07 5.95844e+06 11 7 9.92492e+08 166.569 162.857 443590
2.61804e+08 1.40059e+09 7.08892e+07 4.12158e+06 15 7 1.06334e+09 257.993 27.7143 305405
2.31216e+08 1.70633e+09 8.4096e+07 6.8385e+07 17 9 1.42963e+09 20.9056 162.222 282378
1.22805e+08 4.31517e+09 7.39883e+07 3.28975e+07 12 7 8.87859e+08 26.9887 221.429 143113
1.51156e+09 1.57322e+09 8.09682e+07 8.30939e+07 18 8 1.45743e+09 17.5395 188 340705
6.38251e+09 4.23788e+09 7.91252e+07 5.89627e+07 17 8 1.34513e+09 22.8132 159.875 269703
1.89756e+08 2.01661e+09 7.14058e+07 7.80616e+06 13 7 9.28275e+08 118.916 258.857 303206
9.13691e+08 1.64926e+09 6.01438e+07 5.53187e+06 15 9 9.02157e+08 163.084 124 257336
5.80779e+08 1.7748e+09 8.04579e+07 1.28348e+08 18 7 1.44824e+09 11.2838 139.714 258741
1.90755e+18 0 5.95181e+07 8.40717e+11 12 10 7.14217e+08 0.000849533 58.4 555313
3.54481e+09 2.87158e+09 7.70146e+07 6.85992e+06 18 8 1.38626e+09 202.081 115.5 441444
3.38627e+09 2.75521e+09 6.94838e+07 1.86192e+08 16 8 1.11174e+09 5.97095 158 154672
1.9153e+07 1.30521e+09 6.34252e+07 23629.4 12 7 7.61102e+08 32210 83.7143 118069
2.74331e+09 2.95179e+09 8.28852e+07 2.41179e+08 18 8 1.49193e+09 6.18599 73.875 193995
1.14431e+09 2.80632e+09 8.38558e+07 3.05808e+08 16 8 1.34169e+09 4.38738 85.875 375419
1.62372e+08 1.56658e+09 8.68325e+07 1.33819e+08 14 7 1.21565e+09 9.08429 99.7143 341374
9.59301e+08 1.78303e+09 7.68797e+07 3.03221e+07 15 7 1.15319e+09 38.0314 118 157573
1.90505e+08 1.45146e+09 8.37859e+07 9.93416e+07 15 6 1.25679e+09 12.6512 123.333 274100
2.13862e+08 8.85557e+08 8.66364e+07 6.02253e+07 16 6 1.38618e+09 23.0166 177.333 413993
1.33836e+08 1.62857e+09 9.17877e+07 6.10688e+07 11 8 1.00966e+09 16.5332 309.875 267912
7.76664e+07 8.7306e+08 8.62804e+07 4.16662e+07 13 9 1.12165e+09 26.9198 204 242516
3.5017e+09 4.20035e+09 8.35279e+07 2.28819e+07 13 8 1.08586e+09 47.4551 201.5 316487
1.79536e+08 1.54166e+09 8.05422e+07 2.91894e+07 18 8 1.44976e+09 49.6674 95.5 293532
3.54531e+08 1.89385e+09 7.24726e+07 8.82312e+06 14 6 1.01462e+09 114.995 233.333 229011
3.02525e+17 0 2.7689e+06 2.4202e+18 9 8 2.49201e+07 1.02967e-11 232 264973
1.08411e+08 1.10794e+09 8.27103e+07 2.3916e+07 15 5 1.24065e+09 51.8755 134.8 309602
3.52972e+08 1.34572e+09 8.53754e+07 1.94504e+08 10 8 8.53754e+08 4.3894 147.875 432343
1.41191e+08 3.29124e+09 7.66374e+07 2.28486e+07 16 7 1.2262e+09 53.6663 37.4286 383884
2.04372e+08 1.74301e+09 8.07974e+07 2.38674e+07 12 4 9.69569e+08 40.6231 98 415156
2.91483e+09 3.39048e+09 7.59265e+07 1.43416e+08 15 8 1.1389e+09 7.94123 129.875 371816
4.38614e+09 3.36897e+09 8.11555e+07 7.42032e+07 15 8 1.21733e+09 16.4054 54.875 288247
1.56595e+08 2.33878e+09 6.95088e+07 1.53918e+07 16 9 1.11214e+09 72.2554 129.556 259841
2.47435e+08 1.5212e+09 7.89049e+07 1.73653e+08 18 7 1.42029e+09 8.17888 112 304196
1.45393e+09 1.48957e+09 8.25985e+07 3.69985e+07 15 7 1.23898e+09 33.4872 93.7143 237435
6.26854e+08 1.78688e+09 8.0394e+07 1.74422e+07 15 6 1.20591e+09 69.1375 166.833 161848
6.95088e+09 5.68213e+09 6.21359e+07 1.03976e+07 17 10 1.05631e+09 101.591 74.4 403182
1.37523e+08 2.61284e+09 8.29573e+07 7.68165e+07 16 7 1.32732e+09 17.2791 68.8571 412770
9.04258e+08 1.70279e+09 7.62489e+07 5.03412e+07 11 5 8.38738e+08 16.6611 220 242689
1.34255e+08 1.20487e+09 8.94626e+07 3.84042e+07 14 6 1.25248e+09 32.613 125.5 309686
3.05396e+08 1.85271e+09 8.05644e+07 8.09385e+06 15 5 1.20847e+09 149.307 54.8 207227
1.27328e+08 1.10594e+09 8.32268e+07 4.63269e+07 16 8 1.33163e+09 28.7442 162.875 288121
4.87567e+08 2.25803e+09 6.61475e+07 1.26364e+07 12 7 7.9377e+08 62.8162 256 235303
8.65054e+17 0 4.71778e+07 1.3587e+17 9 7 4.24601e+08 3.12505e-09 190.857 458213
9.38048e+07 1.09366e+09 8.28336e+07 2.33485e+07 13 8 1.07684e+09 46.1203 99.5 137251
2.65096e+08 1.38162e+09 8.27849e+07 1.36196e+08 15 7 1.24177e+09 9.11752 94.8571 539733
1.99911e+18 0 2.43557e+07 1.38446e+17 15 7 3.65335e+08 2.63883e-09 166 251956
2.68669e+08 1.63044e+09 8.50639e+07 4.56579e+07 15 5 1.27596e+09 27.9461 122.8 328525
7.84327e+09 4.96545e+09 7.05604e+07 4.28379e+07 12 7 8.46725e+08 19.7658 152.857 212468
2.39417e+08 1.74084e+09 7.65176e+07 1.52973e+07 15 6 1.14776e+09 75.0304 79.3333 326602
1.5037e+09 1.42727e+09 7.79619e+07 2.94147e+07 12 7 9.35543e+08 31.8053 159.429 376297
1.89856e+08 1.64446e+09 8.01241e+07 3.17284e+07 13 7 1.04161e+09 32.829 46.8571 262034
3.14211e+08 2.8076e+09 7.83261e+07 5.95632e+07 14 6 1.09657e+09 18.4101 182.833 285069
2.63218e+08 1.55495e+09 8.19818e+07 3.73825e+07 17 8 1.39369e+09 37.2818 114 440609
1.37351e+09 2.33549e+09 7.22294e+07 1.7066e+07 16 8 1.15567e+09 67.7178 203.5 341461
1.88528e+08 1.46138e+09 8.57889e+07 1.67971e+08 13 6 1.11526e+09 6.63956 115.5 333597
1.00961e+09 1.77188e+09 8.31416e+07 5.82842e+07 15 7 1.24712e+09 21.3973 189.429 459714
1.53156e+08 1.52947e+09 6.80671e+07 5.2572e+06 15 6 1.02101e+09 194.211 57.3333 244729
7.14758e+08 2.2456e+09 7.9348e+07 6.74957e+07 16 9 1.26957e+09 18.8096 80.8889 198461
2.72532e+08 1.77277e+09 8.66238e+07 3.85097e+07 17 8 1.4726e+09 38.2398 83.875 348599
2.60799e+08 1.51155e+09 7.99042e+07 3.10858e+07 15 7 1.19856e+09 38.5566 76 466649
4.52559e+09 4.26312e+09 8.14406e+07 2.31856e+08 11 6 8.95847e+08 3.86381 266.833 506062
1.83734e+09 2.40619e+09 7.13165e+07 8.02644e+06 17 7 1.21238e+09 151.048 147.429 269807
3.63915e+07 8.9197e+08 8.17746e+07 1.24692e+07 11 5 8.99521e+08 72.1394 186 128281
2.92306e+08 1.29645e+09 8.55831e+07 2.82599e+07 16 8 1.36933e+09 48.4549 161.5 215008
4.12966e+08 2.85575e+09 7.20075e+07 4.41336e+06 15 4 1.08011e+09 244.737 38.75 1.00414e+06
1.03398e+08 1.53595e+09 8.33546e+07 1.76528e+07 15 9 1.25032e+09 70.8284 108.222 220789
3.47483e+08 1.32449e+09 8.2799e+07 1.17146e+08 14 8 1.15919e+09 9.89524 144.875 439708
1.57139e+08 9.00352e+08 7.23509e+07 1.33229e+07 12 10 8.68211e+08 65.1668 238 337686
6.38544e+08 1.52602e+09 7.92492e+07 1.16347e+07 15 8 1.18874e+09 102.172 263.5 174496
4.09926e+08 1.64256e+09 8.53257e+07 1.18552e+08 18 6 1.53586e+09 12.9552 68.8333 337755
1.23148e+08 1.40127e+09 8.99607e+07 1.53204e+07 13 5 1.16949e+09 76.3355 107.2 398100
4.29822e+09 3.16922e+09 7.33546e+07 3.08347e+07 15 7 1.10032e+09 35.6845 194.857 500805
1.76718e+08 3.19264e+09 6.47364e+07 1.04755e+06 12 6 7.76837e+08 741.575 203.333 146091
1.52808e+08 1.59675e+09 8.84435e+07 4.51428e+07 16 6 1.4151e+09 31.3471 84.8333 350694
1.79811e+09 3.07149e+09 6.61342e+07 7.05622e+08 13 5 8.59744e+08 1.21842 200.8 233576
8.53502e+07 1.28036e+09 8.30272e+07 2.65054e+07 16 7 1.32843e+09 50.1194 31.7143 314074
1.73028e+08 1.48065e+09 8.73065e+07 3.43108e+07 13 7 1.13498e+09 33.0795 142.857 271973
1.98033e+08 1.17454e+09 7.69415e+07 2.14259e+07 13 4 1.00024e+09 46.6836 80.75 72747.3
1.52618e+08 1.41824e+09 8.39457e+07 1.96955e+07 17 7 1.42708e+09 72.4569 79.4286 533236
4.16292e+09 3.85308e+09 7.62879e+07 3.10033e+07 16 8 1.22061e+09 39.3703 200 340482
4.00224e+07 4.82412e+10 7.80085e+07 1.50354e+07 15 8 1.17013e+09 77.8246 126.875 341873
3.56996e+08 1.35655e+09 8.37061e+07 1.4296e+07 16 7 1.3393e+09 93.6835 104 107036
3.15396e+09 3.22707e+09 6.62939e+07 1.40259e+07 14 8 9.28115e+08 66.1715 160 367716
1.64084e+18 0 2.33735e+07 9.9726e+16 11 7 2.57109e+08 2.57815e-09 272 275186
1.42368e+08 2.07098e+09 7.11448e+07 8.82488e+06 15 7 1.06717e+09 120.928 106.857 316906
2.38642e+09 3.80471e+09 8.26096e+07 2.59726e+07 11 8 9.08706e+08 34.9871 123.875 372147
