1.68046e+09 4.8529e+09 5.836e+07 1.08988e+06 6 16 3.5016e+08 321.283 54.9375 175251
4.83132e+09 5.27107e+09 5.36808e+07 388894 12 12 6.44169e+08 1656.42 73 240663
2.41971e+09 5.35137e+09 4.13852e+07 435638 7 15 2.89696e+08 664.994 28.9333 194922
3.49576e+07 9.46243e+08 7.42739e+07 1.58273e+06 11 14 8.17013e+08 516.205 113.5 196240
1.8144e+12 0 5e+06 3.26592e+13 5 18 2.5e+07 7.65481e-07 36.5 35831.2
9.71742e+08 1.29154e+09 7.40682e+07 2.49871e+07 15 10 1.11102e+09 44.4638 197.6 388809
2.16945e+09 3.71846e+09 6.64856e+07 2.5191e+07 10 16 6.64856e+08 26.3926 51.4375 143544
1.15203e+09 7.44233e+09 6.43504e+07 8.78263e+07 3 19 1.93051e+08 2.1981 24.5263 31816.9
7.66203e+08 1.53719e+09 7.60849e+07 1.35978e+06 12 11 9.13019e+08 671.445 140 268025
9.17822e+17 0 2.42279e+06 1.46852e+19 9 16 2.18051e+07 1.48484e-12 43.9375 85052.9
2.83146e+09 2.86686e+09 7.46356e+07 5.29349e+07 16 12 1.19417e+09 22.5592 112.667 203558
1.93897e+09 2.68826e+09 7.87487e+07 1.19208e+07 15 12 1.18123e+09 99.0901 86 301119
8.91882e+08 3.5169e+09 6.64696e+07 1.23136e+06 5 18 3.32348e+08 269.903 106.444 26835
3.75001e+09 3.93249e+09 7.38695e+07 1.25957e+08 13 11 9.60304e+08 7.62405 92.7273 265305
1.66219e+12 0 2.5e+06 2.6595e+13 10 16 2.5e+07 9.40025e-07 21 273731
1.65978e+18 0 1.71541e+07 2.05301e+17 13 9 2.23003e+08 1.08622e-09 33.5556 528363
7.54385e+17 0 3.96006e+07 3.64983e+11 10 15 3.96006e+08 0.001085 25.6 174627
1.32878e+09 1.71813e+09 7.06681e+07 3.4622e+06 17 12 1.20136e+09 346.992 92.25 300274
7.53039e+17 0 1.98228e+06 9.78951e+18 11 13 2.18051e+07 2.2274e-12 38.9231 239475
1.21152e+09 2.56643e+09 5.10383e+07 697030 8 16 4.08307e+08 585.781 29.75 211260
1.61139e+18 0 2.18672e+07 4.02363e+17 9 14 1.96805e+08 4.89123e-10 27.2143 317266
5.85738e+07 1.38545e+09 8.84363e+07 4.36228e+06 9 9 7.95927e+08 182.457 142.222 489446
1.77023e+09 1.06214e+10 2.22577e+07 126869 3 18 6.67732e+07 526.317 44.5 29990.9
3.15067e+09 4.8815e+09 4.95927e+07 707229 10 15 4.95927e+08 701.224 34.9333 221394
1.96463e+09 1.30975e+10 2.28435e+07 52572.7 3 20 6.85304e+07 1303.53 33 21808.7
3.64821e+08 1.9384e+09 7.85372e+07 2.10015e+07 14 9 1.09952e+09 52.3543 91.5556 517659
9.76991e+08 2.24501e+09 7.40655e+07 1.32716e+06 10 16 7.40655e+08 558.074 97.75 266732
1.2467e+08 5.33562e+08 7.0434e+07 4.07649e+06 6 18 4.22604e+08 103.669 228.944 56789.1
1.21079e+09 2.44736e+09 7.84665e+07 4.29873e+07 10 14 7.84665e+08 18.2534 79.4286 236462
2.17629e+08 1.31221e+09 7.75825e+07 2.8507e+07 15 8 1.16374e+09 40.8228 224 452404
9.5487e+08 2.53302e+09 7.19135e+07 2.8157e+07 14 10 1.00679e+09 35.7562 128.5 291416
1.86906e+09 2.4568e+09 7.48536e+07 9.73423e+06 12 11 8.98243e+08 92.2767 62 167623
1.99635e+09 1.3309e+10 2.24707e+07 161754 3 20 6.74121e+07 416.756 8.95 20826.2
2.73037e+09 3.19249e+09 7.19755e+07 8.12126e+06 15 9 1.07963e+09 132.939 82.2222 409971
6.13307e+08 1.63623e+09 8.0424e+07 5.73123e+06 11 10 8.84665e+08 154.359 240.9 344372
1.60074e+18 0 1.8754e+07 1.71399e+17 10 9 1.8754e+08 1.09417e-09 46 409622
2.10337e+09 3.36092e+09 7.21738e+07 6.96003e+06 13 12 9.38259e+08 134.807 125.667 330260
1.19062e+09 2.74302e+09 7.2808e+07 1.76834e+06 9 16 6.55272e+08 370.558 47.9375 180153
8.84662e+08 2.62324e+09 6.44683e+07 9.56723e+06 7 17 4.51278e+08 47.1691 25.5294 60393.3
1.0808e+09 2.36085e+09 8.44798e+07 1.64606e+07 16 10 1.35168e+09 82.116 94.5 421526
2.47265e+09 1.17451e+10 2.29633e+07 68562 4 19 9.1853e+07 1339.71 38.7368 63215.9
3.38487e+09 3.38487e+10 2.08866e+07 3.33163e+10 2 20 4.17732e+07 0.00125383 18.95 13600
1.24402e+08 5.94445e+08 7.25525e+07 1.06097e+06 14 14 1.01573e+09 957.363 104.929 234772
3.36112e+09 5.06231e+09 7.15322e+07 6.80845e+07 12 15 8.58387e+08 12.6077 58.4 293232
4.13942e+09 6.53164e+09 5.7508e+07 831102 11 16 6.32588e+08 761.144 54 351350
1.1525e+09 2.60658e+09 7.224e+07 1.42554e+06 9 16 6.5016e+08 456.078 74.4375 132340
2.11463e+08 1.63974e+09 7.6852e+07 1.26277e+07 16 8 1.22963e+09 97.3758 167.5 200224
5.59555e+09 4.78773e+09 5.937e+07 4.03839e+06 16 13 9.4992e+08 235.223 48.3077 206581
6.80052e+08 2.47066e+09 5.66294e+07 5.70621e+06 5 18 2.83147e+08 49.6208 29.6111 59515.6
1.81952e+08 1.42434e+09 8.23216e+07 1.54021e+07 15 12 1.23482e+09 80.1724 80.9167 281566
4.14164e+09 4.35546e+09 7.26837e+07 1.52061e+07 15 13 1.09026e+09 71.6985 67.2308 337648
7.46766e+08 1.95877e+09 7.5655e+07 6.7425e+06 10 14 7.5655e+08 112.206 82.9286 213967
2.69822e+09 4.26886e+09 6.89763e+07 1.71205e+07 12 13 8.27716e+08 48.3466 146.769 257001
3.44928e+08 1.67953e+09 8.30893e+07 2.57857e+07 18 7 1.49561e+09 58.0015 46 329410
3.27914e+09 3.1003e+09 6.81367e+07 6.20403e+07 14 10 9.53914e+08 15.3757 102.9 234374
8.61051e+17 0 2.60583e+06 1.11937e+19 8 13 2.08466e+07 1.86236e-12 28 260388
1.14085e+09 1.79688e+09 7.07725e+07 3.03507e+07 14 12 9.90815e+08 32.6456 149.667 318000
1.2713e+18 0 1.59744e+06 1.39843e+19 13 11 2.07668e+07 1.48501e-12 88.5455 437878
5.90446e+08 1.62179e+09 7.72444e+07 9.91024e+06 10 14 7.72444e+08 77.944 149.214 127592
1.11801e+18 0 5.29153e+06 1.90062e+19 4 17 2.11661e+07 1.11364e-12 7.88235 107144
1.89967e+09 1.89967e+10 2.09265e+07 1.32102e+10 2 20 4.1853e+07 0.00316823 30.2 7619.62
3.23609e+08 1.27125e+09 6.33096e+07 6.14537e+06 11 9 6.96406e+08 113.322 226.222 567919
1.90043e+09 1.95167e+09 7.23266e+07 1.4433e+07 17 10 1.22955e+09 85.1906 124.1 472766
7.83787e+08 1.8478e+09 7.46867e+07 1.02201e+07 13 11 9.70927e+08 95.002 197.636 306757
1.26324e+08 1.16012e+09 7.71443e+07 1.70576e+06 13 10 1.00288e+09 587.935 162.4 298500
1.23824e+09 2.33213e+09 6.63593e+07 7.18961e+06 11 16 7.29952e+08 101.529 133.75 228213
1.48871e+09 3.53515e+09 5.89102e+07 1.46727e+06 9 16 5.30192e+08 361.346 44 157285
1.52277e+09 3.04554e+10 2.18051e+07 3.04554e+10 1 20 2.18051e+07 0.00071597 18.2 7896.7
1.64393e+18 0 1.66871e+07 1.22477e+17 13 9 2.16933e+08 1.77121e-09 114.222 375951
2.38278e+09 6.4936e+09 7.23414e+07 501693 7 17 5.0639e+08 1009.36 36.1176 200222
5.60402e+08 1.94743e+09 7.00799e+07 9.38795e+06 10 11 7.00799e+08 74.6487 200.545 361982
4.85254e+07 1.53313e+09 8.40735e+07 2.17455e+07 15 8 1.2611e+09 57.9938 127.875 371019
3.207e+09 3.85277e+09 6.8174e+07 2.88516e+07 13 13 8.86262e+08 30.7179 203.231 217559
3.98593e+08 1.99297e+09 2.32628e+07 129346 4 20 9.30511e+07 719.397 16.2 28393
9.52474e+08 1.95835e+09 6.25133e+07 333234 9 17 5.6262e+08 1688.36 33.8824 176236
1.59944e+09 1.06629e+10 2.24175e+07 184406 3 20 6.72524e+07 364.698 25 18865.2
4.9927e+09 4.91245e+09 7.44962e+07 4.4571e+07 13 12 9.6845e+08 21.7283 86 258287
1.68074e+08 1.70825e+09 8.52091e+07 3.56254e+08 11 14 9.373e+08 2.63099 80.9286 174271
2.31662e+09 2.71077e+09 7.41663e+07 1.6289e+08 16 9 1.18666e+09 7.28503 74.2222 381126
7.31113e+08 3.64804e+09 7.72843e+07 1.73127e+08 5 17 3.86422e+08 2.23201 56 208366
1.54741e+08 1.84981e+09 7.64856e+07 3.9225e+06 15 10 1.14728e+09 292.488 132.1 465468
3.36359e+09 1.08044e+10 4.79499e+07 2.9196e+06 6 19 2.877e+08 98.5406 22.9474 77094.3
1.1431e+09 7.62065e+09 2.24707e+07 141376 3 20 6.74121e+07 476.829 36.95 24138.8
2.10648e+09 3.24676e+09 7.50145e+07 7.62054e+06 11 14 8.2516e+08 108.281 65.5 188794
6.10495e+17 0 3.13784e+06 9.76792e+18 7 16 2.19649e+07 2.24867e-12 55.75 188767
2.24828e+08 1.51368e+09 8.32019e+07 7.87085e+07 16 11 1.33123e+09 16.9134 129.636 397097
3.14162e+09 6.89588e+09 4.95651e+07 2.51371e+06 9 14 4.46086e+08 177.461 90.9286 256583
4.88563e+08 1.47831e+09 7.84859e+07 1.75476e+07 14 7 1.0988e+09 62.6183 123.429 329277
1.68809e+09 2.72775e+09 7.09193e+07 7.8343e+07 11 15 7.80112e+08 9.95765 37.7333 249296
8.67249e+07 1.70492e+09 7.67388e+07 1.57059e+07 13 11 9.97604e+08 63.5179 84 339331
1.93404e+09 2.84575e+09 7.50282e+07 1.49729e+07 17 9 1.27548e+09 85.1856 101.556 262507
1.58922e+09 3.48287e+09 7.78609e+07 3.1298e+08 11 15 8.5647e+08 2.7365 70 249327
1.59036e+09 1.30093e+09 7.07721e+07 3.22074e+07 15 8 1.06158e+09 32.9608 159.875 603105
4.34267e+07 1.34004e+09 7.80032e+07 716753 5 18 3.90016e+08 544.143 33.6111 44991.8
5.89563e+09 4.00613e+09 6.82813e+07 4.24238e+06 17 10 1.16078e+09 273.616 78.4 255363
1.9231e+08 2.16715e+09 6.53454e+07 9.4647e+06 16 8 1.04553e+09 110.466 79.5 492412
2.13227e+09 2.87617e+09 7.72843e+07 1.75901e+08 15 12 1.15927e+09 6.59043 106.25 325827
2.44723e+18 0 6.96326e+07 1.16131e+15 10 12 6.96326e+08 5.99602e-07 74.6667 160037
1.73003e+09 2.8041e+09 6.49651e+07 1.30068e+07 11 16 7.14617e+08 54.9416 66 148593
3.11152e+07 2.16095e+09 7.19826e+07 9.59685e+06 9 15 6.47843e+08 67.5059 35.7333 133153
9.21911e+17 0 2.0607e+06 1.38287e+19 10 15 2.0607e+07 1.49017e-12 10.9333 252481
1.14668e+09 7.64451e+09 2.4148e+07 88511.5 3 20 7.24441e+07 818.471 25 18112.4
2.96783e+09 4.63997e+09 5.29686e+07 1.12511e+06 12 15 6.35623e+08 564.945 81.6 267301
4.17258e+09 5.23878e+09 6.33079e+07 1.14887e+08 13 14 8.23003e+08 7.16359 109.5 285092
4.15177e+09 7.04058e+09 6.4519e+07 1.12738e+08 9 14 5.80671e+08 5.15064 70.9286 240062
2.75401e+09 4.42698e+09 7.72219e+07 1.85797e+08 11 13 8.49441e+08 4.57188 150.769 246390
2.58707e+08 1.54815e+09 8.29359e+07 3.33056e+08 14 13 1.1611e+09 3.48621 128.923 222488
1.72521e+09 8.62604e+09 2.28834e+07 133392 4 20 9.15335e+07 686.199 28.2 9071.52
2.86297e+09 4.54377e+09 8.19271e+07 1.66718e+08 11 11 9.01198e+08 5.40552 156.727 392729
7.85742e+08 1.89683e+09 7.02512e+07 2.30805e+06 11 14 7.72764e+08 334.812 208.857 294222
9.07393e+07 9.70386e+08 8.63019e+07 1.46693e+08 10 15 8.63019e+08 5.88315 86 156148
2.3696e+09 2.46602e+09 6.8722e+07 3.37183e+07 15 13 1.03083e+09 30.5719 109.077 239027
2.15691e+09 4.59631e+09 7.84168e+07 1.17993e+07 9 16 7.05751e+08 59.8129 116.938 125564
1.13247e+18 0 4.18838e+07 1.58938e+17 13 12 5.44489e+08 3.42578e-09 123.667 215619
4.1493e+09 8.96362e+09 5.33946e+07 1.68388e+08 8 17 4.27157e+08 2.53673 25.8824 122410
2.12839e+08 3.6699e+08 7.53268e+07 2.88576e+06 11 14 8.28594e+08 287.132 138.929 241215
2.40499e+08 3.78052e+09 9.35795e+07 2.82644e+08 13 10 1.21653e+09 4.30412 130.9 463309
6.3814e+08 4.25427e+09 2.3935e+07 696369 3 20 7.18051e+07 103.114 32.55 11261.9
