2.60098e+09 2.82048e+09 8.43389e+07 7.00036e+07 13 8 1.09641e+09 15.6621 152 219465
2.20449e+08 2.43248e+09 8.7116e+07 1.46757e+07 13 7 1.13251e+09 77.1692 165.429 353296
3.83626e+09 3.86068e+09 8.21762e+07 1.09672e+08 13 9 1.06829e+09 9.74077 212.889 343351
5.83946e+08 2.07688e+09 7.89445e+07 4.635e+08 13 4 1.02628e+09 2.21419 62.75 337180
7.87044e+17 0 2.29433e+07 1.59566e+17 12 9 2.75319e+08 1.72542e-09 162.222 246891
8.78513e+08 1.81024e+09 8.19329e+07 1.14008e+08 15 8 1.22899e+09 10.7799 73.875 350999
8.90538e+07 1.3244e+09 8.30192e+07 9.85896e+07 15 7 1.24529e+09 12.631 99.7143 388009
7.98634e+08 1.68212e+09 7.85087e+07 2.83808e+07 14 9 1.09912e+09 38.7277 168 268915
1.7739e+09 2.38424e+09 8.14856e+07 4.85634e+07 15 8 1.22228e+09 25.1688 91.875 275807
1.85171e+08 1.96692e+09 7.49867e+07 1.49981e+07 12 5 8.9984e+08 59.9971 83.2 249546
2.2942e+08 1.28441e+09 8.65986e+07 1.04459e+08 14 7 1.21238e+09 11.6063 116.857 402528
1.25904e+08 1.31127e+09 8.3147e+07 2.84193e+07 17 9 1.4135e+09 49.7373 120 382169
1.52918e+08 1.87073e+09 9.11632e+07 9.05617e+07 11 6 1.0028e+09 11.0731 99.3333 254946
9.31972e+08 2.37807e+09 7.85393e+07 7.56271e+07 16 7 1.25663e+09 16.6161 125.714 298813
1.87824e+08 1.60869e+09 7.22932e+07 1.44132e+07 18 6 1.30128e+09 90.2837 102.833 329526
6.21389e+09 3.92324e+09 6.49411e+07 1.32016e+06 16 8 1.03906e+09 787.07 67.875 278686
2.21553e+08 1.48084e+09 8.0243e+07 3.11641e+07 14 8 1.1234e+09 36.0479 197.875 183297
9.91023e+07 1.41332e+09 7.83896e+07 3.10264e+07 16 8 1.25423e+09 40.4247 346.875 511672
1.35329e+09 2.38104e+09 7.16853e+07 8.04945e+06 14 8 1.00359e+09 124.679 170 719300
4.04534e+09 3.18046e+09 7.58679e+07 3.55656e+07 15 8 1.13802e+09 31.9978 127.5 275031
1.03094e+08 1.29787e+09 8.39172e+07 3.14387e+07 14 7 1.17484e+09 37.3692 82 258683
1.99612e+08 1.65541e+09 7.86901e+07 1.06693e+07 15 9 1.18035e+09 110.631 184.889 297618
2.84686e+08 1.34741e+09 7.70367e+07 1.66652e+07 20 7 1.54073e+09 92.4523 71.7143 445704
1.39089e+09 2.95062e+09 6.08683e+07 4.63208e+06 14 6 8.52157e+08 183.968 91.5 309004
1.09365e+09 1.80982e+09 8.40575e+07 9.46473e+07 15 8 1.26086e+09 13.3217 305.875 243939
2.84524e+08 1.99539e+09 7.67359e+07 1.09451e+07 15 5 1.15104e+09 105.165 125.2 166697
3.63564e+09 4.27606e+09 7.87873e+07 1.21307e+08 12 9 9.45447e+08 7.79386 207.556 190726
2.06998e+18 0 4.84358e+07 4.2703e+16 12 8 5.8123e+08 1.3611e-08 206 239406
1.8301e+09 2.26873e+09 7.75632e+07 1.79809e+06 11 8 8.53195e+08 474.5 74 361712
7.80571e+08 2.20559e+09 8.1844e+07 1.25045e+08 16 8 1.3095e+09 10.4723 122.875 362732
3.65788e+08 1.44159e+09 7.99321e+07 3.92003e+07 12 4 9.59185e+08 24.4688 60.75 597581
7.11764e+08 1.87026e+09 7.98608e+07 1.44452e+07 14 7 1.11805e+09 77.3994 115.714 275856
3.27492e+08 1.789e+09 6.17596e+07 4.29328e+06 13 9 8.02875e+08 187.008 205.556 177302
2.71566e+08 2.17358e+09 7.6493e+07 7.71303e+07 13 8 9.94409e+08 12.8926 135.5 242214
2.55574e+09 2.47405e+09 6.74121e+07 2.21967e+06 14 8 9.4377e+08 425.184 279.875 193279
1.79761e+08 1.1597e+09 8.60908e+07 7.36858e+07 14 7 1.20527e+09 16.3569 221.429 276134
2.83352e+08 1.87435e+09 8.30848e+07 1.8269e+08 18 7 1.49553e+09 8.18613 36 388995
5.4387e+09 4.14523e+09 6.60044e+07 8.7061e+06 16 7 1.05607e+09 121.302 110.857 378129
1.00075e+09 1.69401e+09 7.80724e+07 1.27675e+08 15 6 1.17109e+09 9.1724 97.3333 374875
2.94175e+08 1.24988e+09 8.34805e+07 2.13897e+08 17 6 1.41917e+09 6.63482 39.5 313109
3.03809e+08 1.04749e+09 8.10809e+07 6.90476e+07 15 7 1.21621e+09 17.6141 262.857 496984
1.5297e+08 5.86183e+09 6.66294e+07 1.48396e+06 10 5 6.66294e+08 448.999 228.8 244047
2.75268e+08 1.80508e+09 8.57668e+07 5.24215e+07 15 7 1.2865e+09 24.5415 195.429 317671
4.64859e+09 3.63672e+09 8.24281e+07 5.84162e+07 17 6 1.40128e+09 23.9878 57.3333 214830
8.56668e+17 0 2.44209e+07 1.64622e+17 12 9 2.93051e+08 1.78014e-09 86 361371
2.74356e+08 3.36609e+09 7.45912e+07 1.11133e+07 17 5 1.26805e+09 114.102 88 286988
2.11606e+08 1.40094e+09 8.35064e+07 3.00498e+07 16 8 1.3361e+09 44.4629 120 97028.8
3.53908e+08 1.24879e+09 7.6238e+07 8.61492e+07 14 5 1.06733e+09 12.3893 56.8 209850
3.4571e+08 2.11494e+09 8.36439e+07 1.6184e+08 18 7 1.50559e+09 9.30297 48.8571 366847
2.25156e+08 1.71107e+09 7.80451e+07 1.6382e+08 16 8 1.24872e+09 7.62253 88 253637
6.21062e+08 1.96409e+09 7.11148e+07 1.15631e+07 14 10 9.95607e+08 86.102 162 273839
7.60944e+08 1.60069e+09 6.71259e+07 2.86563e+06 12 7 8.05511e+08 281.094 160 358770
1.08166e+18 0 2.19649e+07 5.08034e+17 12 8 2.63578e+08 5.1882e-10 46 456419
4.90655e+08 3.23716e+09 7.92918e+07 3.90586e+07 15 6 1.18938e+09 30.4511 51.3333 307750
4.97208e+09 3.96352e+09 7.55732e+07 1.02296e+08 17 7 1.28474e+09 12.5591 139.429 279995
4.53602e+09 3.78137e+09 8.08921e+07 1.52922e+07 13 7 1.0516e+09 68.7667 256 409506
2.40136e+08 2.52006e+09 8.40628e+07 1.84455e+08 15 8 1.26094e+09 6.83603 120.875 615135
8.40426e+07 1.80573e+09 7.17003e+07 3.79737e+06 16 6 1.1472e+09 302.105 136.833 293511
3.58718e+08 1.89111e+09 8.03071e+07 4.96708e+07 18 7 1.44553e+09 29.1022 78.8571 201265
6.38743e+08 1.42405e+09 7.6857e+07 2.66845e+07 16 7 1.22971e+09 46.0835 74.8571 405178
1.75307e+08 2.05851e+09 8.43663e+07 5.98915e+07 15 8 1.2655e+09 21.1298 163.5 399935
1.66279e+08 1.3328e+09 8.65077e+07 4.06027e+06 13 7 1.1246e+09 276.977 76.8571 224569
1.89401e+08 2.19981e+09 7.83996e+07 9.22806e+06 16 7 1.25439e+09 135.932 131.714 276597
7.18384e+07 1.9755e+09 8.53674e+07 1.3483e+07 15 6 1.28051e+09 94.9724 78.8333 375712
8.17243e+08 1.70047e+09 7.98373e+07 1.86586e+07 16 7 1.2774e+09 68.4616 113.714 250986
5.66421e+07 1.20805e+09 8.15845e+07 1.05209e+07 16 6 1.30535e+09 124.072 88.8333 442607
2.06688e+08 2.17566e+09 8.01461e+07 1.15363e+07 14 7 1.12204e+09 97.262 158 323460
3.67863e+08 2.49652e+09 8.06709e+07 4.38518e+07 16 7 1.29073e+09 29.4341 296.857 213202
4.12878e+09 3.36151e+09 8.01651e+07 4.90872e+07 15 8 1.20248e+09 24.4967 279.875 401426
2.09512e+08 1.27199e+09 8.17998e+07 1.21903e+07 15 7 1.227e+09 100.654 195.429 240130
3.77193e+08 1.90991e+09 8.26038e+07 3.53276e+07 15 5 1.23906e+09 35.0733 59.2 377000
2.09027e+08 1.82588e+09 8.541e+07 2.06546e+08 12 5 1.02492e+09 4.96218 120 287336
3.54196e+09 4.04015e+09 6.4382e+07 1.62134e+07 16 7 1.03011e+09 63.5345 112.857 342377
2.77582e+08 1.90763e+09 9.01491e+07 8.57231e+06 12 6 1.08179e+09 126.196 173.5 311804
2.71869e+08 9.58758e+08 7.94728e+07 2.20138e+07 18 7 1.43051e+09 64.9824 137.714 155934
2.97763e+08 1.64984e+09 7.57668e+07 2.41375e+07 15 5 1.1365e+09 47.0845 46.8 196930
9.68044e+08 2.01875e+09 8.13222e+07 6.41469e+07 13 7 1.05719e+09 16.4807 268.857 286749
3.97168e+07 1.21839e+09 8.51438e+07 2.50257e+07 12 6 1.02173e+09 40.8271 285.5 350176
2.63574e+08 1.16224e+09 8.56017e+07 1.48544e+08 15 6 1.28403e+09 8.64407 73.3333 175016
2.77764e+08 1.71363e+09 7.99627e+07 1.47712e+07 15 6 1.19944e+09 81.2015 106 309077
2.707e+07 2.73957e+09 7.95242e+07 8.28031e+06 14 6 1.11334e+09 134.456 123.5 350730
2.36647e+08 1.29479e+09 7.5542e+07 8.56953e+07 14 7 1.05759e+09 12.3413 94.8571 334258
1.72627e+09 2.19327e+09 8.08061e+07 7.82984e+07 13 6 1.05048e+09 13.4163 256.833 514545
2.93516e+08 1.91001e+09 8.53317e+07 1.85126e+08 17 7 1.45064e+09 7.83594 141.714 380547
2.33105e+08 1.56443e+09 7.55142e+07 2.80122e+07 16 8 1.20823e+09 43.1321 137.875 257776
3.23323e+08 1.70922e+09 8.60916e+07 5.31941e+07 15 5 1.29137e+09 24.2766 79.2 397219
6.83189e+08 1.25781e+09 7.66716e+07 1.96461e+07 14 7 1.0734e+09 54.6368 274.857 170747
3.22185e+08 1.70445e+09 8.55631e+07 3.9906e+07 16 9 1.36901e+09 34.3058 78.8889 307199
3.16399e+08 3.28697e+09 6.37192e+07 4.11018e+06 17 6 1.08323e+09 263.547 76.8333 245609
3.34786e+08 2.17535e+09 7.9373e+07 3.00103e+08 12 6 9.52476e+08 3.17383 262.833 312367
1.92433e+08 1.34935e+09 8.67812e+07 2.384e+07 10 7 8.67812e+08 36.4015 178 336819
2.0516e+08 1.46542e+09 8.07059e+07 4.46004e+07 16 7 1.29129e+09 28.9525 65.4286 280314
2.15602e+08 1.42892e+09 8.03937e+07 1.23871e+07 17 6 1.36669e+09 110.332 140.833 170683
1.58792e+18 0 2.26771e+07 1.56232e+17 12 9 2.72125e+08 1.7418e-09 112 337230
3.26154e+08 1.99336e+09 8.37296e+07 9.85349e+07 17 7 1.4234e+09 14.4457 56 343182
2.64679e+09 2.60791e+09 7.22644e+07 9.03331e+06 16 11 1.15623e+09 127.996 133.636 277784
2.20518e+18 0 5.40557e+07 1.65956e+17 9 9 4.86502e+08 2.93151e-09 123.556 375974
7.83041e+08 1.4027e+09 8.19089e+07 1.30679e+07 14 6 1.14673e+09 87.7513 142.833 149461
5.67974e+09 4.13283e+09 7.37408e+07 2.64706e+07 17 8 1.25359e+09 47.3579 170.875 487975
1.75541e+08 1.25758e+09 8.10348e+07 6.50556e+07 18 8 1.45863e+09 22.4212 186 282986
9.9212e+17 0 2.07729e+07 2.20364e+17 13 10 2.70048e+08 1.22546e-09 72.9 245299
2.02004e+08 1.21577e+09 7.68104e+07 1.14236e+07 15 9 1.15216e+09 100.858 214.222 155682
6.42474e+09 5.51039e+09 7.02512e+07 1.74595e+07 11 5 7.72764e+08 44.2603 207.2 328100
1.46927e+09 2.28177e+09 7.81093e+07 1.496e+08 14 8 1.09353e+09 7.30967 122 245633
9.48756e+08 1.52049e+09 6.695e+07 2.32508e+07 14 8 9.373e+08 40.3126 180.875 199096
3.12634e+08 1.88141e+09 8.62969e+07 3.75405e+07 16 7 1.38075e+09 36.7803 56 355902
3.0607e+08 1.86653e+09 7.74161e+07 3.32121e+07 16 6 1.23866e+09 37.2953 211.333 433796
2.52159e+08 2.30457e+09 7.9891e+07 2.78133e+07 17 8 1.35815e+09 48.8308 244 436722
2.02764e+08 1.26505e+09 8.77047e+07 1.17685e+08 16 7 1.40327e+09 11.924 182 368499
2.96652e+08 1.28316e+09 8.94728e+07 1.65536e+08 15 8 1.34209e+09 8.10757 186 393556
3.23534e+08 1.13334e+09 8.0276e+07 2.24883e+07 18 7 1.44497e+09 64.2542 73.7143 449652
3.87674e+08 2.23419e+09 7.51647e+07 1.97283e+07 16 7 1.20264e+09 60.9598 224.857 514281
3.67304e+08 1.77721e+09 8.63019e+07 2.63929e+07 14 6 1.20823e+09 45.7785 118.833 356212
2.2826e+08 1.78114e+09 7.66241e+07 4.71502e+07 15 7 1.14936e+09 24.3766 114 218919
2.19688e+09 2.64309e+09 6.90952e+07 2.34649e+07 14 7 9.67332e+08 41.2247 177.429 343038
1.66968e+09 2.70336e+09 7.61858e+07 1.146e+08 13 10 9.90415e+08 8.64234 107.6 327963
3.87223e+09 3.08496e+09 6.90723e+07 1.6093e+07 14 9 9.67013e+08 60.089 208 317884
2.03016e+08 1.52507e+09 7.81103e+07 2.34508e+07 17 7 1.32788e+09 56.6239 93.7143 283812
1.51846e+08 1.45648e+09 8.02716e+07 1.45861e+07 13 10 1.04353e+09 71.5428 278.5 441473
8.10916e+08 2.30457e+09 7.3131e+07 3.24843e+07 10 6 7.3131e+08 22.5127 191.5 591983
1.35415e+08 7.21028e+08 8.01651e+07 5.0675e+07 15 6 1.20248e+09 23.7292 159.333 346260
1.45238e+08 8.94061e+08 8.26506e+07 5.42471e+07 14 5 1.15711e+09 21.3303 80.8 253384
1.77246e+09 2.60097e+09 7.54854e+07 6.03012e+07 13 9 9.8131e+08 16.2735 134 234420
1.45048e+08 1.64324e+09 7.32999e+07 2.329e+07 14 5 1.0262e+09 44.0617 98.8 300618
1.84978e+09 2.42957e+09 7.96486e+07 3.14005e+07 15 7 1.19473e+09 38.0481 143.714 385226
1.833e+08 2.3021e+09 7.71197e+07 9.93998e+06 13 6 1.00256e+09 100.861 209.333 227818
1.85921e+09 2.58884e+09 7.70424e+07 1.56555e+08 14 8 1.07859e+09 6.88954 224.875 173761
4.29379e+08 1.76768e+09 6.68081e+07 1.73567e+07 16 6 1.06893e+09 61.5862 143.333 1.30731e+06
2.92328e+08 2.67791e+09 7.27157e+07 4.22325e+06 15 6 1.09073e+09 258.269 61.5 315453
4.61377e+09 3.40605e+09 7.54643e+07 3.84539e+07 16 7 1.20743e+09 31.3993 240.857 283599
3.60198e+08 8.21662e+09 8.88065e+07 1.44492e+08 14 8 1.24329e+09 8.60457 135.875 444440
9.41273e+08 1.88612e+09 7.47297e+07 1.11665e+07 13 7 9.71486e+08 87.0002 307.714 368577
2.0019e+08 1.91962e+09 7.27299e+07 5.45077e+06 19 6 1.38187e+09 253.518 114 339694
4.39185e+09 2.83758e+11 6.71943e+07 1.29085e+06 11 9 7.39137e+08 572.597 102 431354
1.2781e+09 1.82808e+09 7.98836e+07 3.53355e+07 14 8 1.11837e+09 31.6501 204 306751
7.07066e+09 4.80657e+09 7.74561e+07 2.74324e+07 12 5 9.29473e+08 33.8823 209.2 482685
1.68538e+08 2.59865e+09 8.48478e+07 1.00529e+08 17 8 1.44241e+09 14.3482 152.875 698926
7.80994e+07 2.53217e+09 7.47889e+07 2.44975e+06 14 7 1.04704e+09 427.41 127.714 544787
4.12973e+07 1.89565e+09 7.54643e+07 5.03007e+06 16 7 1.20743e+09 240.042 63.4286 404404
7.7468e+09 5.33749e+09 7.08138e+07 3.54941e+07 17 9 1.20383e+09 33.9164 136.889 223120
9.14427e+09 6.89934e+09 5.43561e+07 3.3635e+06 13 6 7.06629e+08 210.088 118.833 206561
2.24012e+08 3.33007e+09 7.51167e+07 7.58118e+06 13 8 9.76518e+08 128.808 102 362063
7.43123e+08 1.58662e+09 8.66187e+07 1.75386e+07 15 8 1.29928e+09 74.0811 194.875 239327
1.9503e+08 4.24651e+09 7.01118e+07 2.17795e+06 15 7 1.05168e+09 482.875 164.857 513986
2.69043e+08 1.59295e+09 7.8851e+07 9.51746e+06 14 7 1.10391e+09 115.988 186.857 359735
2.97517e+08 1.11807e+09 8.60274e+07 2.77334e+07 16 7 1.37644e+09 49.631 273.429 153940
3.19813e+08 1.71763e+09 8.61084e+07 5.74041e+06 13 6 1.11941e+09 195.005 139.333 363782
5.05546e+09 3.9637e+09 8.09105e+07 8.20173e+07 14 7 1.13275e+09 13.8111 271.429 497005
8.64308e+17 0 5.38386e+07 1.91373e+17 17 7 9.15256e+08 4.78257e-09 71.7143 331807
2.36475e+08 1.63642e+09 8.56979e+07 1.36867e+08 16 7 1.37117e+09 10.0182 101.714 240793
1.9025e+08 3.41426e+09 8.17492e+07 9.71655e+07 12 7 9.8099e+08 10.0961 194.857 292603
2.98618e+09 3.63127e+09 7.79802e+07 2.28559e+08 16 9 1.24768e+09 5.4589 107.556 237408
7.2986e+09 4.66888e+09 6.51558e+07 2.22944e+07 16 7 1.04249e+09 46.7603 81.4286 337413
2.79395e+08 1.37185e+09 8.6262e+07 1.27335e+08 15 8 1.29393e+09 10.1616 240 247319
2.83324e+18 0 6.32488e+07 1.37872e+17 16 7 1.01198e+09 7.34002e-09 72.8571 358991
2.38461e+08 1.85318e+09 8.58786e+07 5.38837e+07 15 7 1.28818e+09 23.9067 182.857 387218
1.74537e+08 3.64482e+09 6.20507e+07 6.08221e+06 16 5 9.92812e+08 163.232 109.2 335662
2.25358e+09 4.24765e+09 6.8841e+07 1.58693e+07 9 8 6.19569e+08 39.0419 251.875 235121
1.47927e+08 2.64948e+10 8.03674e+07 1.83232e+07 15 7 1.20551e+09 65.7917 125.429 385428
3.31871e+09 3.50217e+09 7.44865e+07 1.27745e+07 14 6 1.04281e+09 81.632 182 285460
2.41908e+08 1.47442e+09 8.70501e+07 1.38167e+08 15 6 1.30575e+09 9.45052 68.8333 364556
2.1771e+08 1.07564e+09 8.68211e+07 6.55177e+07 17 6 1.47596e+09 22.5276 50.8333 318005
1.22959e+09 1.66315e+09 7.94079e+07 8.91236e+07 16 8 1.27053e+09 14.2558 116.875 444450
2.0382e+08 1.88657e+09 8.30937e+07 1.42582e+07 15 5 1.24641e+09 87.4169 46.8 446791
1.16844e+09 2.92054e+09 6.61798e+07 6.68316e+06 14 7 9.26518e+08 138.635 96 416055
4.22687e+09 3.56175e+09 8.40605e+07 2.56967e+08 16 8 1.34497e+09 5.23401 208 311238
3.27347e+09 2.97169e+09 7.21033e+07 4.89659e+07 15 11 1.08155e+09 22.0878 60.7273 173987
2.77397e+08 6.04546e+09 5.72929e+07 2.65073e+07 13 8 7.44808e+08 28.0982 197.875 292572
5.73267e+08 1.1035e+09 8.17359e+07 6.45191e+07 15 8 1.22604e+09 19.0027 125.5 341849
2.13446e+08 1.69262e+09 8.87837e+07 9.31894e+07 14 7 1.24297e+09 13.3381 136 487175
6.64866e+08 1.85967e+09 8.05676e+07 7.53054e+07 17 9 1.36965e+09 18.1879 70.8889 443608
3.17819e+09 2.78088e+09 8.01225e+07 6.64059e+07 15 8 1.20184e+09 18.0983 149.875 375520
2.31366e+08 1.74236e+09 8.35996e+07 1.68787e+08 15 7 1.25399e+09 7.42945 71.7143 357548
1.80105e+08 2.26874e+09 5.73782e+07 5.64257e+06 16 6 9.18051e+08 162.701 166.833 118810
4.09637e+08 1.64497e+09 7.41314e+07 2.62064e+07 16 8 1.1861e+09 45.26 123.5 313360
2.40283e+09 2.19645e+09 6.98026e+07 1.55894e+07 14 9 9.77236e+08 62.6861 244.889 347789
1.04899e+09 1.93104e+09 8.22334e+07 1.13291e+08 16 8 1.31573e+09 11.6137 63.875 360955
2.23974e+08 1.55049e+09 8.26997e+07 5.83585e+07 15 5 1.2405e+09 21.2565 138.8 599499
1.16077e+08 2.07132e+09 9.02476e+07 8.28144e+07 10 6 9.02476e+08 10.8976 81.3333 390366
6.55505e+08 1.44075e+09 7.60783e+07 9.37196e+06 14 7 1.0651e+09 113.647 121.429 454664
2.07784e+08 1.83748e+09 8.72862e+07 1.08745e+08 17 8 1.48387e+09 13.6454 52.875 385979
8.42975e+07 1.45557e+09 7.34225e+07 1.32388e+06 16 6 1.17476e+09 887.361 117.333 296705
6.50916e+08 1.25592e+09 8.00662e+07 2.27159e+07 14 8 1.12093e+09 49.3455 316.875 362718
2.52823e+09 2.79978e+09 8.0016e+07 6.05174e+06 15 7 1.20024e+09 198.33 168.857 446224
2.55285e+09 2.52141e+09 8.20173e+07 1.99679e+08 14 9 1.14824e+09 5.75044 131.556 395012
5.71596e+09 3.88957e+09 7.72863e+07 3.80683e+07 16 8 1.23658e+09 32.4832 244 299552
8.96811e+08 1.4457e+09 8.43222e+07 1.50256e+08 14 6 1.18051e+09 7.85664 125.5 346053
1.54102e+08 1.37319e+09 8.507e+07 5.64465e+07 13 7 1.10591e+09 19.5922 204.857 687722
3.09629e+08 2.06719e+09 8.32563e+07 1.9249e+08 19 7 1.58187e+09 8.21793 42 342099
1.91871e+08 4.35679e+09 6.74194e+07 3.18524e+06 11 5 7.41613e+08 232.828 159.2 288075
2.05579e+09 2.2872e+09 8.1767e+07 1.58764e+07 18 8 1.47181e+09 92.7042 61.5 611863
3.27163e+09 3.69839e+09 7.7613e+07 2.66393e+07 14 7 1.08658e+09 40.7887 112 393487
2.43663e+09 2.8166e+09 7.38884e+07 3.32674e+06 12 8 8.86661e+08 266.525 123.875 144211
3.54284e+09 2.97642e+09 7.8541e+07 7.99161e+06 15 8 1.17812e+09 147.419 111.875 224755
2.96457e+08 1.64233e+09 8.72017e+07 1.38189e+08 17 9 1.48243e+09 10.7275 84.8889 361240
2.2041e+08 1.56243e+09 8.33147e+07 1.21978e+07 10 6 8.33147e+08 68.303 123.5 432857
1.90272e+18 0 1.45025e+07 1.29979e+17 14 8 2.03035e+08 1.56207e-09 116.875 272693
