2.36899e+08 1.24491e+09 7.50479e+07 2.92083e+07 10 14 7.50479e+08 25.6941 90.8571 60973.2
2.68285e+09 2.78936e+09 6.42638e+07 1.61044e+07 12 11 7.71166e+08 47.8856 160.909 170317
2.99836e+09 8.43374e+09 6.29849e+07 1.01715e+06 7 17 4.40895e+08 433.461 28.9412 86524.4
7.72787e+08 2.43235e+09 5.97577e+07 755702 6 14 3.58546e+08 474.455 42.3571 49109.3
4397.82 43978.2 2.5e+07 25497.8 2 20 5e+07 1960.95 66.55 6578.75
1.96607e+07 6.55995e+08 9.1853e+07 1.76685e+08 4 18 3.67412e+08 2.07948 23.7778 71853.9
9.34903e+07 1.13379e+09 8.79393e+07 3.36173e+07 13 10 1.14321e+09 34.0066 36.9 211112
0 0  0 0 0 0 0 0 0 0
3.3725e+09 3.3725e+10 2.21645e+07 3.26865e+10 2 20 4.43291e+07 0.00135619 21.2 11350.9
5.65196e+12 0 4.16667e+06 9.60833e+13 6 17 2.5e+07 2.60191e-07 40.4706 46709.1
1.54877e+09 3.83581e+09 6.93091e+07 1.60124e+06 8 17 5.54473e+08 346.277 61.0588 73348.7
1.72594e+09 3.50287e+09 6.55751e+07 1.93695e+08 9 13 5.90176e+08 3.04693 78.9231 146033
3.07222e+09 6.29421e+09 6.7492e+07 1.79173e+07 8 16 5.39936e+08 30.1349 24.4375 63773.5
1.63888e+18 0 1.98642e+07 2.68712e+17 10 12 1.98642e+08 7.39238e-10 118.25 198894
2.41659e+09 4.02635e+09 7.29669e+07 2.00244e+08 11 14 8.02636e+08 4.00829 46.9286 93703.7
4.26166e+08 1.25089e+09 5.27057e+07 4.89934e+06 8 17 4.21645e+08 86.0616 31.5294 45842.5
2.99381e+08 1.37173e+09 7.61366e+07 1.37433e+07 13 12 9.89776e+08 72.0186 58.9167 98656.6
4.71371e+08 1.8491e+09 7.46983e+07 1.14054e+07 9 14 6.72284e+08 58.9445 100.857 108380
1.12122e+09 2.97473e+09 6.77849e+07 1.40657e+06 9 16 6.10064e+08 433.725 27 79121.5
1.60152e+18 0 1.78381e+06 1.44137e+19 12 9 2.14058e+07 1.4851e-12 38.2222 111349
8.96982e+17 0 3.0922e+06 1.16608e+19 7 13 2.16454e+07 1.85626e-12 52.7692 94191.7
3.59164e+09 4.68156e+09 7.29167e+07 1.50557e+06 12 13 8.75e+08 581.176 29.2308 103516
2.48275e+07 5.48912e+08 7.35623e+07 3.76256e+06 5 18 3.67812e+08 97.7557 28.9444 60163.9
1.12436e+08 1.18917e+09 7.69918e+07 1.63106e+07 16 8 1.23187e+09 75.5257 81.5 161578
4.5791e+07 1.07711e+09 8.37737e+07 7.26357e+06 13 9 1.08906e+09 149.934 96.8889 160032
1.53561e+08 1.28299e+09 8.59691e+07 2.56284e+07 15 12 1.28954e+09 50.3167 88.9167 181702
1.14839e+16 0 3.78295e+07 1.11775e+14 8 14 3.02636e+08 2.70756e-06 114.929 135073
2.90077e+08 6.66747e+08 7.39036e+07 1.37584e+07 11 14 8.12939e+08 59.0866 121.429 81666.3
1.57179e+08 1.21398e+09 7.24774e+07 2.40124e+07 12 8 8.69728e+08 36.2199 252 676996
2.45746e+09 3.95197e+09 5.17905e+07 2.51458e+06 12 11 6.21486e+08 247.153 103.636 175631
2.15976e+08 1.83908e+09 8.0826e+07 6.25992e+07 17 8 1.37404e+09 21.9498 99.875 208635
1.1824e+09 1.1824e+10 2.33626e+07 216888 2 20 4.67252e+07 215.435 20.2 5966.28
1.42416e+08 1.85209e+09 7.26894e+07 1.35791e+07 14 7 1.01765e+09 74.9426 175.714 349183
1.43537e+09 2.33326e+09 7.58586e+07 1.87464e+07 16 11 1.21374e+09 64.7452 70.5455 220872
9.20812e+06 2.25266e+08 7.35623e+07 3.64153e+06 5 18 3.67812e+08 101.005 52.5 30037.8
1.03316e+07 2.55837e+08 5.51318e+07 730764 4 19 2.20527e+08 301.776 34.7368 24370.8
2.01065e+09 3.84579e+09 6.17194e+07 1.08709e+06 11 15 6.78914e+08 624.521 80.9333 131557
1550.11 31002.2 2.5e+07 31002.2 1 20 2.5e+07 806.393 42.2 8295.31
2.66423e+09 5.99157e+09 4.92113e+07 936312 8 17 3.9369e+08 420.469 140.235 32664.8
2.70673e+08 1.03642e+09 4.0655e+07 696577 5 19 2.03275e+08 291.82 6.10526 12224.9
8.19182e+08 3.13982e+09 4.59585e+07 1.26804e+08 5 18 2.29792e+08 1.81219 13.1111 20517.4
2.50774e+09 1.0031e+10 2.26358e+07 67620.4 5 20 1.13179e+08 1673.74 41.75 12518.5
2.0091e+09 6.59055e+09 6.44569e+07 5.11354e+06 5 16 3.22284e+08 63.0256 30.9375 37403.3
1.86702e+09 8.87589e+09 4.88618e+07 258294 4 19 1.95447e+08 756.687 18.4211 31118.9
1.01323e+08 1.27751e+09 8.97264e+07 4.4268e+07 8 14 7.17812e+08 16.2151 80.9286 135444
2.10015e+08 1.44749e+09 7.3336e+07 2.89832e+06 12 14 8.80032e+08 303.635 88.3571 75036.1
1.17409e+09 2.12355e+09 6.31862e+07 943638 11 15 6.95048e+08 736.562 79.7333 81792.4
2.24163e+18 0 5.09439e+07 1.62042e+17 11 9 5.60383e+08 3.45827e-09 122 110444
1.70125e+16 0 3.51917e+07 2.38175e+17 5 14 1.75958e+08 7.38777e-10 32.3571 66250.2
4.74678e+06 4.17574e+08 5.70288e+07 460662 4 18 2.28115e+08 495.19 21.7778 33550.9
2.55025e+09 3.75013e+09 5.41248e+07 5.76936e+06 14 12 7.57748e+08 131.34 160.917 120127
2.35914e+18 0 5.77343e+07 1.11522e+15 12 13 6.92812e+08 6.21231e-07 37.2308 108103
1.12515e+08 1.4084e+09 8.75628e+07 7.79201e+07 14 9 1.22588e+09 15.7325 197.556 134638
2.04313e+07 1.33237e+09 6.10923e+07 8.61123e+06 8 15 4.88738e+08 56.7559 237.733 29463.9
3.75187e+09 4.08058e+09 6.28957e+07 3.02091e+07 11 11 6.91853e+08 22.9021 98.5455 99049.6
3.02803e+08 7.75691e+08 5.48988e+07 7.01293e+06 9 14 4.94089e+08 70.454 21.7143 32040.9
1.12335e+09 2.10699e+09 8.06124e+07 6.23324e+07 15 11 1.20919e+09 19.399 119.636 177184
1.64569e+08 1.26334e+09 8.11445e+07 3.30016e+07 14 12 1.13602e+09 34.4233 105 158814
7.10513e+09 5.71444e+09 6.09691e+07 1.78866e+07 15 11 9.14537e+08 51.1296 41.6364 112004
8.92744e+08 2.40997e+09 7.06869e+07 870127 8 16 5.65495e+08 649.9 34 78932.5
487703 4.66776e+08 6.5623e+07 120173 5 16 3.28115e+08 2730.35 55.9375 50155.9
5.23055e+08 1.40691e+09 7.68008e+07 1.54901e+08 11 14 8.44808e+08 5.45386 113.429 147955
2.51261e+08 1.45942e+09 8.18158e+07 3.66367e+07 15 10 1.22724e+09 33.4974 166 236889
2.33722e+09 2.2669e+09 7.63152e+07 1.28452e+08 15 9 1.14473e+09 8.91174 112.889 254696
2.15391e+09 4.61601e+09 7.77656e+07 1.95294e+07 8 15 6.22125e+08 31.8558 59.3333 82855.5
3.24628e+09 3.93135e+09 7.05272e+07 1.18405e+08 13 13 9.16853e+08 7.74335 82.9231 121398
5.11871e+12 0 2.5e+06 8.70181e+13 10 17 2.5e+07 2.87297e-07 48.2353 87783.8
2.17847e+09 8.37273e+09 7.9345e+07 2.11513e+07 5 18 3.96725e+08 18.7565 53.1111 57478.7
4.8554e+07 1.50217e+09 8.68122e+07 9.21326e+07 9 12 7.8131e+08 8.48028 168.25 115740
1.16006e+09 5.51342e+09 4.35304e+07 1.15506e+06 4 19 1.74121e+08 150.747 6.63158 14290
8.4975e+08 1.42831e+09 7.84984e+07 3.12116e+07 15 11 1.17748e+09 37.7256 78.7273 155417
1.65505e+08 2.08804e+09 8.02716e+07 9.18027e+06 15 8 1.20407e+09 131.159 103.875 395326
3.36391e+07 1.02935e+09 7.10463e+07 1.44042e+06 8 16 5.68371e+08 394.588 85 61063.5
1.28877e+09 1.22433e+10 2.3123e+07 204417 2 19 4.6246e+07 226.233 17.1579 17719.3
8.79624e+17 0 1.16798e+07 5.0919e+14 13 13 1.51837e+08 2.98193e-07 48.9231 165306
4.38068e+08 2.23941e+09 5.30551e+07 1.39272e+08 4 19 2.1222e+08 1.52379 19.6842 13595.1
1.91095e+08 1.02311e+09 8.09957e+07 7.7671e+06 15 8 1.21494e+09 156.421 130.875 290686
0 0  0 0 0 0 0 0 0 0
5.41201e+09 9.12342e+09 5.84132e+07 1.92325e+08 9 15 5.25719e+08 2.73349 26 50859.3
7.67992e+08 1.73058e+09 8.20744e+07 2.11805e+07 14 9 1.14904e+09 54.25 126.889 272096
1.74226e+08 1.57393e+09 8.44748e+07 3.93041e+07 16 7 1.3516e+09 34.3882 65.7143 209705
1.36236e+09 3.83222e+09 7.33227e+07 2.14048e+07 8 17 5.86581e+08 27.4042 19.8824 60597
1.43844e+18 0 1.248e+07 2.10205e+15 12 13 1.4976e+08 7.1245e-08 13.0769 85261.3
5.34638e+07 1.3577e+09 8.44104e+07 2.26213e+07 11 12 9.28514e+08 41.0461 160.917 135590
1.53336e+09 3.08834e+09 8.26611e+07 3.88663e+08 12 13 9.91933e+08 2.55217 75.6923 168751
9.475e+09 1.42909e+10 4.39563e+07 1.23398e+07 9 13 3.95607e+08 32.0594 97.6923 115308
4.46271e+09 6.02459e+09 5.91653e+07 1.2169e+06 12 14 7.09984e+08 583.437 60 105374
9.87063e+08 1.84063e+09 7.94974e+07 1.72117e+07 13 13 1.03347e+09 60.0445 107.077 62187.5
2.8718e+09 4.36721e+09 7.64522e+07 2.35536e+07 11 14 8.40974e+08 35.7047 86.3571 80346.2
5.07597e+09 4.35596e+09 7.04416e+07 1.13818e+07 14 9 9.86182e+08 86.6453 166 284342
1.7552e+09 3.16247e+09 7.00116e+07 6.89826e+06 11 12 7.70128e+08 111.641 104.667 164493
2.11001e+09 2.17548e+09 7.56283e+07 3.89125e+07 15 10 1.13442e+09 29.1532 106.5 168564
2.62197e+09 6.09299e+09 8.11387e+07 3.18269e+07 7 16 5.67971e+08 17.8456 41.4375 44085.2
1.41634e+12 0 5e+06 2.26614e+13 5 16 2.5e+07 1.1032e-06 12.9375 52706.8
1.8541e+08 1.37441e+09 7.92503e+07 1.25639e+07 14 11 1.1095e+09 88.3086 110 169275
1.89878e+09 3.34204e+09 6.8151e+07 6.97089e+06 12 13 8.17812e+08 117.318 101.692 97641.5
4.27977e+08 2.10109e+09 7.05614e+07 9.85482e+06 7 17 4.9393e+08 50.1206 27.8824 80856.9
2.37753e+09 3.76676e+09 7.89998e+07 3.38358e+07 13 12 1.027e+09 30.3524 76.25 151904
9.61667e+07 1.36473e+09 8.40555e+07 5.76628e+07 16 10 1.34489e+09 23.3233 34.4 242350
2.06715e+09 1.43612e+10 7.11129e+07 4.50462e+08 3 18 2.13339e+08 0.473599 42.9444 38472.4
3.43287e+09 2.28858e+10 2.10863e+07 2.18667e+10 3 20 6.32588e+07 0.00289293 12.55 9538.7
4.68625e+09 6.66157e+09 6.04952e+07 1.04275e+06 10 12 6.04952e+08 580.148 206.917 116491
2.78956e+09 1.8597e+10 2.23908e+07 164254 3 20 6.71725e+07 408.955 34.55 7854.93
1.42267e+08 5.90868e+08 8.44294e+07 1.45936e+07 18 7 1.51973e+09 104.137 205.429 190455
3.40473e+09 1.28439e+10 5.42931e+07 3.99736e+07 4 15 2.17173e+08 5.4329 85.3333 48483.7
2.55954e+09 1.10505e+10 5.32548e+07 1.36238e+08 4 17 2.13019e+08 1.56358 25.8824 42859.9
1.09705e+08 1.17583e+09 7.57122e+07 1.63734e+07 12 11 9.08546e+08 55.4892 174.909 166158
4.47709e+09 3.93328e+09 6.45025e+07 2.00439e+07 14 10 9.03035e+08 45.0529 86.1 157436
9.89362e+07 1.77501e+09 9.02057e+07 2.65452e+08 8 16 7.21645e+08 2.71855 109.75 88600.6
1.66242e+09 6.36666e+09 7.74441e+07 6.93472e+07 5 17 3.8722e+08 5.5838 28.9412 67290.9
1.34451e+18 0 1.53594e+07 6.17074e+14 10 11 1.53594e+08 2.48907e-07 158.727 104480
2.05989e+09 2.05989e+10 2.12061e+07 1.96519e+10 2 20 4.24121e+07 0.00215817 21.2 6008.44
3.52035e+09 4.91045e+09 5.48323e+07 1.4112e+06 12 13 6.57987e+08 466.262 90.3077 86691.4
5.25992e+09 6.06953e+09 4.69782e+07 881309 12 13 5.63738e+08 639.66 21.0769 103219
721267 1.84977e+07 5.67412e+07 143380 5 18 2.83706e+08 1978.7 23.1111 23126.3
1.19306e+09 5.67494e+09 4.38498e+07 605173 4 19 1.75399e+08 289.833 15.7895 35106.1
3.74911e+09 5.09568e+09 6.42753e+07 3.08723e+07 11 14 7.07029e+08 22.9017 58.9286 64975.7
1.63081e+09 3.49476e+09 7.66265e+07 2.32404e+07 11 14 8.42891e+08 36.2684 91.2143 83419.5
8.59119e+07 1.53124e+09 7.73855e+07 3.25456e+06 15 9 1.16078e+09 356.663 148 163350
1.4841e+09 4.5375e+09 5.84798e+07 922703 6 18 3.50879e+08 380.273 48.2778 39309.9
2.69035e+09 6.72162e+09 5.96189e+07 777651 7 17 4.17332e+08 536.657 24.9412 45045.5
6.77926e+08 1.89104e+09 8.23536e+07 6.28382e+07 15 10 1.2353e+09 19.6585 87.6 256797
1.93433e+09 3.83021e+09 7.98577e+07 1.81233e+08 11 13 8.78435e+08 4.84698 89.6923 118305
2.69872e+09 5.10587e+09 3.91374e+07 4.12273e+06 8 15 3.13099e+08 75.9447 22.9333 82741.2
1.05988e+08 1.57632e+09 8.24973e+07 2.60657e+07 15 10 1.23746e+09 47.4747 114.1 294031
4.9625e+09 4.50192e+09 5.83006e+07 1.28655e+07 13 9 7.57907e+08 58.9099 85.5556 156898
1.95318e+08 2.12598e+09 7.37753e+07 4.77435e+06 12 7 8.85304e+08 185.429 145.429 153379
7.94508e+07 1.1266e+09 7.83147e+07 1.41809e+07 12 12 9.39776e+08 66.2705 126.917 126391
8.26305e+17 0 8.01384e+06 4.67793e+14 9 14 7.21246e+07 1.54181e-07 31.2143 98024.6
1.50427e+18 0 4.74263e+07 5.67344e+17 9 13 4.26837e+08 7.52343e-10 18.9231 127549
4.32158e+09 8.98051e+09 4.06749e+07 6.93165e+06 8 16 3.25399e+08 46.944 20.9375 82841.4
1.3096e+08 1.61621e+09 8.50559e+07 1.0012e+08 10 12 8.50559e+08 8.49539 103.667 148132
1.82279e+18 0 4.20793e+07 2.5176e+17 12 11 5.04952e+08 2.00569e-09 58 138922
1.01821e+07 4.26868e+08 6.64537e+07 1.64259e+06 3 19 1.99361e+08 121.37 26.4211 11215.2
1.71379e+09 3.83887e+09 7.68371e+07 6.49756e+06 10 14 7.68371e+08 118.255 65.5 111713
2.62495e+12 0 4.16667e+06 3.41244e+13 6 13 2.5e+07 7.32614e-07 34.9231 62378.6
4.51637e+09 5.05852e+09 6.5655e+07 8.88572e+06 14 13 9.19169e+08 103.443 57.6923 115363
5.11191e+07 8.13211e+08 5.71785e+07 440427 8 17 4.57428e+08 1038.6 49.8824 85010.3
4.48788e+07 6.0998e+08 8.44031e+07 3.76127e+07 11 12 9.28435e+08 24.6841 151 101275
1.12933e+18 0 2.42279e+06 1.46812e+19 9 13 2.18051e+07 1.48524e-12 45.2308 136822
1.72265e+09 2.63885e+09 7.4264e+07 1.46805e+07 14 12 1.0397e+09 70.8217 123 134617
3.86915e+09 7.08248e+09 6.04034e+07 64140.4 8 14 4.83227e+08 7533.89 52 126241
4.14123e+09 4.86922e+09 7.5291e+07 1.93004e+06 14 14 1.05407e+09 546.141 24.8571 154987
4.0868e+08 1.60124e+09 6.94489e+07 6.09486e+07 8 16 5.55591e+08 9.11574 125.75 81624
2.5628e+09 1.62311e+10 2.28435e+07 759063 3 19 6.85304e+07 90.2829 23.7895 29410.5
1.0726e+18 0 1.17703e+07 2.69462e+18 11 11 1.29473e+08 4.80486e-11 40.7273 157407
1.56074e+08 1.44144e+09 7.57388e+07 1.46129e+07 12 12 9.08866e+08 62.1963 160.25 153336
1.75334e+09 3.90614e+09 7.08289e+07 1.31656e+07 9 15 6.3746e+08 48.4188 73.7333 68560.8
6.68736e+07 1.42469e+09 7.27458e+07 3.32574e+06 9 13 6.54712e+08 196.862 72 114641
7.74213e+08 1.23408e+09 6.66419e+07 1.00289e+07 14 13 9.32987e+08 93.0303 122.308 105308
2.21618e+09 1.88376e+10 2.28035e+07 96176.3 2 17 4.5607e+07 474.202 21.7647 54856.4
1.2156e+08 1.35333e+09 8.65999e+07 1.50974e+07 13 12 1.1258e+09 74.5691 74.9167 154654
1.9688e+09 3.09418e+09 7.2079e+07 1.44466e+07 14 13 1.00911e+09 69.8507 53.6923 120771
3.12799e+09 5.68024e+09 6.57348e+07 2.2997e+06 9 15 5.91613e+08 257.257 19.7333 58775.1
2.06744e+08 1.89035e+09 8.38924e+07 8.01809e+07 18 9 1.51006e+09 18.8332 97.5556 240308
3.38174e+07 6.4919e+08 7.74646e+07 1.4041e+06 7 16 5.42252e+08 386.193 83.4375 69429.8
2.53225e+09 2.69091e+09 7.30884e+07 6.66868e+06 15 11 1.09633e+09 164.399 74.5455 125404
2.61112e+09 1.04445e+10 2.25559e+07 204725 5 20 1.1278e+08 550.883 42.55 12424.9
7.57564e+08 1.38854e+09 7.05112e+07 1.55783e+07 15 11 1.05767e+09 67.8935 120.545 124912
4.81392e+09 9.79661e+09 5.78974e+07 722897 8 16 4.63179e+08 640.726 11.75 91827.5
4.53993e+09 4.38374e+09 7.29233e+07 729979 11 10 8.02157e+08 1098.88 70.4 126136
1.40062e+18 0 1.74993e+07 9.88302e+16 11 7 1.92492e+08 1.9477e-09 125.429 365965
1.42884e+18 0 2.36067e+06 1.42884e+19 9 10 2.1246e+07 1.48695e-12 76.1 118025
1.58908e+09 1.92245e+09 6.59314e+07 1.43179e+07 13 11 8.57109e+08 59.8628 96.1818 136691
2.77134e+09 1.05712e+10 4.74601e+07 351575 5 19 2.373e+08 674.964 22.1053 27652.8
3.3586e+09 2.8696e+09 7.37859e+07 2.03008e+07 15 11 1.10679e+09 54.5196 104.182 142781
4.96253e+08 1.2523e+09 6.51624e+07 1.85803e+07 12 13 7.81949e+08 42.0849 90.9231 98626.7
4.98862e+09 2.99317e+10 2.11129e+07 2.75419e+10 3 18 6.33387e+07 0.00229972 42.4444 30135.8
4.50707e+06 1.16351e+08 8.53834e+07 3.58032e+07 4 17 3.41534e+08 9.53919 91.8824 23575.5
3.36824e+09 3.40057e+09 7.82322e+07 1.24189e+07 15 11 1.17348e+09 94.4916 46.1818 137784
9.78906e+07 1.11867e+09 8.29073e+07 3.94521e+06 11 13 9.11981e+08 231.162 93.6923 97405.4
3.53579e+07 6.91735e+08 5.82382e+07 530812 7 17 4.07668e+08 768.008 33.7647 38932
3.06859e+09 1.53429e+10 2.26438e+07 375062 4 20 9.05751e+07 241.494 16.95 10571
8.66199e+08 1.7324e+10 2.11661e+07 1.7324e+10 1 20 2.11661e+07 0.00122178 39.2 4495.73
8.79421e+08 2.2955e+09 7.14638e+07 4.92135e+06 11 15 7.86102e+08 159.733 102 139176
1.3117e+09 1.99627e+09 8.30765e+07 1.77618e+07 17 11 1.4123e+09 79.5132 68.1818 229602
3400.91 68018.1 2.5e+07 68018.1 1 20 2.5e+07 367.549 34.95 5848.58
1.66468e+08 1.17895e+09 8.33678e+07 1.71482e+07 17 9 1.41725e+09 82.6473 103.556 206840
4.93184e+09 4.7381e+09 6.81609e+07 1.52235e+07 16 12 1.09058e+09 71.6374 120.667 155461
2.78362e+16 0 2.86386e+07 3.81269e+15 9 13 2.57748e+08 6.76025e-08 22.7692 91236
2.21195e+09 1.53639e+09 7.53088e+07 2.23511e+07 15 8 1.12963e+09 50.5404 90.875 309376
5929.34 39528.9 2.5e+07 38794.3 3 20 7.5e+07 1933.27 22.2 9741.26
4.30646e+09 1.05576e+10 5.40507e+07 494145 7 17 3.78355e+08 765.675 25.0588 71972.9
1.91059e+08 7.5336e+08 7.94778e+07 1.30417e+07 16 8 1.27165e+09 97.5061 148 206500
1.04709e+09 3.18088e+09 5.1025e+07 1.43343e+06 6 18 3.0615e+08 213.578 12.9444 43068.5
2.84915e+09 4.89665e+09 3.83546e+07 2.10855e+06 10 17 3.83546e+08 181.901 25.5294 62804.1
4.19504e+09 5.00581e+09 7.42074e+07 2.89056e+07 13 14 9.64696e+08 33.3741 32.3571 138213
1.82212e+08 1.79383e+09 8.05162e+07 1.43083e+07 16 11 1.28826e+09 90.036 122.727 244719
3.91421e+07 1.1266e+09 7.99459e+07 1.49527e+07 13 12 1.0393e+09 69.5057 84 138321
5.06194e+07 7.41729e+08 8.16773e+07 6.61148e+07 10 14 8.16773e+08 12.3539 54.9286 84697.7
1.3935e+09 3.28336e+09 5.62757e+07 5.85635e+06 7 16 3.9393e+08 67.2654 45 44884.4
1.19969e+09 8.10465e+09 6.5442e+07 2.71216e+08 3 19 1.96326e+08 0.723874 23.7895 24278.6
2.92583e+09 4.45524e+09 7.52904e+07 2.65476e+06 11 14 8.28195e+08 311.966 47.5 67972.8
1.13619e+09 5.528e+09 5.4353e+07 301941 4 19 2.17412e+08 720.048 36.9474 21520.1
2.46003e+09 1.10701e+10 2.30631e+07 78535.5 4 18 9.22524e+07 1174.66 12 56908.6
4.08019e+09 2.70725e+09 7.57638e+07 7.25333e+07 16 9 1.21222e+09 16.7126 66.2222 222064
1.07952e+09 1.91561e+09 7.32481e+07 1.75164e+07 15 13 1.09872e+09 62.7254 184 185483
1.64526e+07 7.7099e+08 8.20154e+07 1.35651e+07 6 15 4.92093e+08 36.2765 51.7333 58481
9.06303e+08 4.35664e+09 6.17013e+07 390029 4 19 2.46805e+08 632.787 17.1579 23364.5
1.38484e+18 0 3.36422e+07 9.70468e+14 10 14 3.36422e+08 3.46659e-07 48.8571 120775
1.34445e+09 3.05249e+09 7.13348e+07 1.19518e+08 9 16 6.42013e+08 5.37169 36.9375 44091.3
0 0  0 0 0 0 0 0 0 0
1.67526e+09 7.53867e+09 2.30631e+07 184310 4 18 9.22524e+07 500.528 13.1111 38817.3
2.04814e+09 2.04899e+09 7.95621e+07 5.25012e+07 17 8 1.35256e+09 25.7624 75.5 346294
1.97905e+08 1.59053e+09 7.75935e+07 1.64832e+07 17 10 1.31909e+09 80.0265 157.6 133091
1.62558e+12 0 3.125e+06 2.11325e+13 8 13 2.5e+07 1.18301e-06 68 147584
8.62287e+08 2.03247e+09 8.1955e+07 1.97469e+08 13 11 1.06542e+09 5.39535 74 145188
1.86242e+08 1.61558e+09 8.22045e+07 4.7382e+06 10 14 8.22045e+08 173.493 42.8571 77324.9
3.09789e+09 4.68834e+09 7.38756e+07 1.15664e+08 13 13 9.60383e+08 8.3032 102 146554
9.31762e+07 1.55922e+09 8.07508e+07 9.18372e+06 11 10 8.88259e+08 96.7211 86.1 123585
52657.5 351050 2.5e+07 168173 3 20 7.5e+07 445.968 22 7687.53
7.40968e+07 1.48173e+09 8.66552e+07 2.87897e+07 13 11 1.12652e+09 39.1292 54.9091 199202
7.64341e+06 1.95139e+08 8.55032e+07 7.84395e+06 4 18 3.42013e+08 43.6021 55.7778 28174.1
4.94815e+07 6.52485e+08 8.4994e+07 9.93213e+07 8 15 6.79952e+08 6.84598 73.6 87002.6
1.25416e+08 1.28554e+09 7.97125e+07 730198 12 14 9.5655e+08 1309.99 66.8571 115316
1.403e+18 0 1.98954e+06 1.96421e+19 11 14 2.1885e+07 1.11419e-12 27.7143 150642
4.09372e+07 7.75052e+08 6.92834e+07 623780 7 17 4.84984e+08 777.491 56 28832
2.33092e+09 7.04141e+09 6.92891e+07 1.11702e+08 6 17 4.15735e+08 3.72184 56.2353 100638
1.66858e+08 9.49542e+08 8.40096e+07 4.26696e+07 15 10 1.26014e+09 29.5326 72.1 181396
1.55505e+09 1.84226e+09 8.39257e+07 2.8152e+07 16 9 1.34281e+09 47.6986 107.556 280288
3.39106e+09 4.98026e+09 6.58813e+07 3.06598e+07 12 15 7.90575e+08 25.7854 34.9333 80229.9
1.23346e+18 0 3.28175e+07 4.99692e+14 8 15 2.6254e+08 5.25404e-07 31.7333 74298.5
4.30345e+12 0 3.125e+06 6.88551e+13 8 16 2.5e+07 3.63081e-07 16.4375 63071.8
4.16872e+09 3.68954e+09 7.7705e+07 8.46962e+07 15 9 1.16558e+09 13.7618 83.5556 173090
1.24507e+09 6.11569e+09 5.53115e+07 444901 4 19 2.21246e+08 497.292 37.7895 19047
