4.51672e+09 3.74896e+09 7.45367e+07 2.07627e+07 15 9 1.11805e+09 53.849 265.556 182570
7.62775e+08 1.7288e+09 8.1367e+07 7.41809e+07 14 7 1.13914e+09 15.3562 88.8571 172740
2.74285e+08 1.47046e+09 8.73902e+07 3.91848e+07 16 8 1.39824e+09 35.6833 118 252443
2.10007e+09 2.10934e+09 6.94267e+07 2.17145e+07 18 9 1.24968e+09 57.5506 77.5556 158558
1.13794e+08 2.90789e+09 7.78609e+07 1.1949e+07 11 5 8.5647e+08 71.6769 144 178726
3.64932e+08 1.13291e+09 7.47322e+07 9.10875e+07 17 8 1.27045e+09 13.9475 109.875 188105
3.11902e+08 1.82966e+09 8.36403e+07 2.83797e+07 17 6 1.42188e+09 50.1022 33.5 338777
6.1688e+07 1.75394e+09 8.42652e+07 2.63502e+07 15 9 1.26398e+09 47.9683 55.5556 204248
2.4925e+08 1.28104e+09 8.45847e+07 8.05403e+07 12 6 1.01502e+09 12.6026 198.833 149260
2.78382e+09 2.90551e+09 7.65729e+07 1.06077e+08 13 8 9.95447e+08 9.38422 201.875 139619
2.2571e+08 2.20882e+09 8.41304e+07 1.6448e+08 16 9 1.34609e+09 8.18389 203.556 175197
2.35975e+08 2.10991e+09 7.76713e+07 1.69741e+07 18 7 1.39808e+09 82.3656 113.714 215780
7.835e+08 1.58271e+09 7.13747e+07 2.0694e+06 18 7 1.28474e+09 620.831 137.714 170995
1.09679e+08 1.19195e+09 8.28824e+07 6.89932e+07 16 8 1.32612e+09 19.221 90 178862
1.74223e+08 1.20418e+09 8.02865e+07 4.11296e+06 16 7 1.28458e+09 312.326 74.8571 129522
1.94293e+18 0 5.6133e+07 1.81636e+10 14 10 7.85863e+08 0.0432659 55.6 140915
