31647.3 232243 3.75e+07 189884 2 6 7.5e+07 394.978 115.5 3854.48
3.18449e+08 1.03698e+09 5.10916e+07 340545 3 9 1.53275e+08 450.087 136 2627.89
13024.3 109841 2.5e+07 91170.3 2 7 5e+07 548.424 209.429 3725.3
6.88974e+08 1.37858e+09 6.30192e+07 3.69689e+07 3 6 1.89058e+08 5.11396 228 4178.66
0 0 0 0 0 0 0 0 0 0
0 0 0 0 0 0 0 0 0 0
0 0 0 0 0 0 0 0 0 0
0 0 0 0 0 0 0 0 0 0
0 0 0 0 0 0 0 0 0 0
0 0 0 0 0 0 0 0 0 0
4.87473e+18 0 5.78541e+07 1.61408e+14 6 6 3.47125e+08 2.1506e-06 177.333 3364.7
1.92856e+13 0 2.5e+07 1.15714e+14 1 6 2.5e+07 2.16051e-07 237.5 4346.26
7185.93 39946.3 2.5e+07 18122.6 3 9 7.5e+07 4138.47 156.889 3001.86
0 0 0 0 0 0 0 0 0 0
70089.1 2.98013e+06 6.70128e+07 560712 2 8 1.34026e+08 239.027 120.875 3061.61
3.13306e+12 0 2.5e+07 2.50645e+13 1 8 2.5e+07 9.97426e-07 23.5 2387.12
5.41356e+08 1.08278e+09 3.01917e+07 110103 4 8 1.20767e+08 1096.85 125.5 2355.36
0 0 0 0 0 0 0 0 0 0
174182 5.55072e+07 5.19436e+07 244699 3 7 1.55831e+08 636.825 247.429 3693.22
0 0 0 0 0 0 0 0 0 0
0 0 0 0 0 0 0 0 0 0
2.10017e+12 0 1.25e+07 1.47012e+13 2 7 2.5e+07 1.70054e-06 186 3280.54
7661.79 50470.3 2.5e+07 45970.7 3 6 7.5e+07 1631.47 210 4020.24
0 0 0 0 0 0 0 0 0 0
6.49283e+07 3.82188e+08 7.65974e+07 3.8957e+08 3 6 2.29792e+08 0.589862 216 4554.76
1.57023e+12 0 1.25e+07 1.09916e+13 2 7 2.5e+07 2.27447e-06 103.429 3367.53
4.78748e+18 0 5.25825e+07 4.96761e+13 3 6 1.57748e+08 3.17553e-06 213.5 4367.38
1.28772e+08 3.02832e+09 8.71006e+07 9.01403e+08 2 7 1.74201e+08 0.193256 419.429 3853.51
1.98262e+18 0 3.72604e+07 3.69616e+13 4 7 1.49042e+08 4.03233e-06 134.857 3417.93
2.24121e+13 0 2.5e+07 1.12061e+14 1 5 2.5e+07 2.23094e-07 205.2 13791
1.14749e+13 0 2.5e+07 6.88495e+13 1 6 2.5e+07 3.63111e-07 190.833 3849
0 0 0 0 0 0 0 0 0 0
8.93262e+06 2.6076e+08 6.76251e+07 222630 3 7 2.02875e+08 911.266 220 2656.55
3.45554e+16 0 6.04062e+07 5.90677e+15 7 6 4.22843e+08 7.15862e-08 250 3609.22
6.22119e+13 0 4.1246e+07 4.21107e+13 5 8 2.0623e+08 4.89733e-06 148.875 3137.57
0 0 0 0 0 0 0 0 0 0
69716.6 3.3456e+07 5.31416e+07 246788 3 8 1.59425e+08 646 218.875 2882.42
210425 6.04313e+07 4.49581e+07 145374 8 7 3.59665e+08 2474.07 160.857 3391.65
8.01247e+12 0 1.07143e+07 2.99635e+13 7 8 7.5e+07 2.50305e-06 157.875 3209.72
0 0 0 0 0 0 0 0 0 0
4.51244e+09 1.35373e+10 2.3123e+07 56714 2 6 4.6246e+07 815.426 217.333 4838.55
0 0 0 0 0 0 0 0 0 0
200135 1.05762e+08 4.45088e+07 188023 4 7 1.78035e+08 946.879 63.4286 3274.85
0 0 0 0 0 0 0 0 0 0
31759.4 270968 3.75e+07 254075 2 8 7.5e+07 295.188 72.875 3077.99
16845.6 38091.3 2.5e+07 43480.9 6 13 1.5e+08 3449.79 106.769 1841.03
1.64715e+12 0 1.25e+07 1.97659e+13 2 12 2.5e+07 1.26481e-06 68.9167 1889.98
2.00567e+18 0 2.08466e+07 1.40397e+19 1 7 2.08466e+07 1.48484e-12 110.857 3321.52
0 0 0 0 0 0 0 0 0 0
1.90106e+08 1.80309e+09 7.07729e+07 3.487e+06 13 4 9.20048e+08 263.851 219 5496.6
0 0 0 0 0 0 0 0 0 0
221934 1.19833e+08 6.47165e+07 349180 4 6 2.58866e+08 741.353 66.8333 3681.02
0 0 0 0 0 0 0 0 0 0
0 0 0 0 0 0 0 0 0 0
18724.2 9.29709e+07 6.44169e+07 93621.1 2 5 1.28834e+08 1376.12 130 3809.05
63138.5 6.93526e+07 5.21565e+07 224947 4 8 2.08626e+08 927.444 110 3508.65
0 0 0 0 0 0 0 0 0 0
1.5207e+08 1.32714e+09 5.48722e+07 148278 5 6 2.74361e+08 1850.31 316.833 4086.35
50502.9 2.84339e+08 6.54153e+07 404024 2 8 1.30831e+08 323.819 347.5 4744.22
10003.9 70027.2 2.5e+07 70027.2 1 7 2.5e+07 357.004 172 3512.14
448985 8.65977e+07 8.59824e+07 3.1429e+06 2 7 1.71965e+08 54.7154 127.714 3440.87
4796.61 52684 2.5e+07 38372.9 2 8 5e+07 1303 202.875 3281.44
0 0 0 0 0 0 0 0 0 0
3614.05 1.40349e+08 6.72125e+07 25298.4 2 7 1.34425e+08 5313.58 188 3123.35
3.1567e+07 1.55488e+09 6.30192e+07 336834 3 9 1.89058e+08 561.279 400 3176.5
4660.71 63702.4 2.5e+07 41946.4 2 9 5e+07 1192 114.222 3178.57
1.60566e+08 1.33687e+09 7.4401e+07 37427.8 4 5 2.97604e+08 7951.42 113.2 4245.83
4804.8 38438.4 2.5e+07 38438.4 1 8 2.5e+07 650.392 140.875 3111.35
7.49121e+08 3.45466e+09 6.40575e+07 3.40842e+08 3 6 1.92173e+08 0.563818 215.333 3081.67
2.71346e+12 0 2.5e+07 1.35673e+13 1 5 2.5e+07 1.84267e-06 131.2 4478.34
11523.4 145517 2.5e+07 103711 2 9 5e+07 482.109 90.8889 2617.48
1.2458e+08 2.43228e+08 7.61182e+07 690573 4 7 3.04473e+08 440.899 78.8571 3511.53
0 0 0 0 0 0 0 0 0 0
7423.36 78853.4 2.5e+07 74233.6 2 10 5e+07 673.549 66.4 2393.78
0 0 0 0 0 0 0 0 0 0
67117.1 1.31154e+08 6.66134e+07 335585 2 5 1.33227e+08 396.998 131.2 4449.84
7.15391e+08 5.72313e+09 2.07668e+07 5.72313e+09 1 8 2.07668e+07 0.00362857 239.875 3469.6
509316 7.69023e+07 5.02596e+07 168663 8 7 4.02077e+08 2383.9 266.857 3334.72
0 0 0 0 0 0 0 0 0 0
0 0 0 0 0 0 0 0 0 0
13793.5 60710.5 3.33333e+07 58900.7 3 8 1e+08 1697.77 128.875 2747.69
2.25892e+18 0 3.75879e+07 1.18942e+17 5 5 1.87939e+08 1.58009e-09 160 3599.78
7060.94 49426.6 2.5e+07 49426.6 1 7 2.5e+07 505.8 119.429 4001.16
2.35691e+12 0 2.5e+07 1.88553e+13 1 8 2.5e+07 1.32589e-06 74.875 3187.32
1.99648e+18 0 6.91294e+07 1.15684e+17 8 6 5.53035e+08 4.78058e-09 312.833 3730.71
1.43612e+08 1.15295e+09 8.53435e+07 1.10009e+08 6 7 5.12061e+08 4.6547 134.857 3021.97
1.0808e+14 0 2.5e+07 6.48483e+14 1 6 2.5e+07 3.85515e-08 228.833 4234.16
0 0 0 0 0 0 0 0 0 0
0 0 0 0 0 0 0 0 0 0
119940 1.40038e+08 6.58147e+07 839583 2 7 1.31629e+08 156.78 166.857 3763.34
738.494 7.97847e+06 6.66134e+07 5169.45 2 7 1.33227e+08 25771.9 207.429 3832.06
0 0 0 0 0 0 0 0 0 0
0 0 0 0 0 0 0 0 0 0
0 0 0 0 0 0 0 0 0 0
0 0 0 0 0 0 0 0 0 0
2.4027e+18 0 2.14058e+07 1.44162e+19 1 6 2.14058e+07 1.48484e-12 201.333 3939.42
40642.8 2.5293e+07 6.40176e+07 203214 2 5 1.28035e+08 630.05 274.8 5892.18
0 0 0 0 0 0 0 0 0 0
7.90457e+06 2.91207e+08 6.47604e+07 551617 5 6 3.23802e+08 587.005 180.833 3582.99
0 0 0 0 0 0 0 0 0 0
0 0 0 0 0 0 0 0 0 0
0 0 0 0 0 0 0 0 0 0
0 0 0 0 0 0 0 0 0 0
0 0 0 0 0 0 0 0 0 0
18313.2 60537.1 2.5e+07 55844 3 6 7.5e+07 1343.03 211.5 4177.77
180978 2.55428e+08 6.86102e+07 1.26685e+06 2 7 1.3722e+08 108.317 151.429 3136.39
0 0 0 0 0 0 0 0 0 0
0 0 0 0 0 0 0 0 0 0
5.19659e+12 0 2.5e+07 3.63761e+13 1 7 2.5e+07 6.87264e-07 183.714 3498.7
9137.42 86042.5 3.75e+07 82236.8 2 9 7.5e+07 912 82 2827.43
2.75837e+12 0 3.125e+06 2.75837e+13 8 10 2.5e+07 9.06332e-07 73.6 2457.05
5357.69 48219.2 2.5e+07 48219.2 1 9 2.5e+07 518.466 188 2863.83
1.07928e+08 1.57366e+09 7.72231e+07 3.2981e+08 6 6 4.63339e+08 1.40487 187.5 3940.99
336951 1.11923e+08 7.96858e+07 2.35866e+06 3 7 2.39058e+08 101.353 99.7143 3257.61
0 0 0 0 0 0 0 0 0 0
1.31357e+08 7.07539e+08 5.19283e+07 1.03983e+06 7 7 3.63498e+08 349.574 327.429 3854.92
0 0 0 0 0 0 0 0 0 0
4632.46 37059.7 2.5e+07 37059.7 1 8 2.5e+07 674.588 113.875 2805.74
0 0 0 0 0 0 0 0 0 0
1.00979e+07 1.74088e+08 7.82215e+07 5.04897e+07 3 5 2.34665e+08 4.64777 173.2 14025.4
5.16276e+13 0 4.59065e+07 1.14412e+14 4 7 1.83626e+08 1.60496e-06 359.429 3362.52
5.93296e+07 7.35929e+08 6.17212e+07 491131 4 6 2.46885e+08 502.686 95.5 3962.36
5.86696e+08 4.69357e+09 2.11661e+07 4.69357e+09 1 8 2.11661e+07 0.0045096 66.875 2830.8
27805.7 176914 2.5e+07 166834 2 6 5e+07 299.699 236.833 4623.3
0 0 0 0 0 0 0 0 0 0
4671.39 37371.1 2.5e+07 37371.1 1 8 2.5e+07 668.966 111.5 3173.34
4922.3 39378.4 2.5e+07 39378.4 1 8 2.5e+07 634.865 191.5 3098.46
4.46277e+13 0 5.19436e+07 9.48804e+13 3 7 1.55831e+08 1.64239e-06 83.4286 3168.91
2.82138e+08 1.51714e+06 6.34984e+07 2.2571e+09 2 8 1.26997e+08 0.0562654 233.875 3087.09
0 0 0 0 0 0 0 0 0 0
8206.46 65651.7 2.5e+07 65651.7 1 8 2.5e+07 380.797 108.875 2941.58
38028.3 204633 2.5e+07 228170 2 6 5e+07 219.135 95.3333 3885.25
1.42746e+08 3.11657e+09 8.68211e+07 5.70984e+08 2 4 1.73642e+08 0.30411 70.75 5094.28
130788 5.11201e+06 6.44169e+07 1.17709e+06 2 9 1.28834e+08 109.451 160 2933.5
0 0 0 0 0 0 0 0 0 0
194308 1.0565e+08 6.42173e+07 460361 4 5 2.56869e+08 557.973 95.2 4102.04
3.02026e+07 1.48033e+08 7.42212e+07 7.36608e+06 4 7 2.96885e+08 40.3043 152 3350.2
17786.2 123483 2.5e+07 124503 2 7 5e+07 401.595 179.429 3304.79
1.81375e+08 1.03589e+09 7.22977e+07 270553 6 6 4.33786e+08 1603.33 578.833 5171.73
0 0 0 0 0 0 0 0 0 0
7.638e+07 1.3629e+09 7.85942e+07 5.3466e+08 3 7 2.35783e+08 0.440996 219.714 4044.21
2.23913e+14 0 5.80511e+07 3.87308e+14 5 6 2.90256e+08 7.49418e-07 67.3333 3761.81
0 0 0 0 0 0 0 0 0 0
8.37172e+07 5.5422e+08 6.93633e+07 405480 7 6 4.85543e+08 1197.45 257.333 4772.41
0 0 0 0 0 0 0 0 0 0
763664 9.93283e+07 6.54153e+07 3.81832e+06 2 5 1.30831e+08 34.2639 104.8 13683.3
1.54552e+16 0 4.83027e+07 2.71296e+15 4 6 1.93211e+08 7.12178e-08 247.5 4573.85
0 0 0 0 0 0 0 0 0 0
2.56256e+13 0 2.14286e+07 1.58542e+13 7 10 1.5e+08 9.46123e-06 152.4 2340.13
22645.2 3.18721e+06 5.07588e+07 65676.6 4 7 2.03035e+08 3091.44 107.714 3045.9
0 0 0 0 0 0 0 0 0 0
7.75465e+12 0 2.5e+07 6.20372e+13 1 8 2.5e+07 4.02984e-07 177.875 3301.4
1.65199e+07 1.00406e+09 8.53834e+07 1.32159e+08 2 8 1.70767e+08 1.29213 274.875 3381.26
1.91499e+18 0 7.10863e+06 9.57494e+18 3 5 2.13259e+07 2.22726e-12 210 3780.83
0 0 0 0 0 0 0 0 0 0
0 0 0 0 0 0 0 0 0 0
0 0 0 0 0 0 0 0 0 0
2.53765e+13 0 2.5e+07 1.52259e+14 1 6 2.5e+07 1.64194e-07 215.5 4087.29
0 0 0 0 0 0 0 0 0 0
0 0 0 0 0 0 0 0 0 0
27743 249687 2.5e+07 249687 1 9 2.5e+07 100.126 104.222 2971.96
1.27116e+13 0 2.5e+07 1.01693e+14 1 8 2.5e+07 2.45838e-07 130.875 3253.02
0 0 0 0 0 0 0 0 0 0
6733.17 47132.2 2.5e+07 47132.2 1 7 2.5e+07 530.423 236.857 3440.78
0 0 0 0 0 0 0 0 0 0
82992.3 1.97762e+07 5.22098e+07 334054 3 7 1.56629e+08 468.874 199.714 3680.04
11679.6 41388.3 2.5e+07 41216.6 3 7 7.5e+07 1819.65 167.429 3452.47
0 0 0 0 0 0 0 0 0 0
0 0 0 0 0 0 0 0 0 0
2.65789e+09 4.66494e+09 4.45088e+07 349203 4 7 1.78035e+08 509.833 215.429 2944.82
0 0 0 0 0 0 0 0 0 0
13700.5 109604 2.5e+07 109604 1 8 2.5e+07 228.093 63.875 2711.84
0 0 0 0 0 0 0 0 0 0
0 0 0 0 0 0 0 0 0 0
3.9239e+07 4.61391e+08 7.44609e+07 2.35434e+08 4 6 2.97843e+08 1.26508 154 3547.76
77214.3 1.28571e+08 5.19436e+07 231605 3 7 1.55831e+08 672.828 334.857 3847.76
0 0 0 0 0 0 0 0 0 0
0 0 0 0 0 0 0 0 0 0
39907.4 182398 2.5e+07 117119 4 6 1e+08 853.829 123.333 3718.81
0 0 0 0 0 0 0 0 0 0
2.17058e+08 1.56197e+09 7.62095e+07 658534 7 8 5.33466e+08 810.081 157.875 3499.3
3.23946e+18 0 2.16454e+07 1.94368e+19 1 6 2.16454e+07 1.11363e-12 277.333 6057.44
6.92755e+12 0 5e+06 4.15653e+13 5 6 2.5e+07 6.01463e-07 178.833 4106.56
126797 2.31916e+08 6.66134e+07 760783 2 6 1.33227e+08 175.118 290 5862.86
0 0 0 0 0 0 0 0 0 0
0 0 0 0 0 0 0 0 0 0
5.65358e+06 1.07134e+09 7.48203e+07 458966 4 6 2.99281e+08 652.076 77.5 3755.23
149482 2.24475e+08 6.58147e+07 1.04637e+06 2 7 1.31629e+08 125.796 112.857 3720.14
11959.4 99237.9 2.5e+07 95674.8 3 8 7.5e+07 783.905 124.875 2979.03
9589.23 67124.6 2.5e+07 67124.6 1 7 2.5e+07 372.442 122 2990.4
97845.6 2.29361e+07 4.48083e+07 15310.1 4 7 1.79233e+08 11706.9 68.8571 3253.27
6812.5 81517.9 3.75e+07 54500 2 8 7.5e+07 1376.15 167.875 3024.18
22029.4 58876.9 2.5e+07 50368.4 4 7 1e+08 1985.37 179.429 2971.28
8.22669e+07 2.15831e+09 8.48642e+07 5.75868e+08 2 7 1.69728e+08 0.294735 267.714 3281.92
1.1495e+13 0 2.5e+07 1.03455e+14 1 9 2.5e+07 2.41651e-07 153.556 2598.75
1.40616e+08 9.84309e+08 2.16454e+07 9.84309e+08 1 7 2.16454e+07 0.0219904 163.429 3371.64
0 0 0 0 0 0 0 0 0 0
0 0 0 0 0 0 0 0 0 0
28675.9 196987 2.5e+07 69626.7 3 8 7.5e+07 1077.17 151.875 3008.52
9.94303e+12 0 2.5e+07 4.97152e+13 1 5 2.5e+07 5.02865e-07 234.8 5915.67
2.75893e+07 6.33609e+08 5.12913e+07 368711 12 8 6.15495e+08 1669.31 110 3243.75
9471.76 42622.9 2.5e+07 32487.1 2 9 5e+07 1539.07 180 2795.81
0 0 0 0 0 0 0 0 0 0
108473 325420 2.5e+07 64259.4 3 9 7.5e+07 1167.15 180 2499.48
1.23548e+07 6.33662e+08 8.69808e+07 4.94192e+07 2 4 1.73962e+08 3.52012 132 5701.01
1.09634e+16 0 6.42173e+07 2.42736e+14 3 9 1.92652e+08 7.93668e-07 106.889 2724.71
0 0 0 0 0 0 0 0 0 0
2.98839e+12 0 8.33333e+06 2.98839e+13 3 10 2.5e+07 8.36571e-07 180.1 2813.64
22106 155638 2.5e+07 110530 2 5 5e+07 452.366 93.2 4282.32
6823.66 61412.9 2.5e+07 61412.9 1 9 2.5e+07 407.081 126 2505.38
1.77453e+07 4.09367e+08 8.65815e+07 1.06472e+08 2 6 1.73163e+08 1.62638 214 3830.1
1.2087e+07 5.80545e+08 4.50679e+07 281256 8 8 3.60543e+08 1281.9 257.875 2960.39
15417.5 138757 2.5e+07 138757 1 9 2.5e+07 180.171 220 2854.16
