4.45352e+09 2.68418e+09 5.84753e+07 1.11467e+06 18 10 1.05256e+09 944.274 158.1 2664.72
8.66777e+07 1.75929e+09 9.49947e+07 3.43822e+08 6 17 5.69968e+08 1.65774 85.0588 1164.5
7.2068e+12 0 1.5e+07 4.21525e+13 5 16 7.5e+07 1.77925e-06 94.9375 1359.48
8.4396e+08 2.11319e+09 3.50981e+07 163872 7 17 2.45687e+08 1499.26 45.5294 841.895
4.7364e+07 3.03202e+08 7.85703e+07 5.46621e+06 10 14 7.85703e+08 143.738 141.214 1648.49
1.1365e+08 1.35638e+09 9.01917e+07 2.24228e+07 10 14 9.01917e+08 40.2232 133.429 2080.5
8.29651e+07 1.45056e+09 8.44741e+07 1.18167e+07 13 7 1.09816e+09 92.9331 77.7143 3796.18
2.18728e+09 2.80698e+09 6.36848e+07 6.66425e+06 12 11 7.64217e+08 114.674 192.545 2493.68
0 0 0 0 0 0 0 0 0 0
1.34147e+09 3.15779e+09 7.4351e+07 1.9552e+06 8 14 5.94808e+08 304.219 84.8571 1533.83
9.18793e+08 2.12e+09 7.6869e+07 1.48535e+07 15 8 1.15304e+09 77.6274 137.875 3620.75
1.05085e+08 9.59773e+08 8.85638e+07 5.76463e+07 11 14 9.74201e+08 16.8996 211.429 2304.05
3.90952e+16 0 2.46515e+07 4.99982e+13 11 12 2.71166e+08 5.42352e-06 112 2001.44
4.9405e+07 1.37343e+09 8.81989e+07 8.47345e+07 8 14 7.05591e+08 8.32708 65.2143 1490.58
3.05932e+09 5.0299e+09 7.92599e+07 6.85614e+06 9 13 7.13339e+08 104.044 121.231 1841.05
6.44529e+07 9.30712e+08 7.96212e+07 1.80527e+06 14 10 1.1147e+09 617.468 130.4 2819.16
1.00847e+08 1.32357e+09 8.56844e+07 1.62731e+08 13 9 1.1139e+09 6.84503 300 4159.05
5.6658e+07 1.42171e+09 8.67412e+07 1.59642e+08 9 15 7.80671e+08 4.89013 69.7333 1399.03
1.04448e+08 8.65163e+08 8.64094e+07 1.42005e+07 13 11 1.12332e+09 79.1045 136.545 2628.82
2817.17 25354.5 2.5e+07 25300.1 2 18 5e+07 1976.28 74.4444 687.458
6.04467e+07 1.81734e+09 8.04866e+07 4.06958e+06 13 9 1.04633e+09 257.109 163.556 3689.27
1.2766e+08 1.35957e+09 8.92772e+07 1.11073e+08 12 8 1.07133e+09 9.64521 166 3750.49
2.14838e+09 1.97318e+09 8.14925e+07 4.24829e+06 14 9 1.14089e+09 268.554 70 2661.61
1.41621e+08 7.71469e+08 8.55649e+07 7.65961e+06 11 13 9.41214e+08 122.88 94.7692 2116.21
4.11463e+08 1.06421e+09 8.28643e+07 8.53813e+07 13 11 1.07724e+09 12.6168 102.545 2293.73
2.36752e+06 1.08853e+08 6.67732e+07 152198 3 19 2.00319e+08 1316.18 77.6842 415.93
0 0 0 0 0 0 0 0 0 0
1.19832e+08 9.37139e+08 7.96035e+07 1.11409e+06 11 14 8.75639e+08 785.966 62.9286 1546.01
5.18536e+06 1.79246e+08 8.67412e+07 1.9144e+07 4 18 3.46965e+08 18.1239 92 629.603
5.61179e+08 1.44458e+09 8.14004e+07 3.51863e+07 15 9 1.22101e+09 34.7012 117.556 3081.82
3.42094e+09 2.97796e+09 6.20181e+07 472605 15 11 9.30272e+08 1968.39 64.1818 2670.96
2.98626e+08 1.19442e+09 8.18348e+07 1.64973e+07 14 8 1.14569e+09 69.4468 175.875 4029.5
0 0 0 0 0 0 0 0 0 0
2.18376e+08 1.46878e+09 7.8969e+07 3.36295e+07 13 13 1.0266e+09 30.5267 132.308 2247.01
3.74885e+08 1.16548e+09 8.44531e+07 4.0611e+07 17 6 1.4357e+09 35.3526 131.333 5000.74
7.14956e+07 6.20406e+08 8.72843e+07 1.49894e+08 10 14 8.72843e+08 5.82306 94.3571 1762.86
7.34801e+08 2.5383e+09 7.54073e+07 1.6364e+07 10 12 7.54073e+08 46.0812 346.917 2427.43
9.55775e+07 7.28167e+08 7.85277e+07 1.45257e+07 12 11 9.42332e+08 64.8735 104.545 2557.99
0 0 0 0 0 0 0 0 0 0
1.09517e+12 0 2.5e+06 1.53324e+13 10 14 2.5e+07 1.63053e-06 78.9286 1624.42
1.69266e+08 1.6117e+09 8.79248e+07 3.24886e+08 11 14 9.67173e+08 2.97696 65.2143 1871.93
6.52319e+07 8.34596e+08 7.5781e+07 1.15215e+07 9 15 6.82029e+08 59.1963 143.733 1586.76
2.34727e+11 0 5e+06 3.52091e+12 5 15 2.5e+07 7.10044e-06 108.4 1643.92
6.81553e+07 4.92748e+08 7.32612e+07 1.25413e+06 13 13 9.52396e+08 759.408 46.7692 1958.11
9.75173e+07 4.44478e+08 7.52796e+07 7.66942e+06 12 12 9.03355e+08 117.787 136.667 2513.47
0 0 0 0 0 0 0 0 0 0
2324.75 46494.9 2.5e+07 46494.9 1 20 2.5e+07 537.693 54.55 144.281
3332.36 33323.6 2.5e+07 32423 2 20 5e+07 1542.12 59.2 143.834
2.2723e+09 3.09757e+09 6.55243e+07 7.38446e+06 11 12 7.20767e+08 97.6059 91.6667 1678.41
2.0292e+08 1.41727e+09 8.20607e+07 2.50528e+06 15 10 1.23091e+09 491.328 104.1 2754.06
5.73602e+11 0 6.25e+06 8.60403e+12 4 15 2.5e+07 2.90562e-06 120.4 1643.24
5.88921e+07 1.05192e+09 7.3139e+07 5.56253e+06 10 14 7.3139e+08 131.485 149.714 1759.91
1.08119e+08 1.15192e+09 8.22434e+07 2.05979e+07 16 9 1.31589e+09 63.885 241.556 3431.28
1.59056e+08 1.12591e+09 8.98505e+07 2.05586e+07 14 11 1.25791e+09 61.1866 198.545 3161.75
2.11285e+09 7.81451e+09 4.94569e+07 439010 5 18 2.47284e+08 563.278 68.4444 746.539
0 0 0 0 0 0 0 0 0 0
9.78706e+08 2.0675e+09 6.7492e+07 1.68996e+06 8 16 5.39936e+08 319.496 106.438 1251.1
6.33799e+08 2.08898e+09 7.73453e+07 2.53935e+08 11 12 8.50799e+08 3.35046 67.6667 2037.62
8.58679e+06 5.97773e+08 8.48642e+07 1.63149e+08 2 19 1.69728e+08 1.04033 68.1053 421.24
8.82665e+07 7.15452e+08 8.07668e+07 1.21281e+07 10 13 8.07668e+08 66.5946 83.6923 2125.19
9.69971e+06 2.41463e+08 5.56481e+07 84806 7 16 3.89537e+08 4593.27 89.9375 1143.98
2.28044e+09 2.28044e+10 2.16454e+07 1.82667e+10 2 20 4.32907e+07 0.00236993 92.95 137.655
7.48012e+07 1.39492e+09 8.94169e+07 9.19469e+07 6 15 5.36502e+08 5.83491 87.7333 1240.91
1.33519e+06 4.65916e+07 8.53834e+07 2.53686e+07 2 19 1.70767e+08 6.73142 45.1579 390.409
4.14164e+08 1.6736e+09 7.87847e+07 1.64816e+07 13 13 1.0242e+09 62.142 87.6923 2065.59
6.20149e+06 3.61596e+08 8.33866e+07 1.17828e+08 2 19 1.66773e+08 1.41539 63.6842 344.78
2.0944e+07 1.21629e+09 8.73003e+07 3.97935e+08 2 19 1.74601e+08 0.438767 117.158 406.308
7.67402e+15 0 2.04545e+07 6.08852e+14 11 12 2.25e+08 3.69548e-07 104.917 2588.27
2.726e+09 7.00103e+09 5.61273e+07 398002 7 14 3.92891e+08 987.16 131.429 1773.54
2.01221e+09 1.82155e+09 7.70234e+07 3.69248e+06 12 9 9.24281e+08 250.315 192.889 3326.05
5.23757e+07 9.43221e+08 8.8099e+07 1.68964e+08 7 15 6.16693e+08 3.64984 100.4 1374.35
2.37189e+09 3.39819e+09 6.98882e+07 516049 10 12 6.98882e+08 1354.29 211.667 2482.17
1.56678e+12 0 6.25e+06 2.66353e+13 4 17 2.5e+07 9.38603e-07 113.059 1000.76
1.11336e+08 5.99401e+08 8.38711e+07 2.40159e+07 15 11 1.25807e+09 52.3848 108.909 2530.2
1.52737e+08 9.41392e+08 9.09523e+07 4.81111e+07 18 9 1.63714e+09 34.0283 130.889 4077.16
2.181e+09 8.43573e+09 5.1278e+07 1.26612e+06 5 17 2.5639e+08 202.501 113.059 1042.27
3.65893e+07 3.75934e+08 7.50184e+07 3.09911e+06 13 11 9.7524e+08 314.683 73.6364 1930.37
8.60289e+08 1.95622e+09 8.26211e+07 2.34157e+07 12 14 9.91454e+08 42.3415 78.8571 1785.86
1.12899e+08 9.68615e+08 6.93654e+07 678241 11 15 7.63019e+08 1125 120.933 1695.08
3.26442e+12 0 6.25e+06 4.89663e+13 4 15 2.5e+07 5.10555e-07 68.9333 1399.67
2.30101e+08 1.6477e+09 9.10224e+07 5.50267e+08 10 13 9.10224e+08 1.65415 127.692 2246.69
4.76713e+08 2.05169e+09 6.55928e+07 1.72691e+07 9 13 5.90335e+08 34.1844 97.2308 1691.79
5.20396e+08 1.25528e+09 6.67252e+07 374957 10 15 6.67252e+08 1779.54 119.733 1520.09
4.95593e+07 1.4815e+09 8.70208e+07 2.38512e+07 4 18 3.48083e+08 14.5939 142.444 718.318
1.05954e+06 3.01584e+07 6.76518e+07 3.4203e+06 4 18 2.70607e+08 79.1179 86.4444 709.601
1.64783e+09 3.00755e+09 8.26387e+07 8.07747e+07 11 11 9.09026e+08 11.2538 136.182 2758.95
1.3636e+09 4.69382e+09 5.76518e+07 351357 5 17 2.88259e+08 820.416 84.2353 811.943
1.98066e+09 4.81026e+09 2.27293e+07 65974.5 7 17 1.59105e+08 2411.62 57.5294 825.115
4.28117e+07 3.74905e+08 6.51957e+07 1.16752e+06 12 12 7.82348e+08 670.094 261.667 2942.66
8.0302e+07 7.68912e+08 8.16149e+07 595345 11 15 8.97764e+08 1507.97 108.4 1767.28
2187.03 43740.5 2.5e+07 43740.5 1 20 2.5e+07 571.552 26.95 138.831
1.10518e+08 9.38404e+08 8.34787e+07 1.41398e+07 13 13 1.08522e+09 76.7494 112.308 2219.86
1.27793e+08 1.46132e+09 8.94125e+07 3.79933e+08 9 15 8.04712e+08 2.11804 54.4 1535.9
1.17604e+08 1.02185e+09 9.17732e+07 5.22248e+07 14 13 1.28482e+09 24.6018 174.308 2700.58
1.46579e+08 1.42611e+09 7.28594e+07 1.19428e+07 15 10 1.09289e+09 91.5104 134.9 2985.85
6.81085e+07 5.23925e+08 6.71971e+07 608664 13 13 8.73562e+08 1435.21 174.308 2167.53
1.43468e+08 1.36712e+09 8.76561e+07 1.92086e+07 11 12 9.64217e+08 50.1972 101 1904.38
1.31073e+08 1.217e+09 8.70668e+07 4.54531e+06 13 10 1.13187e+09 249.019 163.6 3042.71
0 0 0 0 0 0 0 0 0 0
2.84431e+07 6.22974e+08 8.54633e+07 1.04444e+07 6 17 5.1278e+08 49.0963 49.5294 1011.27
5.5302e+07 8.74368e+08 8.36528e+07 1.73198e+07 6 16 5.01917e+08 28.9794 117.75 1178.2
3.61973e+09 3.66673e+09 8.00373e+07 1.50146e+07 15 12 1.20056e+09 79.9597 130.917 2380.58
1.3463e+08 1.17338e+09 7.77223e+07 1.11753e+07 12 13 9.32668e+08 83.4576 126.308 2111.12
0 0 0 0 0 0 0 0 0 0
3.43245e+08 1.81158e+09 8.49099e+07 2.18904e+08 14 9 1.18874e+09 5.43041 230.889 3085.42
4.43178e+07 5.66031e+08 8.17207e+07 621639 7 15 5.72045e+08 920.221 80 1351.43
8.86585e+11 0 6.25e+06 1.41854e+13 4 16 2.5e+07 1.76238e-06 21.75 1099.19
44269 442690 2.5e+07 119881 2 20 5e+07 417.08 46.55 142.716
13492.8 89951.9 2.5e+07 38594 3 20 7.5e+07 1943.31 47.2 147.694
6.08275e+07 9.2518e+08 8.75899e+07 1.84763e+07 8 16 7.00719e+08 37.9252 64.9375 1325.4
1.35296e+08 1.10608e+09 7.38219e+07 1.49138e+06 16 10 1.18115e+09 791.986 124.1 3074.67
1.47696e+06 8.58007e+07 8.42652e+07 2.80623e+07 2 19 1.6853e+08 6.00559 76.1053 415.14
2.08996e+08 1.12067e+09 8.65472e+07 1.64363e+06 14 13 1.21166e+09 737.185 104.769 2285.68
6.53911e+07 9.50929e+08 7.89936e+07 2.96638e+06 7 17 5.52955e+08 186.407 63.5294 1047.65
6.66452e+08 1.3329e+10 2.08466e+07 1.3329e+10 1 20 2.08466e+07 0.001564 33.8 140.227
8.82408e+07 6.0687e+08 6.07101e+07 387807 11 15 6.67812e+08 1722.02 68.9333 1630.3
4437.02 88740.5 2.5e+07 88740.5 1 20 2.5e+07 281.72 72.55 145.56
1.0566e+07 1.08457e+08 7.95261e+07 2.97931e+07 6 16 4.77157e+08 16.0157 70.9375 963.324
2.49933e+08 1.72987e+09 8.25251e+07 7.2939e+06 14 10 1.15535e+09 158.4 108.9 2807.69
4.06891e+07 6.73138e+08 8.16294e+07 1.91248e+06 7 16 5.71406e+08 298.778 99.75 1030.08
3.26071e+07 4.96668e+08 5.68091e+07 971524 8 17 4.54473e+08 467.794 53.5294 1001.58
4.59815e+07 3.83607e+08 7.27955e+07 961123 10 14 7.27955e+08 757.401 130.357 1733.26
7.78931e+08 1.85247e+09 7.71166e+07 4.70183e+07 8 14 6.16933e+08 13.1211 69.4286 1693.53
1.3065e+07 6.01789e+08 7.13601e+07 1.15663e+06 7 15 4.99521e+08 431.877 113.733 1363.76
1.13615e+08 1.12779e+09 9.03908e+07 1.71758e+07 13 9 1.17508e+09 68.4147 128 3027.54
3.36664e+08 1.02638e+09 8.32335e+07 5.42688e+07 12 14 9.98802e+08 18.4047 96.9286 1792.37
1.25019e+07 5.58387e+08 8.66813e+07 1.03189e+08 4 17 3.46725e+08 3.3601 58.2353 802.675
1.5515e+09 2.39473e+09 5.93517e+07 646588 12 12 7.1222e+08 1101.5 243.667 2595.97
3.38974e+07 7.981e+08 7.41214e+07 777427 5 17 3.70607e+08 476.71 80.1176 914.439
8.69556e+07 1.14497e+09 8.96965e+07 8.43541e+06 8 16 7.17572e+08 85.0666 89.75 1321.36
2.30356e+06 4.30088e+08 6.63028e+07 381552 9 15 5.96725e+08 1563.94 48.9333 1349.51
7.04159e+07 1.32421e+09 9.11228e+07 6.3142e+06 7 12 6.37859e+08 101.02 100.917 1834.69
5.37135e+11 0 6.25e+06 9.66843e+12 4 18 2.5e+07 2.58573e-06 102.5 703.154
0 0 0 0 0 0 0 0 0 0
7037.15 133706 2.5e+07 133706 1 19 2.5e+07 186.978 66.4211 445.151
2.3706e+07 4.90648e+08 8.59425e+07 1.19449e+08 6 16 5.15655e+08 4.31694 155.75 947.058
1.42448e+08 1.0934e+09 8.21778e+07 1.47283e+07 15 11 1.23267e+09 83.6938 188.727 3101.26
2.18334e+08 1.35187e+09 8.7374e+07 1.7923e+07 13 12 1.13586e+09 63.3745 180 2497.74
2.9262e+08 1.4003e+09 8.66187e+07 3.46958e+08 15 11 1.29928e+09 3.74478 81.6364 2940.46
1.85832e+08 6.19015e+08 5.31721e+07 771817 14 13 7.44409e+08 964.489 209.231 2166.49
1.44531e+08 1.41898e+09 7.87903e+07 3.31e+06 11 14 8.66693e+08 261.841 101.429 1867.19
3.36558e+07 6.80747e+08 8.69542e+07 2.21648e+07 6 17 5.21725e+08 23.5385 78.2353 1034.45
8.52836e+07 6.82157e+08 8.15974e+07 684433 10 11 8.15974e+08 1192.19 136.545 2645.5
9.47453e+07 6.55123e+08 7.93315e+07 1.91e+06 13 11 1.03131e+09 539.952 182.545 3006.21
1.47109e+09 1.35085e+09 7.50699e+07 5.94726e+07 16 10 1.20112e+09 20.1962 60.1 2050.99
4.25886e+07 9.25606e+08 8.03015e+07 9.86973e+07 8 15 6.42412e+08 6.50891 69.7333 1369.05
8.00589e+07 7.43219e+08 8.2476e+07 1.6765e+07 10 15 8.2476e+08 49.1954 91.7333 1546.14
2.16304e+09 3.66604e+09 8.39657e+07 3.13953e+06 8 12 6.71725e+08 213.957 104.25 2194.39
7.56578e+07 1.58264e+09 7.86142e+07 1.22054e+06 8 14 6.28914e+08 515.275 103.214 1657.13
981.957 19639.1 2.5e+07 19639.1 1 20 2.5e+07 1272.97 40.95 112.593
1.81868e+08 1.47533e+09 8.93038e+07 9.35161e+07 12 13 1.07165e+09 11.4595 80.3077 2247.12
5.61255e+07 6.54732e+08 8.68411e+07 1.61081e+07 8 15 6.94728e+08 43.1293 87.3333 1257.61
2.7957e+09 4.34512e+09 6.26997e+07 416772 10 13 6.26997e+08 1504.41 147.077 1956.78
1.56522e+08 1.65463e+09 8.99681e+07 4.48289e+08 10 15 8.99681e+08 2.00692 82.4 1569.15
1.19098e+08 9.12276e+08 7.47319e+07 8.65686e+06 14 13 1.04625e+09 120.857 106.308 2280.67
2.63955e+09 4.75333e+09 7.54171e+07 1.16261e+06 9 13 6.78754e+08 583.821 110.769 1878.73
2.22177e+08 1.43662e+09 6.39244e+07 1.64359e+07 3 19 1.91773e+08 11.6679 59.6842 410.629
1.82445e+08 1.17896e+09 8.7945e+07 8.62745e+07 14 8 1.23123e+09 14.2711 141.5 4452.74
2.59967e+09 2.55968e+09 5.90993e+07 128796 13 12 7.68291e+08 5965.17 108 2123.51
2.06927e+08 2.40646e+09 8.47111e+07 3.70608e+07 12 12 1.01653e+09 27.4288 190 2326.12
1.19375e+08 8.89943e+08 8.8123e+07 9.29776e+07 10 14 8.8123e+08 9.47787 89.2143 1673.86
1.28392e+09 2.33966e+09 5.96006e+07 303419 10 14 5.96006e+08 1964.3 99.2143 1787.55
1.59395e+09 1.06263e+10 2.2524e+07 105690 3 20 6.75719e+07 639.339 90.55 145.092
5.34522e+06 1.87089e+08 8.53834e+07 1.01559e+08 2 19 1.70767e+08 1.68145 67.7895 380.614
0 0 0 0 0 0 0 0 0 0
3.66631e+07 1.03e+09 8.89776e+07 2.7406e+08 4 18 3.55911e+08 1.29866 60.2778 686.466
1.75627e+08 1.49235e+09 8.68864e+07 2.18248e+08 11 13 9.55751e+08 4.37919 127.077 2053.48
1.38148e+08 1.1789e+09 7.98845e+07 1.04e+06 13 13 1.0385e+09 998.557 63.2308 1903.02
7.80713e+08 1.98937e+09 8.87134e+07 2.48679e+08 13 13 1.15327e+09 4.63761 101.692 2362.44
5.46399e+08 2.63229e+09 4.53474e+07 138454 4 19 1.8139e+08 1310.11 70.4211 416.099
1.25501e+07 3.05748e+08 7.3026e+07 7.23531e+06 7 16 5.11182e+08 70.651 80 1196.33
2.0624e+08 1.40146e+09 9.12141e+07 8.49879e+07 15 10 1.36821e+09 16.0989 187.6 3715.88
8.07707e+08 1.61541e+10 2.07668e+07 1.61541e+10 1 20 2.07668e+07 0.00128554 44.55 154.101
9.97543e+07 1.17355e+09 8.83615e+07 4.50036e+08 7 16 6.1853e+08 1.3744 125.75 1083.06
3.02792e+08 1.32389e+09 4.96006e+07 1.63928e+06 5 16 2.48003e+08 151.288 77.75 1095.02
2.7698e+08 2.40629e+09 7.47737e+07 1.08654e+06 12 11 8.97284e+08 825.818 137.636 2761.01
8.41376e+06 5.71097e+08 8.28674e+07 1.59862e+08 2 19 1.65735e+08 1.03674 40.5263 416.731
1.07925e+08 1.44521e+09 9.28514e+07 9.30968e+07 8 16 7.42812e+08 7.97892 79.4375 1246.41
5.0376e+07 9.36272e+08 6.2287e+07 308696 6 17 3.73722e+08 1210.65 88.1176 1043.36
5.03085e+08 1.12615e+09 8.26221e+07 6.63785e+07 14 10 1.15671e+09 17.426 202 3449.52
1.43351e+08 2.04536e+09 8.69489e+07 6.60521e+07 10 13 8.69489e+08 13.1637 67.2308 1814.43
3.82799e+07 1.10735e+09 7.70767e+07 591718 5 18 3.85383e+08 651.296 32.4444 688.676
1.35892e+09 3.09896e+09 7.52196e+07 3.37019e+06 8 15 6.01757e+08 178.553 190.933 1595.74
6.28661e+07 1.95846e+09 7.32728e+07 3.08367e+06 8 13 5.86182e+08 190.092 90.3077 1392.79
1.34332e+09 4.0874e+09 7.6723e+07 8.6659e+06 7 16 5.37061e+08 61.974 98.4375 1392.04
14369.8 95798.8 2.5e+07 63348.8 3 20 7.5e+07 1183.92 65.2 147.738
1.07428e+08 7.59781e+08 8.58387e+07 2.99406e+08 10 14 8.58387e+08 2.86696 95.4286 1780.34
17848.7 356975 2.5e+07 356975 1 20 2.5e+07 70.033 48.55 145.904
2.11197e+07 4.72731e+08 7.46326e+07 394010 5 18 3.73163e+08 947.09 61.1111 677.704
1.01574e+17 0 4.16667e+06 1.42204e+18 6 14 2.5e+07 1.75804e-11 152.857 1951.8
1.45042e+12 0 3.57143e+06 2.32067e+13 7 16 2.5e+07 1.07728e-06 85 1184.95
8.89086e+07 1.18498e+09 8.92093e+07 1.48778e+08 10 13 8.92093e+08 5.99614 236.308 2425.56
1.4256e+07 3.18991e+08 6.5016e+07 298071 8 16 5.20128e+08 1744.98 50.9375 1300.38
1.8473e+07 3.74298e+08 6.50692e+07 344928 6 17 3.90415e+08 1131.88 79.5294 1029.28
2.09117e+09 7.21445e+09 8.23323e+07 2.87762e+06 5 15 4.11661e+08 143.056 136.933 1524.79
1.77668e+07 3.5318e+08 8.52436e+07 3.24454e+07 4 17 3.40974e+08 10.5092 53.5294 825.017
6.92758e+07 1.43766e+09 8.24481e+07 2.39117e+07 8 15 6.59585e+08 27.5842 89.7333 1341.85
7.73726e+07 1.85292e+09 9.19557e+07 2.50424e+07 7 15 6.4369e+08 25.704 132.933 1601.73
167247 3.6147e+06 3.22284e+07 3.17769e+06 2 19 6.44569e+07 20.2842 89.1579 389.146
101301 4.63931e+06 3.91214e+07 183682 5 17 1.95607e+08 1064.92 98.2353 802.185
1012.1 20242.1 2.5e+07 20242.1 1 20 2.5e+07 1235.05 80.95 145.624
3.10867e+08 1.17967e+09 7.94968e+07 4.19703e+07 10 14 7.94968e+08 18.9412 100.929 1426.67
1.61139e+08 1.73726e+09 8.96602e+07 1.67717e+08 11 13 9.86262e+08 5.8805 113.692 2181.76
1.39675e+09 3.52978e+09 5.801e+07 4.18438e+06 7 17 4.0607e+08 97.0443 82.2353 922.738
1.49688e+08 1.1433e+09 7.82133e+07 2.18552e+07 13 11 1.01677e+09 46.5231 64.7273 2573.43
1.54682e+09 1.75975e+09 8.00442e+07 5.12832e+07 13 10 1.04058e+09 20.2907 138 2646.04
1.65256e+06 1.72982e+08 5.40735e+07 7.02852e+06 5 17 2.70367e+08 38.4672 61.5294 828.512
9.00038e+07 1.15119e+09 8.97364e+07 1.48152e+08 10 13 8.97364e+08 6.05705 211.231 2027.06
5.6097e+08 1.82815e+09 7.63065e+07 9.23039e+06 14 13 1.06829e+09 115.736 114.308 2392.54
4.33593e+11 0 5e+06 7.37108e+12 5 17 2.5e+07 3.39163e-06 123.529 1068.21
2.33944e+09 2.42594e+09 6.34071e+07 366234 14 12 8.877e+08 2423.86 153.667 2899.75
1.80619e+07 2.81688e+08 7.82907e+07 1.23086e+06 10 13 7.82907e+08 636.065 62.3077 1893.03
8.69725e+13 0 1.67412e+07 7.04717e+13 10 13 1.67412e+08 2.37559e-06 51.2308 1992.8
7.9069e+08 1.75501e+09 8.79393e+07 2.2843e+07 15 13 1.31909e+09 57.7458 142.769 2647.76
3.39547e+09 3.71582e+09 6.14279e+07 4.6799e+06 13 13 7.98562e+08 170.637 173.077 2076.12
5.81209e+06 2.3952e+08 8.52236e+07 1.1043e+08 2 19 1.70447e+08 1.54349 40.4211 414.266
196001 1.09244e+07 8.69409e+07 3.72402e+06 2 19 1.73882e+08 46.6919 83.7895 382.718
0 0 0 0 0 0 0 0 0 0
7.16442e+07 8.29519e+08 8.71551e+07 1.0573e+08 11 14 9.58706e+08 9.06753 115.714 1869.63
177636 1.338e+07 8.38658e+07 3.37508e+06 2 19 1.67732e+08 49.6971 82.4211 414.049
1.53064e+09 2.33103e+09 8.30179e+07 1.98731e+07 13 12 1.07923e+09 54.3063 180.25 2652.26
2.3929e+08 1.55846e+09 9.00502e+07 1.79023e+08 14 12 1.2607e+09 7.04213 156.667 2919.55
2.11247e+08 1.9607e+09 8.67732e+07 3.31882e+08 10 14 8.67732e+08 2.61458 123.5 1952.23
2.46064e+09 4.02017e+09 7.79553e+07 2.19965e+07 12 15 9.35463e+08 42.5278 86 1649.83
1.66303e+08 1.72661e+09 8.88252e+07 5.79083e+07 11 14 9.77077e+08 16.8728 92.8571 1819.71
