2.63907e+07 3.7434e+08 7.94285e+07 4.04432e+07 9 12 7.14856e+08 17.6756 147.667 2473.36
1.02788e+09 1.36227e+09 8.47045e+07 6.70135e+07 16 8 1.35527e+09 20.2239 136.875 4354.64
1.43877e+08 7.42603e+08 8.37859e+07 2.0881e+06 16 8 1.34058e+09 642.007 129.5 3417.22
9.44156e+07 1.38112e+09 7.78554e+07 7.82394e+06 8 12 6.22843e+08 79.6074 97.6667 1857.05
1.60556e+09 2.61522e+09 8.47444e+07 5.45884e+07 11 10 9.32189e+08 17.0767 141.6 2829.26
2.99386e+08 1.84867e+09 8.73303e+07 2.62549e+08 16 10 1.39728e+09 5.322 142.9 3375.7
3.14569e+08 1.36013e+09 8.91515e+07 3.05078e+07 17 7 1.51558e+09 49.6783 204.857 4841.53
7.67467e+08 1.61021e+09 8.32497e+07 7.09832e+06 14 13 1.1655e+09 164.193 92.9231 2394.21
1.85585e+08 1.5704e+09 8.57705e+07 6.51805e+07 13 6 1.11502e+09 17.1066 240 5367.34
3.78771e+08 1.23116e+09 8.43876e+07 2.21456e+07 15 10 1.26581e+09 57.1588 134.9 3228.42
2.00903e+08 1.16662e+09 8.76548e+07 1.6651e+08 16 7 1.40248e+09 8.42277 76.8571 4124.73
6.16953e+08 8.75429e+08 8.51609e+07 4.10439e+07 14 9 1.19225e+09 29.0482 126.222 2637.53
2.11716e+08 1.43639e+09 8.78328e+07 9.45075e+07 12 9 1.05399e+09 11.1525 282.889 4219.03
3.11722e+08 1.82821e+09 8.18241e+07 1.7713e+07 16 7 1.30919e+09 73.911 83.4286 3928.49
8.17784e+17 0 6.04342e+07 6.08149e+14 11 10 6.64776e+08 1.09311e-06 150.9 3297.8
6.80879e+08 1.15602e+09 8.36262e+07 1.80812e+08 17 7 1.42165e+09 7.86256 100 4201.67
2.38904e+08 1.83801e+09 8.91693e+07 1.22419e+08 15 9 1.33754e+09 10.9259 46.8889 3439.4
2.01347e+08 1.57148e+09 8.64402e+07 7.21398e+07 13 8 1.12372e+09 15.577 267.875 3965.82
2.6617e+08 1.96212e+09 8.1049e+07 4.10709e+07 15 7 1.21573e+09 29.6009 260.857 4747.98
1.37387e+09 1.52004e+09 7.10916e+07 3.90225e+06 15 10 1.06637e+09 273.271 131.6 2833.26
1.55072e+08 1.72804e+09 8.61653e+07 6.37311e+07 19 7 1.63714e+09 25.6883 161.714 4348.04
7.80231e+08 1.66195e+09 8.09904e+07 4.3249e+07 14 8 1.13387e+09 26.2171 196 4128.66
2.20135e+08 1.55918e+09 8.06976e+07 2.69006e+07 12 13 9.68371e+08 35.9981 105.692 2429.22
3.28045e+08 1.30028e+09 9.05351e+07 8.07073e+07 18 9 1.62963e+09 20.1919 112.889 3949.29
2.5518e+08 1.78577e+09 8.80831e+07 2.23555e+08 15 8 1.32125e+09 5.91016 215.875 4069.72
6.50061e+17 0 2.39617e+06 7.15067e+18 10 11 2.39617e+07 3.35097e-12 163.636 2592.7
8.55335e+07 9.28552e+08 9.34105e+07 1.14174e+08 12 10 1.12093e+09 9.81771 169.6 3084.67
1.76209e+08 1.7847e+09 8.52465e+07 2.79714e+07 14 8 1.19345e+09 42.6669 128 3942.76
1.07564e+09 1.49046e+09 7.93708e+07 6.0766e+06 18 9 1.42867e+09 235.111 87.5556 3690.16
2.12758e+08 1.54674e+09 8.15557e+07 2.3692e+07 13 13 1.06022e+09 44.7502 92.3077 2294.25
1.07235e+16 0 2.37656e+07 8.61936e+13 11 12 2.61422e+08 3.03296e-06 106.917 2213.78
1.51427e+08 1.3025e+09 8.82162e+07 1.91852e+08 15 9 1.32324e+09 6.89721 150.222 3485.62
1.04562e+09 1.68537e+09 8.72897e+07 1.77885e+08 15 11 1.30935e+09 7.36061 86.1818 3026.68
5.2534e+08 1.29233e+09 7.73654e+07 5.88753e+06 13 9 1.00575e+09 170.827 106 3202.92
2.09998e+08 1.31326e+09 8.34665e+07 1.22983e+07 16 7 1.33546e+09 108.589 231.714 4640.38
9.98819e+07 1.08184e+09 8.8139e+07 1.19101e+08 10 11 8.8139e+08 7.40033 388.727 4146.93
7.95691e+08 1.40256e+09 8.8754e+07 3.18238e+07 15 8 1.33131e+09 41.8338 195.875 4154
2.464e+08 1.94593e+09 8.71106e+07 3.2209e+07 16 7 1.39377e+09 43.2727 68.8571 3723.16
3.33335e+08 1.69969e+09 7.62087e+07 5.22455e+07 15 10 1.14313e+09 21.88 199.6 3212.57
8.20848e+07 1.50156e+09 8.38214e+07 3.78966e+07 18 8 1.50879e+09 39.8132 217.875 4509.23
6.40576e+08 1.2797e+09 8.40306e+07 2.47122e+08 16 9 1.34449e+09 5.44058 111.556 3119.47
9.74573e+08 1.54254e+09 8.54325e+07 3.09734e+06 13 9 1.11062e+09 358.573 159.556 3418.58
9.52936e+07 1.0793e+09 8.33267e+07 2.40933e+08 8 14 6.66613e+08 2.7668 117.429 1495.9
7.90794e+07 1.21371e+09 8.61768e+07 2.9002e+07 15 7 1.29265e+09 44.5712 103.429 4093.62
3.28284e+09 2.31107e+09 7.66209e+07 2.01479e+07 17 6 1.30256e+09 64.6498 195.333 5532.6
5.36806e+08 1.46954e+09 7.84495e+07 1.5855e+06 16 11 1.25519e+09 791.67 90.5455 2518.11
5.39177e+08 1.26791e+09 6.89582e+07 1.46026e+06 14 11 9.65415e+08 661.126 269.636 3231.99
2.10964e+08 1.03855e+09 8.87061e+07 9.61846e+06 15 8 1.33059e+09 138.337 175.875 4241.61
1.39849e+09 2.11948e+09 8.30094e+07 1.27506e+08 18 10 1.49417e+09 11.7184 151.6 3322.09
2.00826e+08 9.3216e+08 9.11487e+07 7.16243e+06 11 7 1.00264e+09 139.985 278.857 6298.35
2.04414e+08 8.72313e+08 8.80943e+07 1.51843e+07 17 7 1.4976e+09 98.6285 213.714 4800.04
2.59024e+09 2.82629e+09 8.03914e+07 1.60488e+07 16 11 1.28626e+09 80.1467 204.909 2944.36
3.72534e+08 1.93122e+09 8.62949e+07 2.18894e+08 17 6 1.46701e+09 6.70192 80 4584.62
2.59363e+16 0 6.34079e+07 3.3535e+14 15 10 9.51118e+08 2.83619e-06 206.9 4250.02
1.88082e+09 1.37444e+09 7.45857e+07 7.93353e+06 16 9 1.19337e+09 150.421 218.222 4125.53
1.04027e+08 8.57123e+08 8.01651e+07 1.19698e+06 12 10 9.61981e+08 803.675 195.6 4255.2
1.38208e+08 8.3043e+08 9.09478e+07 4.19585e+07 12 11 1.09137e+09 26.0108 78.5455 3121.63
1.2726e+08 1.53525e+09 7.02822e+07 1.95924e+06 15 9 1.05423e+09 538.084 174.889 3800.91
3.08679e+08 1.76249e+09 8.76624e+07 1.43794e+08 15 10 1.31494e+09 9.14458 108.4 3679.08
3.67992e+09 4.46554e+09 8.54899e+07 1.95032e+08 12 11 1.02588e+09 5.26006 130.727 2949.35
1.44148e+09 1.78237e+09 6.71675e+07 1.29822e+06 16 10 1.07468e+09 827.809 168 3874.28
4.45684e+08 1.23832e+09 7.78062e+07 1.51776e+08 15 11 1.16709e+09 7.68959 97.6364 2968.3
5.63039e+08 1.28592e+09 8.10457e+07 2.13701e+07 13 8 1.05359e+09 49.3023 188 3971.5
1.931e+09 2.14629e+09 7.6901e+07 1.99146e+06 10 9 7.6901e+08 386.154 288 4099.97
1.60535e+08 1.00292e+09 8.91906e+07 2.89398e+07 18 9 1.60543e+09 55.4748 124.222 3866.18
2.29004e+09 2.82459e+09 8.17785e+07 3.30367e+07 15 10 1.22668e+09 37.1307 136 3412.82
1.74598e+08 2.22443e+09 8.71486e+07 4.49056e+08 10 13 8.71486e+08 1.9407 74.3077 2969.33
2.35353e+08 1.52852e+09 7.70447e+07 1.19936e+07 15 9 1.15567e+09 96.3572 58.8889 3800.8
1.0247e+08 1.80669e+09 9.42592e+07 2.30982e+08 8 15 7.54073e+08 3.26464 142.4 1986.21
1.34267e+08 1.07944e+09 8.36604e+07 1.81128e+06 14 11 1.17125e+09 646.639 146.909 2751.28
2.62485e+08 4.63172e+08 3.90415e+07 163466 10 17 3.90415e+08 2388.36 59.5294 1120.16
5.67529e+08 1.7492e+09 6.88419e+07 1.38047e+06 10 12 6.88419e+08 498.685 185.667 2180.84
1.69173e+08 1.41861e+09 9.12768e+07 1.4536e+08 14 10 1.27788e+09 8.79111 196.1 3693.09
1.32029e+08 9.74408e+08 8.22684e+07 1.01602e+07 14 6 1.15176e+09 113.36 219.5 6360.47
6.51824e+06 2.31073e+09 7.44336e+07 2.43685e+06 11 8 8.1877e+08 335.995 172 4274.94
1.16096e+09 2.05707e+09 8.53834e+07 1.09713e+07 16 9 1.36613e+09 124.519 210.889 4551.55
9.40479e+08 1.54103e+09 8.44343e+07 4.91446e+07 17 8 1.43538e+09 29.2073 162 4681.71
1.63384e+09 1.85949e+09 7.38361e+07 2.33874e+06 14 9 1.03371e+09 441.993 200.889 3795.06
2.57874e+08 1.37226e+09 8.8565e+07 1.84801e+07 18 7 1.59417e+09 86.2642 174.857 5517.32
1.15047e+08 8.09049e+08 8.9223e+07 9.3933e+07 14 10 1.24912e+09 13.298 167.6 3855.97
2.9802e+09 2.78349e+09 6.30135e+07 2.16783e+06 14 8 8.82189e+08 406.946 218.875 4881.43
3.38485e+08 2.14233e+09 8.33006e+07 5.56942e+07 13 8 1.08291e+09 19.4438 126 3428.2
1.7839e+08 9.88963e+08 8.13206e+07 2.05913e+07 15 9 1.21981e+09 59.239 61.5556 3236.88
5.92445e+07 8.70342e+08 7.92885e+07 1.46933e+07 13 10 1.03075e+09 70.1511 252.9 3406.49
8.92393e+08 1.88506e+09 7.44637e+07 3.46437e+06 14 10 1.04249e+09 300.918 247.6 3656.54
5.92951e+08 2.04703e+09 7.62939e+07 1.20036e+07 15 11 1.14441e+09 95.3386 182.545 3140.62
2.72653e+08 1.92815e+09 8.87743e+07 6.98711e+06 11 10 9.76518e+08 139.76 136 2958.33
7.6266e+07 1.30087e+09 8.65692e+07 3.2887e+07 13 10 1.1254e+09 34.2202 151.6 3224.79
1.95625e+08 1.48218e+09 9.01012e+07 1.44109e+08 15 9 1.35152e+09 9.37846 183.556 4014.16
1.64902e+09 3.64729e+09 7.93051e+07 1.14086e+07 10 15 7.93051e+08 69.5136 125.733 1510.85
2.70825e+08 1.1306e+09 8.56585e+07 1.44499e+08 18 7 1.54185e+09 10.6703 124 5040.01
1.23419e+08 7.91885e+08 8.15602e+07 2.98722e+07 15 6 1.2234e+09 40.9546 474.833 7997.89
1.15076e+09 1.95711e+09 8.22933e+07 1.15893e+07 16 10 1.31669e+09 113.613 80.9 2999.37
1.38663e+08 1.10431e+09 9.02636e+07 1.09189e+08 10 9 9.02636e+08 8.26672 248.889 3947.73
1.54109e+08 8.46215e+08 8.48186e+07 827171 14 10 1.18746e+09 1435.57 140.1 3202.05
1.39102e+08 9.79732e+08 8.839e+07 8.89765e+06 14 10 1.23746e+09 139.077 142.9 3078.55
1.42766e+09 1.99415e+09 7.86049e+07 1.61298e+06 15 9 1.17907e+09 730.99 156.889 3631.02
2.44918e+08 1.26742e+09 7.57508e+07 1.18555e+07 15 10 1.13626e+09 95.8423 264 3153.66
1.73484e+09 1.90752e+09 6.59412e+07 2.62183e+06 12 9 7.91294e+08 301.81 180.889 4250.28
2.55968e+09 3.28029e+09 7.25867e+07 982378 14 11 1.01621e+09 1034.44 122.545 2816.73
7.86039e+12 0 3.125e+06 9.43246e+13 8 12 2.5e+07 2.65042e-07 200.667 2261.8
7.24183e+08 9.62829e+08 8.25985e+07 1.12562e+07 15 7 1.23898e+09 110.071 170.857 4128.2
1.10184e+08 1.35654e+09 8.11413e+07 1.60817e+06 9 10 7.30272e+08 454.101 187.6 2319.39
5.45706e+08 1.11475e+09 6.0623e+07 730497 9 11 5.45607e+08 746.898 134.909 2129.38
1.25744e+08 1.2495e+09 7.85328e+07 1.6591e+07 13 11 1.02093e+09 61.5348 122.727 2692.29
1.59291e+08 1.84699e+09 8.68078e+07 1.54973e+07 12 7 1.04169e+09 67.2177 234.857 4483.86
1.5278e+09 1.97523e+09 6.40233e+07 548433 14 12 8.96326e+08 1634.34 56 2175.59
2.83155e+08 1.01342e+09 7.14657e+07 2.19583e+07 12 11 8.57588e+08 39.0552 246.727 2702.78
1.87082e+08 1.43918e+09 8.8722e+07 1.85082e+08 15 9 1.33083e+09 7.19051 193.556 3920.59
4.01122e+08 1.73055e+09 8.62432e+07 3.32408e+07 17 8 1.46613e+09 44.1065 194 4483.09
2.61188e+08 1.3744e+09 8.6272e+07 1.25388e+07 16 10 1.38035e+09 110.086 266.1 4101.41
6.11725e+08 1.24106e+09 8.25293e+07 3.85377e+06 15 8 1.23794e+09 321.228 112.875 3761.2
1.09102e+08 1.25066e+09 8.53168e+07 790844 12 9 1.0238e+09 1294.57 134 3374.48
3.77801e+08 1.77525e+09 8.96432e+07 1.77044e+08 15 7 1.34465e+09 7.59498 98.8571 4701.28
3.85778e+09 3.58878e+09 7.36688e+07 3.16111e+06 15 11 1.10503e+09 349.571 252.182 3098.33
2.90683e+08 1.60254e+09 8.99787e+07 9.68379e+07 15 6 1.34968e+09 13.9375 181.333 5354.61
2.99069e+08 1.38433e+09 8.94569e+07 1.70243e+08 16 9 1.43131e+09 8.40746 48.8889 3521.45
9.79319e+07 1.14257e+09 8.4345e+07 5.11447e+06 12 9 1.01214e+09 197.897 38.8889 2912.08
7.35706e+08 2.16821e+09 7.80884e+07 2.17769e+06 15 10 1.17133e+09 537.875 114.9 2857.26
2.5369e+08 1.34548e+09 9.07947e+07 3.96239e+07 16 11 1.45272e+09 36.6626 138.182 3176.28
8.94717e+08 1.41854e+09 8.93321e+07 1.24881e+08 16 10 1.42931e+09 11.4454 237.6 3911
2.16132e+08 1.81666e+09 8.26211e+07 3.45434e+07 12 10 9.91454e+08 28.7017 185.6 3133.07
2.21222e+08 1.59615e+09 9.01529e+07 1.68207e+08 14 8 1.26214e+09 7.50352 94 3925.2
2.89926e+09 3.06021e+09 7.23414e+07 2.33441e+06 14 10 1.01278e+09 433.848 228.1 2864.14
4.03166e+08 1.97199e+09 9.1569e+07 2.64626e+08 18 10 1.64824e+09 6.22857 122.4 3636.92
1.36881e+08 9.4989e+08 7.77832e+07 1.75576e+06 13 9 1.01118e+09 575.922 236 3067.68
1.08713e+09 2.08349e+09 8.44534e+07 1.07966e+07 14 9 1.18235e+09 109.511 78.8889 3209.31
8.7648e+07 9.31309e+08 8.2465e+07 3.15417e+07 13 10 1.07204e+09 33.9882 82 2553.5
3.50654e+09 3.29491e+09 7.78088e+07 3.97245e+07 12 9 9.33706e+08 23.5045 72.8889 2973.72
1.76381e+08 1.16093e+09 7.98522e+07 1.25707e+07 12 10 9.58227e+08 76.2267 46.5 2308.46
3.89459e+08 1.53236e+09 8.79543e+07 1.82836e+08 16 8 1.40727e+09 7.69687 147.875 4047.32
1.58412e+08 1.36956e+09 8.80477e+07 1.50964e+08 14 11 1.23267e+09 8.16531 152.545 2882.97
2.03052e+08 1.55444e+09 8.8931e+07 1.30269e+08 12 10 1.06717e+09 8.19206 142 2990.51
2.12947e+08 1.41386e+09 9.0615e+07 2.8203e+08 14 11 1.26861e+09 4.49814 124.545 2971.06
4.31105e+09 5.61951e+09 3.19888e+07 86751.3 10 13 3.19888e+08 3687.42 88.7692 1542.64
1.04431e+09 1.73526e+09 8.48461e+07 2.07777e+07 11 6 9.33307e+08 44.9186 148 4928.7
4.48992e+08 1.51634e+09 8.47267e+07 3.00232e+08 18 9 1.52508e+09 5.07966 178 3952.07
2.76252e+16 0 4.80298e+07 2.14627e+14 12 9 5.76358e+08 2.68539e-06 248.889 4125.83
1.14004e+08 1.0342e+09 8.80059e+07 1.72482e+07 12 8 1.05607e+09 61.2278 225.875 4268.79
1.13955e+08 1.22959e+09 8.48562e+07 1.6168e+06 15 11 1.27284e+09 787.263 84.5455 3081.68
1.3349e+08 7.95392e+08 9.00745e+07 2.38251e+07 15 12 1.35112e+09 56.7099 175.667 3398.49
3.09851e+08 1.65302e+09 9.38605e+07 3.32625e+07 15 8 1.40791e+09 42.3272 81.875 3748.16
2.91472e+08 1.67851e+09 8.38858e+07 2.0457e+07 16 9 1.34217e+09 65.6095 212.889 3767.9
3.05892e+08 2.02373e+09 7.89404e+07 3.51381e+07 15 9 1.18411e+09 33.6986 162 3694.21
2.36677e+08 2.36149e+09 8.84548e+07 2.40561e+08 11 8 9.73003e+08 4.04472 93.875 3704.59
1.72267e+08 1.6969e+09 8.84185e+07 2.15186e+06 11 12 9.72604e+08 451.984 116.25 2816.4
2.5314e+09 2.65084e+09 6.10654e+07 1.24697e+06 13 10 7.9385e+08 636.622 340 3672.43
4.49076e+09 2.98917e+09 8.01597e+07 3.52237e+06 15 8 1.2024e+09 341.36 201.5 4837.46
3.26261e+08 2.03863e+09 8.24331e+07 3.17462e+07 16 9 1.31893e+09 41.5461 75.5556 4333.55
4.5597e+08 1.68269e+09 7.5604e+07 1.05197e+06 16 11 1.20966e+09 1149.9 242.182 3635.8
2.08934e+08 9.26677e+08 8.98113e+07 1.58045e+08 16 11 1.43698e+09 9.09221 106.727 3608.04
1.02046e+08 1.216e+09 9.10253e+07 1.08118e+07 11 13 1.00128e+09 92.6101 131.231 2409.84
8.61777e+08 1.62533e+09 8.84917e+07 2.21083e+08 12 8 1.0619e+09 4.80318 97.875 4420.46
4.1368e+08 1.19824e+09 7.978e+07 1.25129e+07 13 11 1.03714e+09 82.8855 172.545 2922.05
3.11174e+09 5.68415e+09 8.15395e+07 3.65808e+08 8 12 6.52316e+08 1.78322 205.667 2424.31
1.81589e+08 1.53393e+09 8.3731e+07 7.23524e+06 16 9 1.3397e+09 185.163 98 3499.44
2.77562e+08 1.72036e+09 9.11042e+07 1.05702e+08 16 8 1.45767e+09 13.7903 181.875 4316.8
3.15744e+08 1.49985e+09 8.95552e+07 3.42359e+08 13 8 1.16422e+09 3.40057 158 3651.76
2.29697e+07 8.85244e+08 9.18966e+07 2.48916e+07 11 11 1.01086e+09 40.6106 326.182 3693.84
2.6149e+15 0 2.25e+07 3.99232e+14 10 10 2.25e+08 5.63581e-07 178.4 2820.47
1.29337e+08 1.42186e+09 7.91054e+07 3.10199e+07 15 8 1.18658e+09 38.2523 183.875 3442.03
1.82341e+08 6.86352e+08 9.11051e+07 1.53017e+08 11 7 1.00216e+09 6.54933 212 4187.51
4.40442e+08 8.65317e+08 8.30205e+07 1.01757e+08 12 7 9.96246e+08 9.7904 241.714 4811.74
