7.42539e+07 7.99225e+08 7.6459e+07 660720 15 8 1.14688e+09 1735.81 146 4366.12
6.93592e+07 1.29847e+09 8.32641e+07 1.09525e+07 15 6 1.24896e+09 114.034 191.333 5836.2
3.72875e+08 1.88542e+09 8.62808e+07 7.93322e+07 17 6 1.46677e+09 18.489 159.333 5219.77
6.58151e+07 1.12485e+09 8.0394e+07 7.47468e+06 15 6 1.20591e+09 161.333 77.5 4247.59
1.81972e+08 1.69739e+09 8.87167e+07 3.21829e+07 15 5 1.33075e+09 41.3496 104.8 4784.88
8.06551e+07 9.21907e+08 8.39286e+07 7.41752e+06 14 6 1.175e+09 158.409 111.5 5088.89
3.89274e+08 6.15456e+08 6.85304e+07 1.26972e+06 12 8 8.22364e+08 647.676 425.875 4104.81
3.18299e+08 1.45131e+09 8.79925e+07 3.08432e+07 15 6 1.31989e+09 42.7935 76 4448.41
2.96231e+08 2.37311e+09 8.51873e+07 1.99184e+08 11 5 9.37061e+08 4.70449 293.2 5927.41
1.86649e+08 1.5789e+09 8.37802e+07 7.62544e+07 14 6 1.17292e+09 15.3817 189.333 4857.57
2.30199e+08 8.80576e+08 7.87806e+07 2.4444e+07 15 8 1.18171e+09 48.3435 157.5 4077.34
1.02848e+09 2.22757e+09 7.37049e+07 1.22127e+08 14 7 1.03187e+09 8.44916 397.429 5458.39
3.76951e+18 0 8.11352e+07 5.24145e+14 16 8 1.29816e+09 2.47673e-06 216.875 5576.4
4.62718e+08 2.20085e+09 8.58582e+07 3.64309e+07 18 7 1.54545e+09 42.4213 137.714 4362.25
1.05539e+08 1.77165e+09 8.93304e+07 1.18741e+08 12 5 1.07196e+09 9.02774 248 5435.42
4.67428e+08 2.15268e+09 8.89776e+07 4.98068e+07 17 8 1.51262e+09 30.3697 89.5 3870.78
1.78808e+08 9.41174e+08 7.85793e+07 9.82429e+06 16 8 1.25727e+09 127.975 223.5 3897.92
1.04592e+08 1.40688e+09 8.59794e+07 6.65679e+07 13 8 1.11773e+09 16.7908 124 3383.63
2.24521e+08 1.86784e+09 8.62005e+07 1.20015e+08 13 5 1.12061e+09 9.33721 302.8 7271.43
1.03691e+09 1.75713e+09 7.60284e+07 5.50142e+06 16 8 1.21645e+09 221.116 74 3391.67
1.94974e+08 1.49548e+09 8.9387e+07 9.26852e+07 16 9 1.43019e+09 15.4306 224.889 4109.24
1.89832e+08 1.0313e+09 8.41214e+07 1.19695e+07 15 8 1.26182e+09 105.419 140.875 3525.26
2.73284e+08 2.4111e+09 8.83809e+07 1.21528e+08 17 8 1.50248e+09 12.3632 118.875 4203.18
5.37637e+07 6.12569e+08 7.89936e+07 3.00318e+07 13 6 1.02692e+09 34.1943 168.833 4672.66
1.23007e+09 1.34038e+09 7.32801e+07 1.56648e+08 15 5 1.0992e+09 7.01702 258.8 4917.37
3.25999e+08 2.05125e+09 8.23582e+07 1.73983e+07 16 7 1.31773e+09 75.7393 129.714 4251.38
7.29721e+08 1.62221e+09 8.71583e+07 5.77087e+07 18 9 1.56885e+09 27.1857 186.889 4073.76
2.85328e+08 1.581e+09 9.04902e+07 1.43617e+07 16 7 1.44784e+09 100.813 124.857 4787.44
3.78333e+08 2.12812e+09 8.97821e+07 1.18593e+08 14 6 1.25695e+09 10.5988 69.3333 4904.25
5.81225e+09 3.44174e+09 7.66716e+07 2.08773e+08 14 6 1.0734e+09 5.14148 179.333 4734.72
3.76824e+08 1.55172e+09 9.21681e+07 2.46625e+08 18 8 1.65903e+09 6.72691 66.875 4231.12
4.43924e+08 2.13771e+09 7.66723e+07 2.36072e+07 16 6 1.22676e+09 51.9655 123.333 5022.61
2.62164e+08 2.40948e+09 8.38725e+07 7.30598e+06 12 6 1.00647e+09 137.76 223.333 6074.06
2.09853e+08 9.1497e+08 8.68903e+07 8.55012e+07 15 6 1.30335e+09 15.2437 265.333 6460.41
1.87897e+08 1.46385e+09 8.70897e+07 7.28542e+07 11 6 9.57987e+08 13.1494 118 5069.68
4.86262e+08 1.81651e+09 8.94512e+07 1.15143e+08 14 5 1.25232e+09 10.8762 76.8 14170.3
5.63153e+16 0 6.15575e+07 3.08664e+14 10 8 6.15575e+08 1.99432e-06 274.875 4495.43
6.75878e+08 1.70179e+09 8.22185e+07 1.09086e+07 16 7 1.3155e+09 120.592 103.429 3528.86
3.00554e+08 2.07166e+09 8.98562e+07 1.05662e+08 16 7 1.4377e+09 13.6066 57.4286 4187.7
2.95769e+08 1.75481e+09 8.33581e+07 1.87743e+08 14 7 1.16701e+09 6.21601 180.857 5799.68
3.50165e+08 1.75444e+09 9.1638e+07 4.06513e+07 13 6 1.19129e+09 29.3052 171.333 5396.6
3.34138e+08 2.01423e+09 8.32768e+07 1.43516e+08 16 6 1.33243e+09 9.28419 255.5 5702.57
2.32416e+08 1.70129e+09 8.41177e+07 1.59806e+08 13 5 1.09353e+09 6.84284 238.8 6982.17
1.51842e+09 1.42535e+09 8.52544e+07 1.38598e+07 13 7 1.10831e+09 79.9658 290 6044.26
4.06013e+08 1.82017e+09 8.81413e+07 4.93254e+08 17 9 1.4984e+09 3.03779 49.5556 3124.62
7.95247e+07 1.11666e+09 8.95301e+07 5.88656e+07 12 6 1.07436e+09 18.2511 249.5 5778.4
6.98252e+08 1.67041e+09 8.3739e+07 7.31636e+06 17 8 1.42356e+09 194.572 199.875 4662.13
2.73472e+08 2.1537e+09 8.51371e+07 9.43332e+07 12 8 1.02165e+09 10.8302 160 3876.84
9.31286e+08 1.03519e+09 8.33378e+07 1.20473e+07 18 7 1.50008e+09 124.516 201.714 5189.66
1.68122e+09 2.42714e+09 8.48775e+07 2.07133e+08 18 9 1.5278e+09 7.37591 144 3876.32
7.00684e+07 3.57334e+08 8.3147e+07 3.13311e+06 11 5 9.14617e+08 291.92 318.8 15669.5
1.09136e+09 2.1238e+09 8.22966e+07 8.63163e+06 17 9 1.39904e+09 162.083 116 3686.25
1.81053e+08 1.19879e+09 6.92705e+07 869117 15 9 1.03906e+09 1195.53 138.889 3966.9
5.41628e+08 1.80981e+09 8.10817e+07 3.12511e+08 14 6 1.13514e+09 3.63234 207.333 5147.41
2.9298e+08 1.44665e+09 8.4405e+07 5.22999e+07 16 6 1.35048e+09 25.8218 176 5094.26
6.50004e+08 1.64621e+09 8.39945e+07 6.67748e+07 18 8 1.5119e+09 22.6418 140 3965.54
1.13158e+09 1.95823e+09 8.58427e+07 8.16282e+07 16 7 1.37348e+09 16.8261 90.8571 4122.68
3.88505e+08 1.38355e+09 8.62176e+07 2.17045e+08 18 6 1.55192e+09 7.15019 58.8333 4204.14
3.66756e+08 1.00964e+09 8.59929e+07 1.12092e+08 19 7 1.63387e+09 14.5761 95.4286 4275.64
1.25054e+08 1.44393e+09 8.57485e+07 1.34769e+08 14 6 1.20048e+09 8.90769 183.333 5072.23
6.86025e+08 1.09732e+09 7.84794e+07 7.60117e+06 16 8 1.25567e+09 165.194 110.875 3940.95
2.2179e+08 1.28712e+09 7.65233e+07 1.01802e+07 14 7 1.07133e+09 105.236 209.714 4403.67
4.34015e+08 2.04366e+09 8.72392e+07 9.75976e+07 17 7 1.48307e+09 15.1957 142.857 4898.14
2.15942e+08 1.53524e+09 8.74429e+07 1.78325e+07 14 6 1.2242e+09 68.6502 177.5 4927.59
8.93848e+16 0 8.9803e+07 9.5425e+11 15 8 1.34704e+09 0.00141163 150.875 3988.72
2.62172e+09 2.68443e+09 8.48072e+07 2.43789e+08 14 8 1.1873e+09 4.87019 116.875 3762.07
8.75621e+06 5.41104e+08 7.42013e+07 5.31709e+06 12 4 8.90415e+08 167.463 203 7689.28
7.5855e+08 1.66262e+09 7.88232e+07 1.8513e+08 15 8 1.18235e+09 6.38659 333.875 4371.5
3.77743e+08 2.05626e+09 9.1557e+07 1.60246e+08 17 8 1.55647e+09 9.71299 54 4138.93
1.31314e+09 2.14599e+09 7.3292e+07 3.33527e+06 13 7 9.52796e+08 285.673 129.429 3965.17
6.45587e+08 1.36164e+09 7.93836e+07 3.28137e+07 17 8 1.34952e+09 41.1268 148 3749.06
4.09525e+09 2.78768e+09 7.49624e+07 304957 17 7 1.27436e+09 4178.83 176.857 4107.22
2.93849e+08 1.93877e+09 8.17242e+07 2.83428e+07 16 8 1.30759e+09 46.1347 162 4150.23
1.03648e+08 1.01145e+09 8.61194e+07 6.36699e+07 14 8 1.20567e+09 18.9363 118 3367.04
1.68839e+09 2.40162e+09 7.80117e+07 4.36518e+06 17 9 1.3262e+09 303.813 44.2222 3160.82
3.432e+08 1.04893e+09 8.61698e+07 3.16592e+07 13 5 1.12021e+09 35.3834 245.2 7503.05
8.79389e+07 5.80329e+08 8.63884e+07 1.4021e+08 12 7 1.03666e+09 7.39365 331.714 5050.35
5.56077e+07 6.70801e+08 8.5027e+07 2.39769e+07 13 10 1.10535e+09 46.1006 213.6 3640.65
1.6085e+09 1.97573e+09 8.19888e+07 5.18044e+06 18 8 1.4758e+09 284.879 110.875 4365.93
1.8189e+08 1.92808e+09 8.75399e+07 1.10386e+08 14 10 1.22556e+09 11.1025 144.9 3406.33
7.99296e+08 1.04958e+09 7.96497e+07 2.35679e+06 14 9 1.1151e+09 473.142 298 3857.91
2.39864e+08 9.62972e+08 8.09904e+07 8.19025e+06 17 8 1.37684e+09 168.107 181.875 4398.05
1.51637e+08 1.47418e+09 8.68781e+07 2.03936e+08 14 8 1.21629e+09 5.9641 77.5 3715.8
1.94576e+08 1.26636e+09 8.97165e+07 2.84122e+07 16 6 1.43546e+09 50.5228 289.333 7878.16
1.72843e+08 1.35103e+09 8.75177e+07 1.33887e+08 18 7 1.57532e+09 11.766 176 4903.17
2.87265e+08 1.44098e+09 8.23107e+07 1.23963e+07 17 7 1.39928e+09 112.879 199.429 4644.42
2.2572e+08 1.63338e+09 8.66989e+07 1.3013e+08 17 7 1.47388e+09 11.3262 138.857 4750.63
6.80799e+07 1.95882e+09 8.31137e+07 6.39749e+06 12 5 9.97364e+08 155.899 84.8 4821.65
7.39192e+08 1.7147e+09 8.46223e+07 3.08467e+08 17 7 1.43858e+09 4.66364 190.857 4647.23
2.72504e+08 1.16676e+09 9.12426e+07 1.3494e+08 14 6 1.2774e+09 9.46641 76.8333 4738.36
3.33016e+08 1.4372e+09 9.1602e+07 7.03632e+07 14 6 1.28243e+09 18.2258 113.5 5195.91
1.10105e+09 2.12858e+09 8.46645e+07 2.42225e+08 16 7 1.35463e+09 5.59247 120.857 4227.29
3.12113e+08 3.09089e+09 7.61059e+07 6.5234e+06 13 7 9.89377e+08 151.666 265.429 4290.72
2.77946e+08 1.54925e+09 8.36074e+07 6.55933e+07 17 7 1.42133e+09 21.6688 97.7143 4085.69
3.39474e+09 3.39379e+09 7.71508e+07 7.46073e+07 14 6 1.08011e+09 14.4773 57.5 4310.8
1.13674e+08 1.49151e+09 8.81789e+07 5.15055e+07 13 6 1.14633e+09 22.2564 160.833 4894.87
3.18138e+08 2.10923e+09 7.26138e+07 1.09047e+08 16 8 1.16182e+09 10.6543 96 3744.59
2.82938e+08 1.9136e+09 8.40202e+07 2.00341e+07 15 6 1.2603e+09 62.9079 150.833 15509.6
1.40188e+08 9.9667e+08 7.90551e+07 1.96557e+07 13 7 1.02772e+09 52.2859 155.714 4215.94
2.47615e+08 1.33363e+09 8.15918e+07 2.38114e+07 17 6 1.38706e+09 58.252 153.333 5084.09
3.01945e+08 1.29754e+09 8.70767e+07 1.5038e+08 15 6 1.30615e+09 8.68567 21.3333 4312.94
3.05265e+08 1.92114e+09 8.11993e+07 1.99101e+07 13 6 1.05559e+09 53.0179 159.333 4293.43
2.55846e+08 1.79863e+09 8.97115e+07 1.65709e+07 16 8 1.43538e+09 86.6207 115.5 3887.48
2.45534e+08 1.7715e+09 8.67562e+07 1.51966e+08 16 8 1.3881e+09 9.13429 109.875 3650.36
1.47549e+08 1.27559e+09 8.57029e+07 1.6157e+07 15 8 1.28554e+09 79.5657 212 3882.35
4.82634e+08 2.09577e+09 8.24681e+07 9.60703e+07 14 8 1.15455e+09 12.0178 37.5 3748.33
6.10726e+08 1.61038e+09 8.24852e+07 2.46704e+07 14 7 1.15479e+09 46.8089 141.714 4089.02
1.76554e+08 7.89702e+08 9.09309e+07 5.19936e+06 11 5 1.00024e+09 192.378 339.2 16483.3
2.08266e+08 1.90444e+09 9.06496e+07 1.38261e+08 15 7 1.35974e+09 9.83461 122 4577.75
8.67174e+08 1.997e+09 8.35709e+07 2.03188e+07 13 6 1.08642e+09 53.4688 135.333 4230.98
1.74369e+09 1.3638e+09 7.55215e+07 9.60621e+06 17 8 1.28387e+09 133.65 132.875 5374.38
1.59479e+08 9.63764e+08 8.91507e+07 1.7525e+08 12 6 1.06981e+09 6.10447 134.833 4763.86
3.47878e+09 2.47131e+09 7.67945e+07 3.51947e+06 15 8 1.15192e+09 327.298 115.5 3824.91
1.87583e+09 1.89971e+09 7.59635e+07 1.47623e+06 16 9 1.21542e+09 823.323 293.556 3869.72
1.7157e+08 1.37069e+09 8.84398e+07 4.06097e+07 15 8 1.3266e+09 32.667 308.875 5177.86
1.87459e+08 9.57515e+08 8.93992e+07 1.09474e+08 18 8 1.60919e+09 14.6992 164 4417.94
1.89527e+08 1.49042e+09 7.84295e+07 1.2365e+07 16 8 1.25487e+09 101.486 107.875 3717.76
2.66307e+09 2.55849e+09 8.10756e+07 1.63821e+07 15 6 1.21613e+09 74.2354 204 4775.58
3.88187e+08 1.55156e+09 9.09372e+07 6.33039e+07 15 8 1.36406e+09 21.5478 130 3882.27
1.16449e+08 1.66922e+09 8.21885e+07 3.91545e+07 13 5 1.06845e+09 27.2881 378.8 6849.74
1.74425e+08 1.1622e+09 8.90575e+07 4.94938e+07 13 8 1.15775e+09 23.3918 119.875 3581.89
2.33378e+08 1.34907e+09 8.17742e+07 4.61793e+07 16 8 1.30839e+09 28.3327 75.5 3426.38
2.51372e+08 8.92424e+08 8.28275e+07 1.0809e+07 17 9 1.40807e+09 130.268 99.5556 3362.66
3.76508e+08 1.69561e+09 9.56337e+07 1.14407e+08 15 7 1.4345e+09 12.5386 43.4286 4046.78
1.54974e+08 1.57064e+09 8.92001e+07 8.34437e+07 14 8 1.2488e+09 14.9658 108.875 4194.39
1.91455e+08 1.60651e+09 8.63365e+07 5.60199e+07 15 6 1.29505e+09 23.1176 103.333 4855.39
7.28677e+09 5.34802e+09 6.45767e+07 2.14181e+07 14 7 9.04073e+08 42.2108 177.429 3630.35
3.88792e+08 8.98239e+08 8.13199e+07 4.67167e+07 16 5 1.30112e+09 27.8513 246 16788.3
9.13875e+08 1.78656e+09 8.08649e+07 1.88034e+07 14 7 1.13211e+09 60.2077 293.714 4669.19
3.88199e+08 1.69187e+09 9.23266e+07 3.00128e+08 14 6 1.29257e+09 4.30673 97.3333 4525.99
3.18519e+08 1.05647e+09 7.75133e+07 1.24807e+07 15 7 1.1627e+09 93.1598 151.714 4577.69
1.92643e+08 1.19458e+09 8.23962e+07 1.08552e+07 10 6 8.23962e+08 75.9046 223.5 5826.89
7.64063e+08 1.88591e+09 8.47991e+07 1.53092e+08 19 8 1.61118e+09 10.5242 131.5 4698.79
1.05598e+08 1.18321e+09 8.54233e+07 3.31877e+07 12 4 1.02508e+09 30.8873 294 8365.57
3.43518e+08 1.59224e+09 7.67672e+07 4.0925e+07 16 7 1.22827e+09 30.0128 187.429 4414.29
2.59209e+08 1.69588e+09 8.40084e+07 3.08389e+07 14 7 1.17612e+09 38.1375 203.714 4409.33
1.26805e+08 1.05284e+09 8.81618e+07 9.33278e+07 14 7 1.23427e+09 13.2251 230.857 4923.82
2.42324e+08 1.02375e+09 9.01193e+07 6.06935e+07 17 8 1.53203e+09 25.2421 151.5 4346.25
1.8786e+09 2.75313e+09 7.67756e+07 2.32022e+08 13 6 9.98083e+08 4.30168 259.333 5113.89
9.23485e+17 0 6.32765e+07 9.95451e+16 9 8 5.69489e+08 5.72091e-09 143.875 3201.2
3.93958e+08 1.5897e+09 8.64262e+07 1.33671e+07 18 9 1.55567e+09 116.38 80 3592.04
4.98136e+08 1.27264e+09 7.72165e+07 4.35665e+07 16 8 1.23546e+09 28.3581 113.875 3825.09
1.8796e+08 1.3724e+09 9.08638e+07 3.86601e+07 13 7 1.18123e+09 30.5543 173.714 4355.72
7.43655e+08 1.3855e+09 6.91094e+07 1.11171e+07 16 9 1.10575e+09 99.464 200 3310.28
1.3289e+08 1.3799e+09 8.92372e+07 1.62812e+07 12 6 1.07085e+09 65.7721 144 5002.07
1.86953e+08 1.60631e+09 8.22855e+07 2.33753e+06 14 5 1.152e+09 492.827 200.8 5990.97
4.55163e+08 1.63103e+09 8.62407e+07 1.58543e+08 15 7 1.29361e+09 8.15936 180 4081.57
3.01331e+08 1.74699e+09 8.83836e+07 1.15139e+08 16 8 1.41414e+09 12.282 79.5 3537.73
3.26277e+08 1.64642e+09 8.4989e+07 2.57532e+07 16 7 1.35982e+09 52.8021 144.857 4520.95
6.56165e+07 9.13783e+08 8.64033e+07 1.38402e+07 13 4 1.12324e+09 81.1579 216.75 117495
4.06028e+08 1.56718e+09 8.80318e+07 5.43116e+07 19 8 1.6726e+09 30.7964 54 4335.84
4.24426e+08 1.82039e+09 8.52236e+07 3.46016e+08 18 6 1.53403e+09 4.43339 74.8333 4519.2
1.79189e+08 1.58112e+09 8.85537e+07 2.15256e+07 13 6 1.1512e+09 53.4803 107.333 5160.23
1.61087e+09 1.95748e+09 7.80451e+07 3.73142e+07 16 9 1.24872e+09 33.465 160 3579.55
3.83075e+08 1.61528e+09 8.45468e+07 1.38327e+07 19 8 1.60639e+09 116.13 130.875 4097.12
1.47749e+09 2.43044e+09 7.32478e+07 1.21377e+08 16 5 1.17196e+09 9.65555 205.2 5165.47
3.24625e+08 1.38279e+09 7.73163e+07 2.25015e+06 12 5 9.27796e+08 412.326 187.2 6471.28
3.01251e+08 1.70747e+09 7.2014e+07 3.39234e+07 13 9 9.36182e+08 27.5969 274 3242.88
2.02972e+09 2.47217e+09 7.86171e+07 2.04908e+07 14 7 1.10064e+09 53.7137 137.429 4045.77
1.62675e+08 7.86953e+08 8.82035e+07 1.09125e+08 13 5 1.14665e+09 10.5076 333.2 8173.44
6.16278e+09 4.45256e+09 7.66507e+07 1.53637e+07 15 8 1.14976e+09 74.8361 252.875 3851.19
2.85912e+08 1.46928e+09 8.98468e+07 1.46747e+08 17 7 1.5274e+09 10.4084 61.7143 3938.05
2.62101e+09 2.85993e+09 6.91755e+07 3.92397e+08 13 7 8.99281e+08 2.29176 352.857 4637.41
5.05787e+08 1.37203e+09 8.37793e+07 5.79349e+07 12 7 1.00535e+09 17.3531 305.714 6034.99
3.76593e+17 0 6.80182e+07 1.6229e+16 17 7 1.15631e+09 7.12495e-08 135.714 3350.44
4.78411e+07 5.31778e+08 9.0158e+07 1.29106e+07 9 7 8.11422e+08 62.8493 178.857 3991.7
2.04532e+08 1.33528e+09 8.94768e+07 1.66355e+07 16 7 1.43163e+09 86.0585 104 4335.93
6.7832e+08 1.61471e+09 7.72834e+07 2.90388e+06 17 8 1.31382e+09 452.435 109.875 3977.88
2.34894e+08 2.28757e+09 8.2918e+07 2.82505e+07 15 7 1.24377e+09 44.0265 68 4277.1
1.28426e+08 1.0132e+09 8.99791e+07 7.71962e+07 13 6 1.16973e+09 15.1527 197.333 4608.07
2.41851e+08 1.14021e+09 8.6459e+07 1.19053e+08 15 7 1.29688e+09 10.8934 200 6649.72
2.29044e+07 3.31416e+08 7.55485e+07 1.88784e+06 15 10 1.13323e+09 600.278 292.4 4363.12
1.84181e+08 1.24136e+09 8.42652e+07 4.89079e+07 14 6 1.17971e+09 24.1211 168.833 4484.31
2.67844e+08 9.68187e+08 8.60646e+07 1.29825e+08 17 6 1.4631e+09 11.2698 181.333 4634.43
4.56731e+08 1.59897e+09 8.5919e+07 1.81925e+07 17 6 1.46062e+09 80.287 109.5 4930.62
1.68339e+08 2.00879e+09 8.57999e+07 1.85111e+08 14 9 1.2012e+09 6.48907 65.5556 2967.63
2.08129e+08 5.31663e+08 8.85583e+07 3.2852e+07 12 6 1.0627e+09 32.3481 259.333 6378.12
3.19179e+08 1.69932e+09 8.58427e+07 5.03656e+06 16 6 1.37348e+09 272.702 112.833 4864.64
1.53511e+08 1.58688e+09 8.59425e+07 9.11064e+07 16 8 1.37508e+09 15.0931 118 3777.06
2.18202e+09 2.16344e+09 7.93983e+07 2.31772e+07 15 7 1.19097e+09 51.3857 167.714 4097.44
3.0055e+09 3.83723e+09 7.3192e+07 8.56196e+07 11 6 8.05112e+08 9.40336 207.333 4990.4
5.7754e+09 3.51333e+09 5.99652e+07 2.05655e+06 17 9 1.01941e+09 495.688 138.889 3228.48
1.366e+08 1.02177e+09 8.6606e+07 3.56043e+07 13 7 1.12588e+09 31.6219 161.714 4391.03
2.60545e+08 1.3235e+09 9.0655e+07 1.1819e+08 14 7 1.26917e+09 10.7384 180.857 5313.78
5.00023e+07 2.0894e+09 8.7476e+07 9.06903e+06 10 7 8.7476e+08 96.4558 128.857 4179.41
1.24166e+09 1.30135e+09 7.40149e+07 2.34501e+06 12 9 8.88179e+08 378.753 98.2222 2571.47
1.19934e+08 1.51506e+09 7.87007e+07 7.00273e+06 12 10 9.44409e+08 134.863 194.9 3253.83
6.58585e+08 2.47346e+09 7.83781e+07 1.67108e+07 17 7 1.33243e+09 79.7344 141.714 4175.07
6.44104e+15 0 4.79167e+07 9.41481e+14 12 8 5.75e+08 6.1074e-07 449.875 5424.69
3.86702e+09 3.79169e+09 7.98988e+07 2.41869e+07 12 7 9.58786e+08 39.6406 184.857 4284.7
1.83962e+08 1.36569e+09 8.72277e+07 1.88764e+07 11 5 9.59505e+08 50.8309 274.8 7501.51
3.54327e+08 2.08058e+09 7.91234e+07 1.67766e+08 16 5 1.26597e+09 7.54609 33.2 4998.62
2.30357e+08 2.35014e+09 8.53646e+07 6.20494e+07 17 8 1.4512e+09 23.3878 111.875 3907.89
1.17872e+08 1.59506e+09 8.27968e+07 1.19679e+08 13 6 1.07636e+09 8.99371 343.333 5502.7
1.31761e+09 2.10696e+09 8.34037e+07 4.07464e+08 14 6 1.16765e+09 2.86565 145.333 4788.39
2.24727e+08 1.29084e+09 8.69808e+07 8.33476e+06 15 7 1.30471e+09 156.539 120.857 4239.43
2.84419e+09 1.99905e+09 8.28218e+07 2.11157e+07 14 6 1.1595e+09 54.9119 381.333 5774.89
5.75012e+07 9.36476e+08 8.76255e+07 6.82643e+07 14 6 1.22676e+09 17.9707 301.333 5064.17
1.5386e+08 9.12081e+08 8.52489e+07 1.07549e+07 19 6 1.61973e+09 150.604 126.833 4372.89
2.12541e+09 2.30033e+09 7.3115e+07 1.5583e+06 15 9 1.09673e+09 703.795 84 2903.54
2.87056e+08 1.39241e+09 8.31282e+07 2.32122e+07 17 7 1.41318e+09 60.8809 106.857 4248.72
1.7473e+08 1.09201e+09 8.92652e+07 1.36129e+08 15 7 1.33898e+09 9.83613 300 5688.17
1.6076e+08 1.40638e+09 8.64766e+07 2.28854e+07 16 7 1.38363e+09 60.4588 212.857 4583.41
1.71166e+08 1.5485e+09 8.42602e+07 8.56545e+06 16 6 1.34816e+09 157.395 176.833 4383.32
5.05852e+08 2.32063e+09 8.66097e+07 1.56093e+08 17 8 1.47236e+09 9.43261 248 4603.26
7.40438e+07 5.93374e+08 8.33927e+07 3.78282e+06 13 4 1.08411e+09 286.587 218 15848.6
5.55833e+08 1.24812e+09 7.91906e+07 1.00636e+07 15 9 1.18786e+09 118.036 132.222 3512.49
2.8696e+08 1.54158e+09 7.83014e+07 1.56608e+07 15 9 1.17452e+09 74.9975 151.556 3433.38
1.38389e+08 1.04987e+09 8.37014e+07 5.72582e+07 17 7 1.42292e+09 24.851 286.857 4677.89
3.25899e+09 2.47999e+09 8.29016e+07 3.87436e+07 14 6 1.16062e+09 29.9565 97.5 4433.02
3.64692e+08 2.24262e+09 7.08866e+07 6.401e+06 16 8 1.13419e+09 177.189 292 3866.29
6.48569e+08 1.63507e+09 8.56743e+07 2.60806e+07 14 5 1.19944e+09 45.9897 227.2 5969.91
3.23172e+08 1.53522e+09 8.90415e+07 2.63632e+08 15 7 1.33562e+09 5.06623 52.8571 4227.26
2.8113e+08 1.09608e+09 8.70607e+07 4.04041e+07 16 7 1.39297e+09 34.4759 130.857 4170.77
3.58842e+08 2.20632e+09 8.8967e+07 3.07339e+08 15 8 1.3345e+09 4.34213 65.5 3666.22
1.27905e+08 1.38387e+09 8.65669e+07 1.75269e+08 11 9 9.52236e+08 5.43301 114 2985.51
1.64692e+08 6.71348e+08 7.97555e+07 4.0208e+06 13 6 1.03682e+09 257.865 212 6001.27
4.46724e+08 2.12301e+09 8.48892e+07 1.22952e+07 16 7 1.35823e+09 110.468 71.4286 4107.86
3.68486e+08 1.2731e+09 7.99336e+07 1.22174e+06 13 6 1.03914e+09 850.54 114 114553
2.30225e+09 2.02384e+09 8.03215e+07 5.04845e+07 16 7 1.28514e+09 25.4562 118.857 3514.8
