1.92531e+08 1.96764e+09 8.33313e+07 1.69338e+07 13 5 1.08331e+09 63.9729 113.2 14664.1
4.66816e+08 2.39688e+09 8.5009e+07 4.23182e+07 16 7 1.36014e+09 32.1409 226.857 4607.35
1.38256e+08 3.29047e+09 8.33866e+07 8.93681e+06 13 6 1.08403e+09 121.299 162.833 4503.32
1.04223e+09 1.45835e+09 7.07782e+07 6.54271e+06 14 5 9.90895e+08 151.45 273.2 6444.71
3.94995e+08 1.41159e+09 6.97551e+07 3.42468e+07 12 4 8.37061e+08 24.442 174.75 6360.05
8.27029e+08 8.59369e+08 7.6536e+07 1.77958e+07 13 5 9.94968e+08 55.9103 495.2 16360.5
4.24647e+09 3.53353e+09 8.4393e+07 3.77526e+06 15 8 1.26589e+09 335.313 85.5 3519.67
1.23581e+08 1.12492e+09 8.04375e+07 5.86368e+07 13 4 1.04569e+09 17.8333 206.75 7587.41
2.45815e+08 1.54504e+09 7.94773e+07 8.4129e+07 18 5 1.43059e+09 17.0047 22.8 4984.37
1.62638e+08 1.34899e+09 8.62753e+07 8.81616e+07 12 6 1.0353e+09 11.7432 175.333 5289.06
3.1108e+08 1.64528e+09 8.83387e+07 8.66573e+07 16 5 1.41342e+09 16.3104 29.2 5238.14
2.59196e+08 1.06263e+09 8.58671e+07 8.68944e+07 18 7 1.54561e+09 17.7872 130 4736.41
2.02102e+08 1.70579e+09 8.01757e+07 5.56641e+06 15 4 1.20264e+09 216.052 204 7691.94
7.56357e+07 1.58775e+09 8.25449e+07 7.28956e+07 13 4 1.07308e+09 14.7208 150 16747.2
4.1133e+08 1.98733e+09 7.70317e+07 7.61445e+07 16 4 1.23251e+09 16.1864 318 6686
2.62375e+08 1.51789e+09 8.92505e+07 6.03355e+07 12 4 1.07101e+09 17.7509 43 6305.83
3.81326e+08 2.00432e+09 8.5804e+07 3.88019e+08 15 6 1.28706e+09 3.317 139.333 5139.35
1.30545e+08 2.98985e+09 7.90895e+07 6.29139e+06 10 6 7.90895e+08 125.711 211.5 5005.15
1.74136e+08 1.73763e+09 8.69559e+07 1.65689e+08 16 6 1.39129e+09 8.39704 131.333 5035.24
4.47903e+07 1.81543e+09 8.9571e+07 5.15766e+07 7 5 6.26997e+08 12.1566 205.2 6355.6
3.47684e+09 1.66311e+09 8.72404e+07 4.04593e+06 12 5 1.04688e+09 258.75 245.2 15478.2
1.11493e+08 8.64658e+08 7.95847e+07 1.3524e+08 10 4 7.95847e+08 5.88471 224.75 15915
2.87193e+08 2.25614e+09 7.9479e+07 1.08601e+07 13 4 1.03323e+09 95.1393 181 6268.46
6.91361e+07 4.33104e+08 8.63636e+07 2.76859e+07 11 4 9.5e+08 34.3134 250.75 117064
5.28269e+08 1.60454e+09 8.44748e+07 2.06958e+07 8 6 6.75799e+08 32.6539 372 15808.1
2.80406e+08 1.55907e+09 7.92119e+07 6.82682e+07 15 4 1.18818e+09 17.4046 14.75 5268.41
2.03199e+08 1.26303e+09 8.10403e+07 1.05128e+08 16 5 1.29665e+09 12.334 165.2 5376.76
1.32442e+08 1.72965e+09 8.01671e+07 3.76551e+06 13 5 1.04217e+09 276.768 129.2 5328.5
1.56145e+08 1.18734e+09 8.74601e+07 6.69872e+07 10 4 8.74601e+08 13.0562 56.75 6285.83
1.03121e+09 2.23712e+09 7.45208e+07 6.03067e+07 9 4 6.70687e+08 11.1213 221 5897.39
1.59919e+08 2.76745e+09 6.08892e+07 1.66538e+07 15 5 9.13339e+08 54.8428 174.8 5919.08
2.83631e+09 2.22859e+09 8.35749e+07 9.86304e+07 14 6 1.17005e+09 11.863 129.333 4748.75
1.37769e+08 1.59918e+09 7.84687e+07 5.45132e+06 14 4 1.09856e+09 201.522 52.75 6223.97
3.03682e+08 1.58569e+09 8.93142e+07 2.52271e+08 14 6 1.2504e+09 4.95658 93.5 4929.62
4.82966e+07 1.04054e+09 8.44569e+07 1.06858e+07 10 4 8.44569e+08 79.0368 182.75 6319.41
1.15858e+08 7.6235e+08 8.66396e+07 6.98675e+06 11 5 9.53035e+08 136.406 246.8 6098.9
1.19687e+09 1.83852e+09 7.65442e+07 3.73455e+07 12 4 9.1853e+08 24.5955 603 19388.6
4.43547e+08 2.19551e+09 7.46406e+07 2.04747e+07 14 5 1.04497e+09 51.037 221.2 5723.37
3.87581e+07 2.09569e+09 7.7689e+07 5.63698e+06 12 4 9.32268e+08 165.384 96.75 6231.63
1.17156e+08 1.00132e+09 8.38858e+07 3.05916e+07 16 5 1.34217e+09 43.8739 362.8 8712.7
2.57557e+08 6.40883e+09 6.86968e+07 3.16881e+07 12 4 8.24361e+08 26.0148 82.75 5560.5
3.35726e+08 1.14626e+09 9.12755e+07 1.55971e+08 13 5 1.18658e+09 7.60772 282.8 6793.5
1.51731e+08 1.58533e+09 8.72604e+07 1.79296e+08 12 5 1.04712e+09 5.84021 167.2 5995.89
1.59248e+08 4.09639e+09 7.8282e+07 2.52133e+07 11 6 8.61102e+08 34.1527 110.833 4623.61
3.28994e+08 2.07799e+09 7.50399e+07 7.73834e+06 14 5 1.05056e+09 135.76 281.2 5033.09
4.75139e+07 9.70757e+08 7.94569e+07 2.53174e+06 10 4 7.94569e+08 313.842 102.75 6239.63
2.40738e+08 2.97795e+09 8.0186e+07 1.0262e+07 14 4 1.1226e+09 109.395 59 5963.2
3.93161e+08 1.94427e+09 9.16134e+07 1.20045e+08 12 5 1.09936e+09 9.15792 89.2 15626.9
1.56215e+08 1.13477e+09 8.49468e+07 5.9575e+07 15 5 1.2742e+09 21.3882 170.8 5578.37
2.11681e+08 1.19149e+09 8.41054e+07 7.31864e+07 13 7 1.09337e+09 14.9395 169.714 4818.6
8.6864e+07 2.68885e+09 7.52282e+07 2.09929e+07 14 4 1.05319e+09 50.169 20 6000.15
1.85118e+08 2.27369e+09 7.4858e+07 4.69443e+06 9 4 6.73722e+08 143.515 177 14884.3
1.40245e+08 8.64915e+08 8.76751e+07 1.40721e+08 13 5 1.13978e+09 8.09956 81.2 4563.39
5.04221e+08 1.91728e+09 8.84403e+07 5.01664e+08 11 5 9.72843e+08 1.93923 126.8 4815.54
4.36931e+08 1.92919e+09 8.87209e+07 4.89692e+07 14 6 1.24209e+09 25.3648 65.3333 4899.98
4.56279e+08 2.21916e+09 8.40256e+07 3.42144e+06 8 4 6.72204e+08 196.468 424 18662.3
1.13877e+08 1.2393e+09 8.62154e+07 1.06784e+07 12 4 1.03458e+09 96.8856 60.75 5944.85
2.90016e+08 1.54192e+09 8.93401e+07 1.94668e+08 13 5 1.16142e+09 5.96616 133.2 6081.1
3.00114e+08 2.08587e+09 8.3362e+07 1.42079e+08 13 4 1.08371e+09 7.62751 49 5653.68
2.9125e+08 1.87091e+09 8.9574e+07 2.05829e+08 15 6 1.34361e+09 6.52781 97.3333 4676.68
1.83067e+08 1.10104e+09 8.99201e+07 1.36058e+08 10 4 8.99201e+08 6.60896 374 118473
4.38877e+08 2.69506e+09 8.42252e+07 1.80579e+07 12 4 1.0107e+09 55.9702 134.75 5326.12
2.59646e+08 1.13299e+09 9.09454e+07 7.40317e+07 11 4 1.0004e+09 13.5131 80 7944.52
4.65314e+08 1.73749e+09 8.01118e+07 5.44244e+07 16 5 1.28179e+09 23.5517 36.8 5100.82
4.29507e+08 1.16534e+09 9.27556e+07 6.83769e+07 10 4 9.27556e+08 13.5653 140.75 6807.92
1.07046e+08 1.08684e+09 8.6458e+07 2.62393e+07 11 4 9.51038e+08 36.2448 58.75 6181.79
1.89015e+08 1.38822e+09 8.4984e+07 1.69969e+08 12 4 1.01981e+09 5.99997 94.75 5997.95
4.63617e+08 2.26779e+09 7.57759e+07 8.76006e+07 14 4 1.06086e+09 12.1102 230 6259.62
3.70637e+08 1.83612e+09 7.99064e+07 2.42295e+08 14 4 1.11869e+09 4.61706 221 6502.56
2.89518e+07 6.14946e+08 7.8967e+07 3.65802e+07 12 4 9.47604e+08 25.9049 244 7445.56
1.37693e+08 7.21749e+08 8.00174e+07 3.57038e+07 11 4 8.80192e+08 24.6526 277 119625
4.10499e+09 3.36766e+09 7.28144e+07 2.00248e+08 11 4 8.00958e+08 3.99983 153 15062.2
2.49584e+08 1.99282e+09 8.66798e+07 9.35093e+06 13 5 1.12684e+09 120.505 93.2 5426.39
2.88458e+08 2.02997e+09 8.57827e+07 6.06248e+06 10 4 8.57827e+08 141.498 390.75 16514.9
2.87571e+08 1.63914e+09 7.80167e+07 3.39407e+08 13 4 1.01422e+09 2.98821 302.75 2.0109e+07
8.0266e+07 6.6408e+08 8.41792e+07 9.64318e+06 13 4 1.09433e+09 113.482 276 119563
4.52797e+08 1.54785e+09 8.00319e+07 1.39992e+07 17 6 1.36054e+09 97.187 200 4657.6
2.00696e+08 1.2089e+09 8.92664e+07 1.7551e+08 13 5 1.16046e+09 6.61195 151.2 5197.85
2.62565e+08 1.62321e+09 8.84824e+07 8.61197e+07 15 6 1.32724e+09 15.4115 79.3333 4763.93
2.52303e+08 1.21674e+09 8.26677e+07 8.90739e+06 16 5 1.32268e+09 148.493 42.8 4757.23
2.56613e+08 1.87386e+09 8.46166e+07 3.46502e+08 10 7 8.46166e+08 2.44203 203.429 3732.56
3.86601e+09 2.88777e+09 8.20953e+07 6.26015e+07 12 5 9.85144e+08 15.7367 262 15842.1
2.87681e+08 8.23784e+08 8.84385e+07 3.4802e+07 12 4 1.06126e+09 30.4942 164.75 15051.8
5.21487e+07 1.95303e+09 8.58626e+07 5.14281e+07 10 4 8.58626e+08 16.6956 163 7279.4
3.01414e+08 1.67608e+09 8.84414e+07 1.77396e+08 14 5 1.23818e+09 6.97976 252.8 6452.35
2.54289e+08 1.70444e+09 8.87846e+07 1.54201e+07 12 4 1.06542e+09 69.0926 162.75 1.43997e+06
3.83966e+08 1.27184e+09 8.45847e+07 1.41873e+07 16 5 1.35335e+09 95.3917 141.2 5266.49
2.02747e+08 1.13748e+09 8.91747e+07 2.82875e+07 15 5 1.33762e+09 47.2865 105.2 5659.25
3.63484e+08 1.79512e+09 9.25104e+07 1.86468e+08 13 5 1.20264e+09 6.44956 36.8 5019.42
3.21845e+08 2.93956e+09 7.57987e+07 3.04423e+08 12 4 9.09585e+08 2.9879 262.75 7241.05
7.45211e+07 1.30401e+09 8.80046e+07 2.4315e+07 11 4 9.68051e+08 39.8129 164.75 7458.51
1.19789e+08 1.26817e+09 7.45761e+07 3.94148e+07 13 4 9.69489e+08 24.5971 66 7334.61
4.7783e+08 6.5205e+08 7.68371e+07 2.02041e+07 11 4 8.45208e+08 41.8334 422.75 119303
2.05808e+08 1.18804e+09 8.28125e+07 4.69593e+07 16 6 1.325e+09 28.2159 298.833 4912.05
1.78519e+08 1.09712e+09 8.52929e+07 1.01944e+08 15 5 1.27939e+09 12.55 418.8 7106.23
3.06501e+08 2.1047e+09 8.20767e+07 9.57063e+07 15 5 1.23115e+09 12.8638 82.8 5543.17
1.75182e+08 7.37879e+08 8.95208e+07 1.85171e+07 15 6 1.34281e+09 72.5175 133.333 5373.77
4.58853e+07 5.5835e+08 8.65895e+07 4.02786e+07 10 5 8.65895e+08 21.4976 173.2 5955.73
1.80157e+08 9.44381e+08 7.76503e+07 1.87266e+07 11 5 8.54153e+08 45.6119 401.2 6981.79
5.36322e+09 4.10058e+09 7.15389e+07 3.24519e+08 12 4 8.58466e+08 2.64535 221 6982.78
2.72187e+08 1.30526e+09 8.59486e+07 1.16336e+08 13 4 1.11733e+09 9.60439 120.75 5624.6
3.03071e+08 1.57966e+09 8.50789e+07 1.8941e+08 16 5 1.36126e+09 7.18687 102.8 4661.65
4.50522e+08 1.33085e+09 8.59372e+07 1.77053e+08 15 5 1.28906e+09 7.28064 108.8 5293.31
1.01587e+08 1.05901e+09 8.1783e+07 2.76887e+07 13 4 1.06318e+09 38.3976 13 4360.91
1.13144e+08 1.95482e+09 8.50772e+07 3.53878e+06 12 6 1.02093e+09 288.497 261.5 5360.09
2.31502e+08 1.44277e+09 8.24361e+07 1.01991e+07 10 4 8.24361e+08 80.8271 126 1.43778e+06
7.69842e+07 1.06374e+09 7.96219e+07 2.98379e+07 15 4 1.19433e+09 40.0273 94.75 6619.44
1.84498e+09 1.65426e+09 8.18823e+07 1.04674e+07 12 5 9.82588e+08 93.8713 269.2 6618.59
8.32184e+07 1.28067e+09 8.5928e+07 2.633e+07 11 4 9.45208e+08 35.8985 42.75 5812.26
2.1407e+08 1.29975e+09 8.68953e+07 2.14485e+06 14 5 1.21653e+09 567.189 108 5536.29
8.03115e+07 1.7905e+09 8.76779e+07 1.92437e+07 11 5 9.64457e+08 50.1182 199.2 6115.43
2.1092e+08 9.91434e+08 8.82907e+07 7.42785e+07 15 5 1.32436e+09 17.8297 177.2 6473.93
1.43788e+08 1.00657e+09 9.00616e+07 2.85105e+07 14 6 1.26086e+09 44.2245 195.5 4861.18
2.5348e+08 9.41168e+08 8.91294e+07 2.48092e+07 10 4 8.91294e+08 35.926 32.75 5403.64
3.71231e+08 2.01438e+09 8.39034e+07 5.19396e+07 17 6 1.42636e+09 27.4618 123.333 4925.16
8.05457e+07 7.33541e+08 9.00445e+07 3.35923e+07 14 6 1.26062e+09 37.5272 198.833 4902.27
1.33833e+08 1.36244e+09 9.4359e+07 5.82754e+07 8 4 7.54872e+08 12.9535 128.75 8451.12
1.59935e+08 1.43e+09 8.70657e+07 8.31597e+07 16 6 1.39305e+09 16.7515 179.5 5487.71
8.90104e+08 1.21953e+09 8.27849e+07 1.02256e+07 15 6 1.24177e+09 121.438 200.833 4756.52
1.91975e+08 1.15973e+09 9.1552e+07 3.15463e+06 13 5 1.19018e+09 377.279 36.8 5254.13
1.26058e+09 1.12478e+09 8.31408e+07 4.44514e+07 13 5 1.08083e+09 24.3149 150.8 5427.28
5.22189e+08 1.63561e+09 8.1033e+07 7.42075e+07 15 7 1.2155e+09 16.3797 144.857 4257.04
2.23723e+08 7.5799e+08 9.15935e+07 2.11473e+07 8 4 7.32748e+08 34.6497 392.75 1.42402e+06
9.32226e+09 5.39283e+09 7.97125e+07 8.66951e+06 9 5 7.17412e+08 82.7512 254.8 4958.51
1.81261e+08 1.49647e+09 8.80591e+07 6.10342e+07 10 4 8.80591e+08 14.4278 209 16566
2.3757e+08 1.61259e+09 8.68272e+07 1.17904e+08 13 5 1.12875e+09 9.57351 98.8 5320.55
2.81355e+08 1.52586e+09 8.59874e+07 1.30138e+08 16 5 1.3758e+09 10.5718 50.8 5896.62
8.90204e+07 1.11466e+09 9.13492e+07 7.6616e+07 13 5 1.18754e+09 15.4999 120.8 4826.83
3.57842e+08 1.04211e+09 8.41914e+07 2.06905e+08 13 4 1.09449e+09 5.28982 109 7322.4
1.04219e+08 7.2315e+08 8.6804e+07 6.25314e+07 14 5 1.21526e+09 19.4343 268.8 7655.23
1.49946e+08 1.65794e+09 8.29758e+07 8.46745e+06 14 5 1.16166e+09 137.191 186.8 6031.42
2.85089e+08 2.24116e+09 8.22444e+07 1.59598e+08 10 4 8.22444e+08 5.15321 266 117547
3.12447e+08 1.0256e+09 8.62141e+07 2.92105e+08 15 4 1.29321e+09 4.42722 80.75 6096.81
3.20736e+08 2.64173e+09 7.99574e+07 5.98985e+06 15 5 1.19936e+09 200.232 153.2 5444.87
1.67704e+08 1.03815e+09 8.54461e+07 5.53017e+07 14 5 1.19625e+09 21.6313 181.2 5736.25
3.24428e+08 3.41252e+09 7.21132e+07 9.84756e+06 14 5 1.00958e+09 102.521 193.2 5699.65
2.76024e+08 1.16896e+09 8.96337e+07 1.22033e+08 14 5 1.25487e+09 10.2831 81.2 5406.01
2.06197e+08 1.81763e+09 8.18567e+07 4.99439e+06 13 6 1.06414e+09 213.066 149.333 4264.28
4.24304e+09 2.53676e+09 8.49308e+07 7.95173e+07 9 4 7.64377e+08 9.61271 222 8771.13
3.90215e+08 1.86446e+09 8.86151e+07 2.80227e+08 13 6 1.152e+09 4.11094 153.5 4948.27
7.93902e+07 1.29037e+09 8.86336e+07 5.42587e+07 13 6 1.15224e+09 21.236 188.833 4745.25
4.56221e+07 1.38873e+09 7.6445e+07 3.62622e+07 11 4 8.40895e+08 23.1893 146 115690
1.48693e+08 8.96512e+08 8.0844e+07 1.58147e+08 12 5 9.70128e+08 6.13433 376 6892.12
4.48137e+08 1.67765e+09 8.19774e+07 1.44055e+07 14 5 1.14768e+09 79.6698 98.8 4849.71
1.70842e+08 1.86838e+09 8.42785e+07 7.79407e+06 18 6 1.51701e+09 194.637 83.5 4804.52
1.27076e+09 1.15087e+09 8.13825e+07 3.65814e+07 11 4 8.95208e+08 24.4716 265 6362.61
2.22404e+08 1.46961e+09 9.05922e+07 1.65676e+07 14 6 1.26829e+09 76.5523 108 4532.89
1.05475e+08 1.40558e+09 8.63685e+07 9.78928e+07 12 5 1.03642e+09 10.5873 114.8 5423.07
5.61962e+08 1.49849e+09 7.9307e+07 3.09179e+08 13 3 1.03099e+09 3.33461 8 6765.32
2.44431e+08 3.17344e+09 7.34539e+07 3.64842e+06 14 5 1.02835e+09 281.863 88.8 117111
8.42943e+07 1.19807e+09 8.4405e+07 2.46829e+07 16 5 1.35048e+09 54.7132 89.2 5526.88
4.4389e+08 1.40238e+09 8.5237e+07 1.73325e+08 12 5 1.02284e+09 5.90131 226 5953.7
1.07379e+08 1.86691e+09 8.97524e+07 1.32858e+08 10 5 8.97524e+08 6.75551 78.8 5672.68
9.69405e+07 1.4622e+09 8.48163e+07 4.53528e+07 10 5 8.48163e+08 18.7014 287.2 118218
1.79546e+09 2.9897e+09 7.02445e+07 2.01993e+07 13 4 9.13179e+08 45.2083 370.75 6656.14
1.0109e+08 1.35073e+09 8.44808e+07 1.20734e+07 10 5 8.44808e+08 69.9725 312.8 5710.85
3.03682e+08 1.75042e+09 8.28322e+07 2.31935e+07 17 6 1.40815e+09 60.713 137.5 5173.99
6.79924e+07 2.20499e+09 8.28218e+07 2.65465e+07 14 6 1.1595e+09 43.6783 141.333 5086.54
3.29897e+08 1.98096e+09 8.37737e+07 7.21045e+07 13 4 1.08906e+09 15.1039 186.75 16919
3.7912e+08 1.42896e+09 8.79222e+07 1.38278e+07 14 4 1.23091e+09 89.017 72 6162.22
2.41303e+07 2.00428e+08 8.0972e+07 2.14029e+07 13 5 1.05264e+09 49.1819 374.8 6040.21
1.09737e+08 1.31152e+09 8.85942e+07 1.36594e+06 15 6 1.32891e+09 972.893 111.333 5219.37
1.34904e+08 1.62213e+09 7.88538e+07 5.88643e+07 16 4 1.26166e+09 21.4334 2.75 5959.57
2.62767e+08 1.34451e+09 8.91693e+07 1.53951e+08 15 6 1.33754e+09 8.68808 101.5 4955.24
3.9204e+08 2.02885e+09 8.00869e+07 4.51047e+07 16 5 1.28139e+09 28.4093 125.2 5246.53
6.25773e+08 6.17108e+08 7.83896e+07 1.34623e+08 16 6 1.25423e+09 9.31661 197.5 4553.62
8.82069e+07 1.26604e+09 8.22684e+07 7.77385e+06 14 4 1.15176e+09 148.158 224.75 6604.2
2.34299e+08 1.18245e+09 8.32069e+07 7.77903e+07 16 5 1.33131e+09 17.1141 177.2 5135.64
2.73883e+07 2.61648e+09 8.40699e+07 1.19197e+06 9 5 7.56629e+08 634.77 72.8 4484.63
3.04857e+08 1.42443e+09 8.23749e+07 5.18296e+07 12 4 9.88498e+08 19.0721 125 5738.45
2.2917e+08 1.45345e+09 8.72547e+07 1.0213e+08 14 4 1.22157e+09 11.9609 56 6488.6
3.7555e+08 2.23771e+09 8.16494e+07 1.04011e+08 12 4 9.79792e+08 9.42013 76.75 14201.4
1.16815e+08 2.48198e+09 7.29925e+07 5.35108e+06 15 6 1.09489e+09 204.611 147.333 3576.3
2.99611e+08 1.33904e+09 8.50639e+07 5.03761e+07 15 6 1.27596e+09 25.3287 176 4732.57
2.11193e+08 1.23881e+09 8.65016e+07 1.81945e+08 13 4 1.12452e+09 6.18056 146 7448.53
5.01944e+07 1.6884e+09 7.10703e+07 5.80293e+06 15 6 1.06605e+09 183.71 160 4932.52
1.55419e+08 5.37592e+08 8.24657e+07 2.94564e+07 17 5 1.40192e+09 47.5929 115.2 5323.15
5.48154e+08 1.02139e+09 8.5666e+07 9.06457e+07 13 5 1.11366e+09 12.2858 213.2 5444.68
1.69502e+08 1.66023e+09 8.72914e+07 7.85216e+07 9 4 7.85623e+08 10.0052 324 118833
6.86764e+08 1.45861e+09 7.78435e+07 3.2743e+06 15 6 1.16765e+09 356.611 253.5 5569.25
3.01729e+08 1.51485e+09 8.6359e+07 2.65478e+08 14 5 1.20903e+09 4.55414 75.2 5165.93
5.88326e+08 1.94414e+09 7.41499e+07 5.01784e+08 14 4 1.0381e+09 2.06881 89 6912.78
4.88679e+08 2.12012e+09 8.07736e+07 1.36842e+08 14 4 1.13083e+09 8.26376 114.75 6283.17
1.01268e+08 6.42445e+08 8.33333e+07 5.73597e+07 9 4 7.5e+08 13.0754 420.75 17298.1
1.94154e+08 9.18712e+08 7.56124e+07 1.2376e+08 15 4 1.13419e+09 9.1644 260.75 7160.85
1.37119e+08 1.68588e+09 8.00639e+07 2.48699e+07 15 5 1.20096e+09 48.2896 153.2 5859.76
1.57799e+08 1.06391e+09 8.9635e+07 3.36209e+07 13 5 1.16526e+09 34.6587 140.8 5908.36
1.25852e+08 1.1422e+09 8.32801e+07 6.14966e+07 15 6 1.2492e+09 20.3134 217.333 5263.18
4.0852e+09 2.18841e+09 7.25706e+07 1.10802e+08 12 5 8.70847e+08 7.85947 357.2 7146.68
3.62797e+08 2.1059e+09 7.9798e+07 1.86372e+08 14 5 1.11717e+09 5.9943 299.2 5947.54
2.21658e+08 1.00969e+09 8.61084e+07 1.2584e+07 13 4 1.11941e+09 88.955 85 118033
1.30072e+08 1.76699e+09 8.83227e+07 1.16352e+07 15 5 1.32484e+09 113.865 131.2 5931.56
2.24484e+08 1.73528e+09 7.90243e+07 1.79192e+07 13 6 1.02732e+09 57.3303 202 5073.1
2.12789e+08 4.24649e+09 7.23528e+07 5.96528e+06 14 5 1.01294e+09 169.806 163.2 5423.13
5.78532e+07 9.91303e+08 8.24281e+07 1.06754e+06 14 5 1.15399e+09 1080.98 238.8 5650.09
2.32096e+08 3.29723e+09 7.42013e+07 2.96675e+07 14 6 1.03882e+09 35.0153 166.833 4392.63
3.46365e+09 2.5002e+09 7.63122e+07 1.91055e+08 14 5 1.06837e+09 5.59195 168.8 5470.74
4.12234e+07 1.45453e+09 8.34665e+07 8.39795e+06 14 5 1.16853e+09 139.145 119.2 5851.89
1.93991e+08 1.87841e+09 8.87687e+07 2.81016e+07 13 5 1.15399e+09 41.065 48.8 4719.21
2.47125e+08 1.99431e+09 7.86688e+07 3.54105e+06 15 5 1.18003e+09 333.244 29.2 4836.58
1.854e+08 6.47452e+08 9.17971e+07 4.28473e+06 10 4 9.17971e+08 214.242 196 6795.69
9.41911e+07 7.00323e+08 8.38359e+07 6.85964e+07 16 5 1.34137e+09 19.5546 71.2 5768.81
9.00053e+07 1.33456e+09 8.65748e+07 6.6407e+07 12 4 1.0389e+09 15.6444 115 17816.4
3.31586e+08 9.19866e+08 8.67891e+07 1.01456e+08 15 4 1.30184e+09 12.8315 174 18790.2
1.5406e+08 2.51623e+09 7.86641e+07 1.20314e+07 16 5 1.25863e+09 104.612 141.2 5336.33
8.91502e+07 8.17052e+08 8.53492e+07 9.50943e+06 14 4 1.19489e+09 125.653 134.75 7172.78
2.3376e+08 9.91039e+08 7.71109e+07 4.94039e+07 14 4 1.07955e+09 21.8516 116.75 17117.9
1.46723e+08 1.06159e+09 8.71456e+07 3.3714e+07 16 5 1.39433e+09 41.3575 97.2 6257.25
5.62288e+08 1.85012e+09 8.07461e+07 3.22147e+08 17 5 1.37268e+09 4.26104 167.2 6486.15
1.07158e+09 1.89964e+09 7.72487e+07 1.49634e+07 13 6 1.00423e+09 67.1128 228 5118.5
1.97884e+08 1.15748e+09 8.57721e+07 3.97283e+07 15 5 1.28658e+09 32.3845 108.8 5775.08
7.96973e+07 5.44994e+08 7.92087e+07 3.31616e+06 13 5 1.02971e+09 310.513 145.2 5498.23
4.31094e+08 2.26037e+09 8.12141e+07 3.86755e+08 10 4 8.12141e+08 2.09988 21 5144.98
9.03702e+08 2.20322e+09 7.53703e+07 5.43372e+07 11 4 8.29073e+08 15.2579 344 9075.98
1.37484e+08 1.58011e+09 8.09798e+07 7.69733e+06 15 5 1.2147e+09 157.808 146.8 6385.64
1.24416e+08 9.52472e+08 7.30585e+07 5.32859e+06 13 4 9.4976e+08 178.239 125 6206.78
4.94329e+08 1.93216e+09 7.80884e+07 2.49842e+08 15 5 1.17133e+09 4.68826 67.2 5234.7
7.9284e+07 1.32291e+09 8.623e+07 3.67812e+07 15 5 1.29345e+09 35.1661 282.8 6631.68
1.043e+08 9.83277e+08 8.81967e+07 1.10028e+07 9 3 7.9377e+08 72.1427 8 16437.8
3.63606e+08 2.3328e+09 8.26078e+07 2.06339e+08 12 4 9.91294e+08 4.80421 68.75 5889.48
