7.55029e+07 1.37084e+09 7.33466e+07 758664 10 15 7.33466e+08 966.786 44.4 1208.78
6.61289e+07 1.25873e+09 8.81675e+07 1.2495e+08 7 15 6.17173e+08 4.93935 85.7333 1118.01
9.6826e+06 2.01934e+08 5.37996e+07 383810 7 17 3.76597e+08 981.208 50.2353 995.978
1937.61 38752.2 2.5e+07 38752.2 1 20 2.5e+07 645.124 55.2 132.959
5620.32 56203.2 2.5e+07 53811.5 2 20 5e+07 929.17 57.75 125.299
6.61877e+07 1.12742e+09 8.52522e+07 8.65711e+06 14 11 1.19353e+09 137.867 81.6364 2417.68
2.71071e+07 6.22135e+08 8.61688e+07 6.46037e+07 6 16 5.17013e+08 8.00284 74 1012.72
1.03767e+08 1.04931e+09 8.50929e+07 6.17631e+07 11 13 9.36022e+08 15.155 70.7692 1706.31
1.2828e+13 0 7.5e+06 2.78988e+13 10 15 7.5e+07 2.68828e-06 90.4 1654.43
8.35052e+07 1.5307e+09 8.61999e+07 5.65217e+07 9 15 7.75799e+08 13.7257 88.4 1428.5
1.94012e+08 1.28967e+09 5.9606e+07 838648 15 9 8.94089e+08 1066.11 142.222 3054.42
1.73313e+08 1.51961e+09 8.59625e+07 2.35766e+07 12 12 1.03155e+09 43.7531 112 2390.18
4.19634e+07 3.47451e+08 7.73962e+07 1.02524e+07 11 14 8.51358e+08 83.0397 233.714 2181.21
3.62363e+09 4.54269e+09 7.79819e+07 6.62058e+06 12 10 9.35783e+08 141.344 164.1 2978.55
2.63228e+08 1.17305e+09 8.60347e+07 4.25501e+07 13 14 1.11845e+09 26.2855 141.714 1991.91
5.85399e+07 6.08643e+08 8.12663e+07 6.29645e+06 11 10 8.9393e+08 141.974 192.5 3070.78
1.28145e+09 2.30977e+09 7.18973e+07 1.23649e+07 13 11 9.34665e+08 75.5902 226.545 3001.61
0 0 0 0 0 0 0 0 0 0
0 0 0 0 0 0 0 0 0 0
1.10256e+06 1.884e+07 6.57668e+07 1.0022e+06 5 18 3.28834e+08 328.111 65.7778 599.788
9.20436e+08 1.50003e+09 8.42153e+07 1.45088e+07 16 9 1.34744e+09 92.871 126.889 3148.05
3.27025e+07 9.51566e+08 8.38214e+07 1.67333e+07 9 15 7.54393e+08 45.0834 62.9333 1403.02
2.1441e+08 1.83506e+09 9.10325e+07 3.00924e+08 11 14 1.00136e+09 3.32761 74.9286 1683.23
1.71812e+09 4.05858e+09 7.42512e+07 3.6079e+06 8 16 5.9401e+08 164.642 95.75 1210.73
3.0321e+07 7.06627e+08 8.89297e+07 4.23124e+07 10 12 8.89297e+08 21.0174 270.25 2767.3
1.68412e+08 8.53378e+08 8.96223e+07 2.12125e+07 14 10 1.25471e+09 59.1496 255.6 3735.67
1.35338e+08 1.55812e+09 8.05644e+07 1.50776e+06 12 12 9.66773e+08 641.198 89 1956.88
1.60358e+08 1.15697e+09 8.82268e+07 2.59309e+07 15 7 1.3234e+09 51.0358 235.429 4829.81
6.58937e+07 7.09163e+08 7.05571e+07 2.17781e+06 16 11 1.12891e+09 518.37 91.6364 2717.02
8.175e+07 9.7186e+08 8.22622e+07 6.2902e+06 13 9 1.06941e+09 170.012 134 2951.68
2.62017e+09 2.76025e+09 6.86741e+07 1.05433e+06 15 13 1.03011e+09 977.034 114.308 2425.12
4.54741e+07 8.70727e+08 7.64035e+07 910203 7 17 5.34824e+08 587.588 39.5294 881.969
7.19349e+07 5.79472e+08 8.55132e+07 2.73911e+08 8 15 6.84105e+08 2.49754 85.3333 1264.58
1.80601e+09 4.56312e+09 6.14317e+07 1.11877e+06 8 15 4.91454e+08 439.28 128 1272.85
4.33141e+07 1.71555e+09 9.02955e+07 3.1406e+08 4 18 3.61182e+08 1.15004 121.611 625.835
4.89244e+06 1.55969e+08 6.60942e+07 563759 8 16 5.28754e+08 937.907 41.9375 1045.65
2.96591e+07 1.32664e+09 8.57428e+07 2.52578e+08 4 18 3.42971e+08 1.35788 46.9444 570.79
1.02214e+09 2.45918e+09 7.82393e+07 8.2953e+06 9 15 7.04153e+08 84.8858 79.7333 1433.43
7.3344e+07 9.5991e+08 8.19888e+07 1.13294e+07 8 11 6.55911e+08 57.8947 141.636 1976.72
2.12768e+08 1.63168e+09 8.91374e+07 2.20006e+08 13 13 1.15879e+09 5.26707 100.769 1956.75
4.62639e+07 9.39313e+08 7.97125e+07 5.55906e+06 6 17 4.78275e+08 86.0352 166.118 1106.24
2.64779e+09 3.29805e+09 7.38476e+07 2.07732e+08 14 11 1.03387e+09 4.97693 146.182 2369.01
2.88567e+09 3.66397e+09 7.09142e+07 3.86904e+07 13 11 9.21885e+08 23.8272 234.909 2469.06
0 0 0 0 0 0 0 0 0 0
6.07558e+07 1.07522e+09 8.68439e+07 8.69103e+07 7 16 6.07907e+08 6.99465 95.4375 1062.5
4.89785e+08 8.73953e+08 7.74989e+07 1.79168e+06 14 13 1.08498e+09 605.568 137.077 2208.1
1.20873e+08 1.40488e+09 7.83982e+07 1.25212e+07 11 13 8.6238e+08 68.8736 110.769 1733.74
1.0014e+08 9.17552e+08 8.79756e+07 1.23059e+08 11 13 9.67732e+08 7.86396 119.077 1981.81
2.1358e+08 1.7522e+09 7.89137e+07 1.38161e+07 13 11 1.02588e+09 74.2523 132.545 2761.87
2.75975e+09 3.47559e+09 5.37417e+07 1.14581e+06 13 14 6.98642e+08 609.736 64.9286 1835.54
2.3184e+08 8.66542e+08 8.21353e+07 1.99819e+07 15 8 1.23203e+09 61.6573 234.875 4103.44
7.28533e+08 1.82482e+09 8.02361e+07 4.57518e+07 18 7 1.44425e+09 31.567 120 3720.73
1.02915e+08 1.03478e+09 8.73433e+07 1.55092e+07 13 8 1.13546e+09 73.2123 240 4081.61
5.1586e+07 9.08802e+08 7.7031e+07 905271 7 14 5.39217e+08 595.642 72.9286 1473.21
1.69636e+09 1.07949e+10 6.36049e+07 2.52331e+07 3 19 1.90815e+08 7.56208 56 377.489
7.48716e+07 1.1562e+09 8.00408e+07 1.04365e+06 9 14 7.20367e+08 690.239 57.7143 1342.31
5.62429e+07 8.5362e+08 6.73266e+07 413177 14 12 9.42572e+08 2281.28 156 2341.06
7.46017e+11 0 1.25e+07 1.41743e+13 2 19 2.5e+07 1.76375e-06 49.7895 393.656
0 0 0 0 0 0 0 0 0 0
2.66308e+07 4.04777e+08 8.41587e+07 2.2074e+07 9 14 7.57428e+08 34.3131 123.714 1654.23
1.11358e+09 1.88349e+09 7.95641e+07 1.47496e+07 14 9 1.1139e+09 75.5206 149.556 3260.9
8.20179e+08 1.64036e+10 2.10064e+07 1.64036e+10 1 20 2.10064e+07 0.0012806 33.2 125.76
1.50028e+08 1.21225e+09 8.13836e+07 2.32721e+06 13 13 1.05799e+09 454.615 147.231 2165.29
1.6391e+08 1.05856e+09 8.68144e+07 1.93102e+08 12 12 1.04177e+09 5.39493 95.6667 2293.54
1.89859e+09 2.60441e+09 7.34159e+07 3.78552e+06 12 13 8.8099e+08 232.726 127.077 2194.35
2.53677e+17 0 7.5e+06 9.12811e+13 10 13 7.5e+07 8.21638e-07 157.077 2008.95
8.55278e+07 1.52376e+09 8.74601e+07 4.57545e+08 6 17 5.2476e+08 1.14691 55.5294 889.737
586482 6.18655e+08 6.72923e+07 1.48909e+06 6 16 4.03754e+08 271.141 69.9375 1026.29
2.70065e+08 1.84331e+09 8.53285e+07 9.16384e+06 16 8 1.36526e+09 148.983 139.5 3967.91
6.23599e+06 4.04614e+08 8.63019e+07 1.18484e+08 2 19 1.72604e+08 1.45677 57.1579 368.367
0 0 0 0 0 0 0 0 0 0
1.58652e+08 1.5961e+09 9.02992e+07 2.12817e+08 11 14 9.93291e+08 4.66734 139.714 1957.42
6.0864e+12 0 1.07143e+07 3.09196e+13 7 14 7.5e+07 2.42565e-06 46.9286 1634.06
8.69647e+12 0 1.5625e+06 8.69647e+13 16 10 2.5e+07 2.87473e-07 122 3136.07
1.84044e+06 8.22777e+07 6.54153e+07 236044 3 19 1.96246e+08 831.395 72.9474 425.818
4.19967e+07 6.07601e+08 7.75673e+07 9.50091e+06 7 17 5.42971e+08 57.1494 34 800.366
1.26834e+08 1.47336e+09 8.70696e+07 1.538e+08 9 14 7.83626e+08 5.09511 193.714 1738.27
2.67225e+09 3.82159e+09 7.90176e+07 1.38369e+07 10 12 7.90176e+08 57.1065 164 2313.12
6.60014e+08 1.25403e+10 2.08466e+07 1.25403e+10 1 19 2.08466e+07 0.00166238 83.7895 363.561
1.28041e+09 2.94618e+09 8.53656e+07 5.3619e+06 9 15 7.68291e+08 143.287 203.733 1481.12
1.16706e+08 1.47019e+09 8.71406e+07 3.95714e+07 8 16 6.97125e+08 17.6169 80 1179.89
3.20735e+09 4.65894e+09 4.63525e+07 261523 9 13 4.17173e+08 1595.16 92.7692 1606.5
8.27284e+07 1.06077e+09 8.14188e+07 1.59417e+07 11 13 8.95607e+08 56.1803 103.231 1848.08
1.01995e+08 1.52396e+09 8.93189e+07 1.14211e+08 11 14 9.82508e+08 8.60258 113.429 1848.69
2.68161e+07 5.32458e+08 6.5615e+07 605987 6 18 3.9369e+08 649.668 50.5 610.374
2.90486e+12 0 1.78571e+07 2.08146e+13 7 15 1.25e+08 6.00539e-06 85.3333 1404.33
3.26412e+07 5.27666e+08 7.51917e+07 368036 5 18 3.75958e+08 1021.53 95.6111 700.769
1.11009e+09 2.82234e+09 8.07736e+07 6.97066e+06 7 12 5.65415e+08 81.1136 226.25 2617.89
1.17793e+08 1.37552e+09 8.6242e+07 1.85597e+07 12 13 1.0349e+09 55.7608 237.231 2466.68
2.66447e+08 8.95504e+08 7.55591e+07 2.19092e+07 7 17 5.28914e+08 24.1412 52.9412 793.191
1.94207e+08 1.22596e+09 7.75375e+07 5.27347e+06 13 10 1.00799e+09 191.143 75.6 2366.69
1.27933e+07 8.24984e+08 8.31869e+07 2.43073e+08 2 19 1.66374e+08 0.684461 52 380.028
6.82345e+07 9.86949e+08 7.07087e+07 1.12129e+06 11 11 7.77796e+08 693.663 123.636 2085.28
2.54599e+09 3.10249e+09 5.98015e+07 694990 14 13 8.3722e+08 1204.65 83.2308 2108.22
1.79639e+14 0 5.03035e+07 2.4999e+14 10 11 5.03035e+08 2.01222e-06 74.1818 2471.18
2.2697e+08 9.97685e+08 7.82836e+07 1.21061e+07 9 14 7.04553e+08 58.1981 155.714 1778.6
1.04013e+09 2.24272e+09 3.40141e+07 404755 7 15 2.38099e+08 588.255 90.9333 1058.19
1.89454e+08 1.5533e+09 8.60961e+07 3.40049e+07 13 10 1.11925e+09 32.9144 170.4 3060.24
1.41517e+08 1.00873e+09 9.25138e+07 2.36527e+07 11 14 1.01765e+09 43.0248 112.929 1751.69
7.35853e+07 8.53616e+08 8.77707e+07 2.28218e+08 9 14 7.89936e+08 3.46132 84.3571 1285.89
1.16946e+08 1.53137e+09 8.8931e+07 1.57792e+08 12 10 1.06717e+09 6.76316 235.6 2998.48
1.8215e+09 2.98103e+09 8.55493e+07 5.97806e+07 13 11 1.11214e+09 18.6037 225.636 2771.28
8.16558e+07 9.3637e+08 8.33067e+07 1.31683e+07 13 12 1.08299e+09 82.2422 130.667 2086.71
3.73239e+07 5.28057e+08 8.31869e+07 5.38599e+06 10 12 8.31869e+08 154.451 136.917 1968.74
3.95528e+09 3.14416e+09 5.91397e+07 719641 14 9 8.27955e+08 1150.51 148 3213.23
5.28257e+08 1.54602e+09 5.36306e+07 366434 11 15 5.89936e+08 1609.94 92 1425.88
1.48742e+08 1.50021e+09 9.17013e+07 2.74161e+08 10 14 9.17013e+08 3.3448 59.7143 1623.66
58675.7 3.73783e+07 4.59065e+07 281761 4 19 1.83626e+08 651.71 32.9474 376.242
1.5672e+08 1.4234e+09 8.21246e+07 9.3897e+07 10 14 8.21246e+08 8.74625 72.9286 1620.34
2.1564e+09 6.4357e+09 7.21912e+07 9.76233e+06 6 17 4.33147e+08 44.3692 46.4706 688.756
3.18227e+09 4.28396e+09 5.89217e+07 5.17884e+06 10 11 5.89217e+08 113.774 136.545 1949.19
0 0 0 0 0 0 0 0 0 0
2.7863e+09 2.57465e+09 7.46955e+07 3.11277e+06 16 11 1.19513e+09 383.944 59.6364 2483.51
4284.91 85698.3 2.5e+07 85698.3 1 20 2.5e+07 291.721 56.95 139.236
1.10787e+07 2.5168e+08 7.68371e+07 582562 7 16 5.37859e+08 923.266 69.9375 996.603
2.80617e+07 9.16742e+08 8.04952e+07 7.28208e+07 5 17 4.02476e+08 5.52694 65.0588 730.468
1.94267e+08 9.72606e+08 8.07696e+07 1.90048e+07 17 8 1.37308e+09 72.2494 183.5 3484.44
1.60059e+07 2.99534e+08 7.28967e+07 376201 6 15 4.3738e+08 1162.62 57.3333 975.224
1.06041e+08 1.84969e+09 8.5081e+07 3.91696e+07 14 8 1.19113e+09 30.4096 162.875 3544.23
5.06692e+08 1.76641e+09 8.10903e+07 1.11597e+07 16 7 1.29744e+09 116.262 171.714 4603.12
1.33977e+08 1.28749e+09 9.13405e+07 1.46029e+07 12 13 1.09609e+09 75.0593 85.0769 2059.5
2.37616e+07 1.12781e+09 7.41534e+07 614783 5 16 3.70767e+08 603.085 81.9375 1072.47
1.12182e+08 6.40988e+08 8.16344e+07 1.0012e+07 16 10 1.30615e+09 130.458 89.6 3196.87
1.089e+08 1.44474e+09 8.17572e+07 1.06495e+06 10 14 8.17572e+08 767.709 51.2143 1405.19
3517.19 70343.8 2.5e+07 70343.8 1 20 2.5e+07 355.397 65 114.122
1.58873e+09 2.51756e+09 8.23773e+07 4.07793e+07 11 13 9.0615e+08 22.2209 94.7692 1750.77
1.22565e+08 1.27694e+09 8.96885e+07 1.69959e+07 10 8 8.96885e+08 52.7708 299.875 4444.47
1.41983e+09 5.27331e+09 6.45208e+07 2.70308e+06 5 18 3.22604e+08 119.347 56 589.357
2.48948e+09 2.45403e+09 8.78794e+07 5.95042e+06 16 10 1.40607e+09 236.298 82.9 3141.18
2.38064e+09 3.00766e+09 8.33497e+07 1.16745e+08 13 11 1.08355e+09 9.28134 244.727 3135.73
5.81189e+06 2.41974e+08 6.55485e+07 486932 3 19 1.96645e+08 403.846 85.1579 364.097
1.82053e+09 6.19149e+09 6.86901e+07 4.02243e+06 5 16 3.4345e+08 85.3837 79.75 896.317
6.03421e+08 9.14479e+08 8.27127e+07 3.04813e+07 16 10 1.3234e+09 43.4168 81.6 2839.29
1.1858e+08 9.52526e+08 7.1246e+07 1.2593e+07 14 11 9.97444e+08 79.2063 77.6364 2178.38
1.6628e+09 2.84334e+09 6.82617e+07 1.13173e+07 11 14 7.50879e+08 66.348 153.714 1607.97
9.92711e+07 1.29043e+09 8.17528e+07 756518 11 14 8.99281e+08 1188.71 102.857 1754.23
445988 1.99364e+07 6.64537e+07 299583 3 19 1.99361e+08 665.463 56.9474 387.213
2.40986e+12 0 5e+06 3.3738e+13 5 14 2.5e+07 7.41004e-07 148.857 1505.61
1.65551e+08 8.36529e+08 8.82404e+07 3.39448e+08 13 9 1.14712e+09 3.37939 196 3290.84
2.28135e+08 1.15047e+09 7.70021e+07 2.3247e+06 15 12 1.15503e+09 496.852 194.917 2495.47
1.07734e+08 9.32488e+08 8.73083e+07 9.36587e+06 10 14 8.73083e+08 93.2196 66.9286 1648.17
6.35118e+07 8.21107e+08 8.69409e+07 2.19637e+08 8 16 6.95527e+08 3.16671 47.4375 1124.63
5.18404e+08 1.46135e+09 8.71748e+07 6.87857e+07 14 12 1.22045e+09 17.7427 122.917 2354.17
8.24098e+07 8.11171e+08 8.65371e+07 2.28725e+08 9 14 7.78834e+08 3.40512 84.9286 1569.37
2.96944e+07 8.55854e+08 8.61621e+07 1.90261e+08 4 18 3.44649e+08 1.81145 72.5 649.059
8.83834e+07 8.40738e+08 8.6959e+07 1.03493e+08 11 11 9.5655e+08 9.24268 202.182 2852.53
5.65686e+07 1.01361e+09 8.02955e+07 6.159e+06 10 8 8.02955e+08 130.371 246 12561.4
2.23382e+08 1.71186e+09 8.67474e+07 1.94808e+08 13 11 1.12772e+09 5.78884 164.909 2631.32
2.30821e+09 2.65867e+09 8.14297e+07 2.16342e+06 12 9 9.77157e+08 451.672 102 2654.04
8.21075e+07 1.51273e+09 8.57582e+07 5.0327e+07 13 11 1.11486e+09 22.1523 192.545 3010.97
2.68961e+09 3.01723e+09 8.0366e+07 4.28883e+08 11 9 8.84026e+08 2.06123 104.222 2375.56
3.79426e+07 1.22237e+09 8.79792e+07 2.88662e+08 4 18 3.51917e+08 1.21913 28.9444 581.08
5.06094e+08 1.58596e+09 8.56844e+07 2.46804e+08 13 10 1.1139e+09 4.51328 98 2686.79
2.63589e+08 1.34677e+09 8.94619e+07 9.02324e+07 16 9 1.43139e+09 15.8634 254.889 4556.23
1.10553e+12 0 5e+06 1.65829e+13 5 15 2.5e+07 1.50758e-06 83.7333 1284.43
8.57318e+07 9.9677e+08 8.11901e+07 1.49705e+08 8 15 6.49521e+08 4.33867 113.733 1338.08
2.78131e+08 1.40106e+09 8.29024e+07 1.0207e+07 16 9 1.32644e+09 129.954 102.889 2880.66
2.72371e+16 0 2.55363e+07 1.01804e+14 14 11 3.57508e+08 3.51173e-06 70.7273 1915.58
508808 1.51845e+07 7.84079e+07 9.15854e+06 3 18 2.35224e+08 25.6835 70.9444 515.488
1.09884e+08 1.54864e+09 9.21725e+07 1.96137e+07 8 16 7.3738e+08 37.5952 118 1224.52
1.65262e+08 1.43813e+09 8.41853e+07 1.49552e+07 13 9 1.09441e+09 73.1793 152.889 3071.78
1573.09 31461.7 2.5e+07 31461.7 1 20 2.5e+07 794.616 92.55 128.506
4.06567e+06 1.06888e+09 8.74601e+07 1.38396e+07 4 16 3.4984e+08 25.2782 63 953.168
1.00002e+07 5.33542e+08 8.65815e+07 1.90004e+08 2 19 1.73163e+08 0.911365 42.5263 349.603
3934.36 78687.2 2.5e+07 78687.2 1 20 2.5e+07 317.714 36.95 135.112
1.41295e+08 1.80178e+09 8.03115e+07 3.02117e+07 10 15 8.03115e+08 26.5829 92 1601.33
1.63484e+08 9.00166e+08 8.34037e+07 1.86753e+06 14 13 1.16765e+09 625.238 137.077 2323.09
1.82236e+07 9.28405e+08 8.39229e+07 1.06764e+07 7 16 5.8746e+08 55.0243 91 1103.84
2.03992e+08 2.08641e+09 8.95025e+07 1.07515e+08 14 9 1.25304e+09 11.6545 92.2222 3087.53
1.57707e+09 2.4918e+09 7.72125e+07 4.40604e+06 10 13 7.72125e+08 175.242 84.3077 1743.76
3.1668e+09 3.12967e+09 6.88166e+07 2.49525e+06 12 9 8.25799e+08 330.948 130.889 12100.3
1.67464e+08 1.63198e+09 9.16001e+07 2.66497e+08 12 11 1.0992e+09 4.12462 134.727 2201.33
9.85272e+11 0 2.27273e+06 1.18233e+13 11 12 2.5e+07 2.11447e-06 67.6667 2136.06
21524.8 1.66082e+07 5.28754e+07 207888 3 19 1.58626e+08 763.036 66.9474 383.465
5.74701e+07 1.3433e+09 8.68743e+07 1.20604e+08 6 16 5.21246e+08 4.32195 115.438 987.386
0 0 0 0 0 0 0 0 0 0
8.70688e+07 9.63034e+08 9.25275e+07 1.98972e+07 9 14 8.32748e+08 41.8526 98.8571 1726.55
4.84196e+06 5.65882e+08 6.50759e+07 1.1294e+06 4 17 2.60304e+08 230.48 71.0588 710.624
1.39456e+09 2.57964e+09 7.60383e+07 4.76484e+06 8 12 6.08307e+08 127.666 134.25 2034.71
3.21758e+08 2.17289e+09 7.47033e+07 5.35801e+06 14 9 1.04585e+09 195.193 328 3791
9.37877e+07 8.84634e+08 8.06033e+07 1.57036e+06 13 12 1.04784e+09 667.265 136.917 2278.24
2.6301e+06 4.58219e+07 7.79952e+07 5.17538e+06 6 17 4.67971e+08 90.4227 40.9412 808.476
9416.02 89452.2 2.5e+07 81835.9 2 19 5e+07 610.979 96 364.785
1.6336e+09 5.15042e+09 6.50692e+07 6.87568e+06 6 18 3.90415e+08 56.7821 62 578.767
8.01353e+07 1.08948e+09 8.64217e+07 6.60769e+06 10 10 8.64217e+08 130.79 282.1 3566.2
9.90056e+07 1.19924e+09 8.04757e+07 1.76978e+07 9 13 7.24281e+08 40.9248 120.769 1756.84
8.18071e+08 3.01232e+09 7.13259e+07 2.40796e+07 5 18 3.56629e+08 14.8104 52.9444 616.367
5.60004e+07 1.06179e+09 9.10676e+07 1.36943e+08 6 17 5.46406e+08 3.99003 113.882 962.888
116218 4.27082e+06 2.12061e+07 1.9757e+06 2 17 4.24121e+07 21.4669 26.2353 635.378
1.55611e+08 1.33924e+09 8.78708e+07 1.15959e+08 14 10 1.23019e+09 10.6089 200.4 3076.17
7.10628e+07 1.32401e+09 7.63692e+07 736695 7 16 5.34585e+08 725.652 111.438 1068.95
4.85635e+07 7.2624e+08 8.36342e+07 1.10133e+08 10 12 8.36342e+08 7.59395 100.917 1727.9
0 0 0 0 0 0 0 0 0 0
2.4495e+07 3.47544e+08 7.11205e+07 462421 7 17 4.97843e+08 1076.6 59.8824 892.704
1.68011e+08 1.60226e+09 8.27704e+07 2.30869e+07 14 10 1.15879e+09 50.1924 276.9 3140.46
3.66207e+08 7.42192e+08 5.29407e+07 1.5252e+06 11 12 5.82348e+08 381.817 120 2226.51
1.77256e+08 2.08149e+09 9.06119e+07 4.71801e+07 13 9 1.17796e+09 24.9672 149.556 3580.89
7.51597e+07 9.74792e+08 7.27458e+07 1.26604e+07 9 15 6.54712e+08 51.7134 69.7333 1396.92
5.92333e+08 1.33611e+09 7.36981e+07 1.42939e+07 10 12 7.36981e+08 51.5591 118.25 1830.9
2.60894e+09 2.85084e+09 7.18911e+07 3.48522e+06 13 12 9.34585e+08 268.157 118.917 2276.11
1.31806e+08 1.48585e+09 8.79792e+07 1.46814e+08 10 14 8.79792e+08 5.99255 104.929 1629.79
8.10519e+07 1.11866e+09 7.61715e+07 1.11792e+06 9 13 6.85543e+08 613.228 80.9231 1554.8
1.46702e+08 9.48644e+08 8.07082e+07 1.44693e+06 15 11 1.21062e+09 836.684 148.182 2722.93
2.58932e+08 1.77183e+09 9.03887e+07 2.31856e+08 15 12 1.35583e+09 5.84773 91 2375.76
1.11437e+09 3.07143e+09 7.93663e+07 1.6263e+06 9 16 7.14297e+08 439.215 52 1194.57
1.08193e+07 1.89776e+08 8.35286e+07 1.55388e+07 9 15 7.51757e+08 48.3793 45.7333 1231.54
1.15372e+08 1.70501e+09 8.87846e+07 1.4678e+08 12 11 1.06542e+09 7.25857 60.5455 2167.66
1.02609e+08 8.23349e+08 8.57987e+07 1.92831e+07 10 14 8.57987e+08 44.4943 79.7143 1554.88
6.99906e+07 1.19587e+09 8.08307e+07 1.01619e+06 7 16 5.65815e+08 556.801 114 1272.38
2.47101e+08 7.27263e+08 7.94148e+07 7.09815e+07 11 12 8.73562e+08 12.3069 255.667 2628.7
2.40502e+08 1.19256e+09 7.99889e+07 3.37843e+07 13 13 1.03986e+09 30.7792 131.077 2043.57
0 0 0 0 0 0 0 0 0 0
2.00942e+09 2.3618e+09 8.10931e+07 4.56438e+06 14 11 1.1353e+09 248.731 156.182 2869.3
17245.8 344916 2.5e+07 344916 1 20 2.5e+07 72.4813 40.95 135.303
1.26379e+08 1.08696e+09 7.50285e+07 5.80006e+06 14 13 1.0504e+09 181.101 234.769 2387.47
3.99984e+08 1.7967e+09 8.49491e+07 1.04337e+08 16 10 1.35919e+09 13.0269 126.5 2899.12
9.91264e+07 1.99027e+09 8.22798e+07 2.91978e+08 7 15 5.75958e+08 1.97261 71.6 1175.33
2.11108e+08 1.45791e+09 8.60224e+07 1.18768e+08 16 10 1.37636e+09 11.5886 100.4 2910.7
2.52795e+07 5.2618e+08 6.80378e+07 1.65881e+07 6 17 4.08227e+08 24.6096 86.1176 947.599
1.88831e+08 1.97726e+09 8.61355e+07 1.19474e+07 12 11 1.03363e+09 86.5147 144.909 2437.9
2.72763e+06 1.01505e+08 7.35091e+07 576259 6 15 4.41054e+08 765.375 94.9333 1379.57
4.53336e+07 5.40487e+08 5.79739e+07 501124 12 12 6.95687e+08 1388.25 64.9167 1832.44
9.67498e+08 3.44962e+09 6.37859e+07 1.21087e+07 5 17 3.1893e+08 26.3388 48.4706 722.66
