1.04156e+08 1.31336e+09 8.30671e+07 2.67576e+07 14 8 1.16294e+09 43.462 139.5 3598.73
3.98575e+08 2.367e+09 7.82814e+07 3.8412e+07 12 7 9.39377e+08 24.4553 162.857 3729.74
4.56417e+08 5.43004e+09 7.03858e+07 7.93728e+06 13 6 9.15016e+08 115.281 170.833 5495.27
1.1307e+08 1.14049e+09 8.67745e+07 1.73614e+08 12 9 1.04129e+09 5.99774 188 3104.02
5.29144e+08 1.74358e+09 8.5966e+07 4.33336e+07 17 6 1.46142e+09 33.7249 61.3333 3603.68
1.53842e+08 1.86421e+09 8.19243e+07 9.68424e+07 13 5 1.06502e+09 10.9974 92.8 5495.03
2.11956e+08 2.32134e+09 7.34767e+07 1.93892e+07 14 8 1.02867e+09 53.0539 81.875 3196.33
4.08394e+09 3.02089e+09 7.5623e+07 2.90913e+06 15 8 1.13435e+09 389.926 159.875 3853.99
2.6928e+08 1.42598e+09 8.74969e+07 5.85592e+06 13 6 1.13746e+09 194.241 120 4562.99
4.30882e+08 7.39009e+08 7.23975e+07 1.34531e+07 12 7 8.6877e+08 64.5777 339.429 4778.36
1.23514e+08 1.32886e+09 7.71898e+07 1.00425e+07 12 6 9.26278e+08 92.2358 194.833 4600
2.01691e+08 1.11204e+09 8.0276e+07 3.10919e+07 18 8 1.44497e+09 46.4741 173.5 4085.26
2.92226e+08 1.15554e+09 8.76198e+07 5.74222e+07 14 6 1.22668e+09 21.3624 440.833 8096.89
1.25487e+08 8.45422e+08 8.59653e+07 7.17227e+06 14 6 1.20351e+09 167.801 250 4646.5
1.32381e+08 1.67257e+09 8.65472e+07 1.979e+07 14 7 1.21166e+09 61.226 60 3424.19
1.17909e+08 1.58932e+09 7.31972e+07 1.06866e+07 14 6 1.02476e+09 95.8924 221.5 4666.35
3.3748e+08 1.80265e+09 9.13431e+07 2.01919e+07 13 6 1.18746e+09 58.8088 152 4943.91
7.95839e+08 1.777e+09 8.23416e+07 2.14003e+08 12 7 9.88099e+08 4.61723 134 3455.41
1.47689e+08 1.15747e+09 9.01225e+07 6.99457e+07 12 7 1.08147e+09 15.4616 115.429 4158.01
4.30101e+09 2.33287e+09 8.15628e+07 1.60624e+07 12 5 9.78754e+08 60.9347 331.2 118439
5.57097e+07 9.47451e+08 8.334e+07 1.27781e+07 12 7 1.00008e+09 78.265 154.857 5181.13
1.19643e+08 1.33938e+09 8.65335e+07 9316.6 10 6 8.65335e+08 92881.1 118.833 4728.88
3.58841e+09 3.12912e+09 7.50732e+07 3.06142e+06 12 7 9.00879e+08 294.268 241.714 4054.07
5.73694e+08 1.77774e+09 8.37403e+07 5.22375e+07 14 9 1.17236e+09 22.443 158.222 3105.06
5.81432e+08 1.91283e+09 7.94557e+07 6.57334e+06 14 9 1.11238e+09 169.226 118 2853.82
2.21645e+08 1.45882e+09 8.67462e+07 2.10183e+07 16 5 1.38794e+09 66.0349 121.2 5428.07
1.80597e+08 1.61109e+09 8.76628e+07 4.03825e+07 13 7 1.13962e+09 28.2205 106.857 3587.62
1.75663e+08 1.25194e+09 8.87913e+07 1.89702e+07 12 6 1.0655e+09 56.1667 277.333 5887.83
1.95016e+08 1.4554e+09 9.07698e+07 7.65711e+07 16 6 1.45232e+09 18.9669 244.833 5410.34
1.27005e+08 1.23675e+09 7.43144e+07 2.71174e+07 12 7 8.91773e+08 32.8856 158.857 3889.58
5.06182e+08 1.93514e+09 8.32535e+07 1.5949e+08 15 9 1.2488e+09 7.82995 123.556 3411.07
1.78159e+08 2.14812e+09 8.08079e+07 1.36479e+08 14 7 1.13131e+09 8.28927 177.429 4299.36
2.25842e+08 9.71942e+08 8.40655e+07 8.70698e+06 18 6 1.51318e+09 173.789 163.333 5192.6
2.4985e+08 1.69903e+09 8.75228e+07 8.59875e+06 14 7 1.22532e+09 142.5 143.714 3990.24
3.20078e+08 1.90677e+09 8.14796e+07 1.402e+08 16 7 1.30367e+09 9.29868 99.7143 4285.05
8.00963e+07 9.66655e+08 8.6133e+07 7.73888e+07 13 8 1.11973e+09 14.4689 410 4788.1
1.09337e+09 2.21162e+09 8.08007e+07 2.71536e+07 16 6 1.29281e+09 47.6111 119.333 3914.05
3.74715e+08 1.31885e+09 8.69755e+07 1.57449e+08 15 5 1.30463e+09 8.28607 160.8 6260.34
1.86852e+08 1.43472e+09 8.1654e+07 6.5915e+07 13 10 1.0615e+09 16.1041 194.9 3374.37
6.67279e+07 5.63761e+08 8.57628e+07 2.39663e+07 12 7 1.02915e+09 42.9416 221.714 4556.99
8.18144e+09 4.82175e+09 7.13214e+07 1.23155e+06 18 9 1.28379e+09 1042.41 114.222 3372.78
3.96429e+09 1.96122e+09 7.76258e+07 1.33428e+07 16 6 1.24201e+09 93.0849 176.833 5714.25
4.45532e+08 1.30074e+09 8.36706e+07 1.46135e+07 18 8 1.50607e+09 103.06 91.875 3917.26
4.52806e+08 2.35106e+09 8.77738e+07 3.20764e+08 14 5 1.22883e+09 3.83095 24.8 4955.45
3.77256e+08 1.46904e+09 8.81922e+07 4.92983e+07 18 7 1.58746e+09 32.2011 92.8571 3931
1.93938e+09 2.51095e+09 7.81576e+07 3.89235e+08 15 7 1.17236e+09 3.01197 103.714 4115.56
4.52543e+08 2.71835e+09 8.14884e+07 1.46096e+08 17 6 1.3853e+09 9.48212 78.8333 4690.32
2.5066e+08 1.59025e+09 8.29659e+07 7.20541e+07 15 8 1.24449e+09 17.2716 98.875 3352.32
4.10365e+09 3.29897e+09 6.72032e+07 4.24623e+08 13 5 8.73642e+08 2.05746 251.2 115553
6.18439e+07 8.13696e+08 8.52114e+07 1.15672e+07 13 6 1.10775e+09 95.7667 44 3245.33
1.18093e+08 9.3725e+08 8.86296e+07 7.00085e+07 14 8 1.24081e+09 17.7238 166 3529.42
1.4182e+09 1.62919e+09 7.34425e+07 6.1862e+06 14 8 1.02819e+09 166.208 177.5 3731.36
1.59391e+08 1.49162e+09 7.28594e+07 1.77135e+07 15 7 1.09289e+09 61.6981 171.714 4148.53
1.95454e+08 1.32022e+09 8.70914e+07 2.03863e+06 13 10 1.13219e+09 555.367 68.1 2867.15
1.2673e+08 8.10576e+08 7.89537e+07 2.34473e+07 18 8 1.42117e+09 60.611 260 3983
7.10447e+08 1.97062e+09 7.9196e+07 1.78267e+07 15 10 1.18794e+09 66.6384 94.9 2807.54
2.62639e+09 3.65879e+09 8.03115e+07 2.11341e+06 12 12 9.63738e+08 456.011 81.6667 2135.58
2.22639e+08 1.44418e+09 8.30043e+07 3.68745e+07 14 7 1.16206e+09 31.5139 149.714 12664.1
5.54928e+08 2.25961e+09 7.88885e+07 7.68027e+07 19 6 1.49888e+09 19.516 159.333 5484.1
3.10994e+08 1.23556e+09 9.15815e+07 3.79846e+06 15 5 1.37372e+09 361.652 105.2 5751.78
4.60572e+08 1.71615e+09 8.1676e+07 1.46955e+08 12 9 9.80112e+08 6.66946 94.2222 2933.5
2.09579e+08 9.00293e+08 8.64463e+07 1.57226e+07 13 5 1.1238e+09 71.4767 188.8 6512.62
7.55552e+08 1.45278e+09 6.81243e+07 1.54796e+07 12 7 8.17492e+08 52.8111 258.857 3586.55
3.46988e+09 2.27218e+09 7.03251e+07 2.03093e+06 17 9 1.19553e+09 588.661 78.2222 2852.56
2.74049e+08 1.69479e+09 8.35813e+07 1.56299e+08 16 8 1.3373e+09 8.55605 110 3792.75
6.52129e+07 8.48285e+08 8.03151e+07 3.07226e+06 11 5 8.83466e+08 287.562 182.8 6530.23
2.83243e+08 1.54584e+09 8.6267e+07 8.69708e+07 16 7 1.38027e+09 15.8705 145.714 4254.12
1.91669e+08 1.73868e+09 9.27849e+07 1.00339e+08 12 8 1.11342e+09 11.0965 175.5 4180.55
1.90058e+08 1.50873e+09 8.73896e+07 7.90895e+07 17 8 1.48562e+09 18.7841 183.5 4198.47
4.32102e+08 1.5294e+09 9.19382e+07 3.43854e+08 15 6 1.37907e+09 4.01063 79.3333 4689.34
2.87354e+08 2.47807e+09 8.3958e+07 1.28971e+08 13 6 1.09145e+09 8.4628 397.5 5634.73
1.83671e+09 2.4497e+09 7.36368e+07 1.00142e+07 15 7 1.10455e+09 110.298 392.857 4122.64
1.82027e+08 1.79564e+09 8.33913e+07 2.21767e+06 17 9 1.41765e+09 639.253 139.556 3142.74
2.93824e+08 1.66233e+09 7.54369e+07 1.75564e+07 17 5 1.28243e+09 73.0462 234.8 6087.94
2.34345e+08 1.4793e+09 8.69231e+07 2.87994e+07 18 9 1.56462e+09 54.3281 73.5556 3654
1.79829e+08 1.58735e+09 7.45151e+07 5.67469e+06 14 6 1.04321e+09 183.836 389.333 5026.28
3.44404e+08 1.85096e+09 8.48642e+07 2.7264e+08 14 6 1.1881e+09 4.35775 423.333 6738.13
5.37944e+08 1.43009e+09 7.60596e+07 8.85116e+06 15 9 1.14089e+09 128.898 133.556 3196.09
3.24003e+08 1.68314e+09 8.59363e+07 2.29826e+08 13 6 1.11717e+09 4.86094 116.833 4310.58
1.12173e+08 6.96057e+08 7.96561e+07 6.14698e+06 17 8 1.35415e+09 220.296 144.875 3806.57
3.44943e+08 7.60942e+08 8.25479e+07 8.38919e+07 16 8 1.32077e+09 15.7437 334 4935.09
1.2705e+09 1.40443e+09 6.83092e+07 4.08921e+06 13 10 8.88019e+08 217.161 329.6 3449.55
3.34364e+08 1.99775e+09 8.48669e+07 2.07903e+08 15 7 1.273e+09 6.12305 173.714 4469.01
3.80775e+08 1.25869e+09 8.85266e+07 1.45918e+08 17 6 1.50495e+09 10.3137 86 5100.34
1.50192e+08 1.29832e+09 8.14164e+07 1.4414e+07 12 5 9.76997e+08 67.7812 287.2 6374.39
3.21034e+08 1.21667e+09 8.98607e+07 3.22918e+08 18 9 1.61749e+09 5.00898 93.5556 3679.74
1.9602e+08 1.50004e+09 8.51864e+07 3.13405e+07 15 8 1.2778e+09 40.7713 235.875 4763.31
1.70784e+08 9.72432e+08 8.88056e+07 5.80835e+07 13 8 1.15447e+09 19.8761 135.875 3740.55
1.35694e+08 9.46674e+08 7.68485e+07 6.76443e+06 14 7 1.07588e+09 159.049 194 3784.8
3.77475e+08 2.18922e+09 8.75612e+07 2.67135e+08 15 8 1.31342e+09 4.91669 182.875 3897.86
2.52851e+08 1.92999e+09 8.3592e+07 5.91845e+07 14 5 1.17029e+09 19.7736 209.2 5246.66
7.61318e+08 2.00824e+09 8.18519e+07 6.27559e+07 14 6 1.14593e+09 18.2601 197.333 4444.89
1.71044e+08 9.97018e+08 8.62128e+07 7.84645e+07 13 8 1.12077e+09 14.2837 61.875 3358.16
2.09389e+08 1.61518e+09 8.41108e+07 1.82731e+08 15 6 1.26166e+09 6.90446 154.833 4435.48
3.29985e+09 2.51535e+09 8.61502e+07 9.18365e+07 15 6 1.29225e+09 14.0712 146.833 4494.15
2.87242e+08 1.42822e+09 8.0187e+07 6.8919e+06 17 6 1.36318e+09 197.794 256.833 5270.08
1.93084e+09 2.06758e+09 8.75e+07 3.61037e+08 14 7 1.225e+09 3.393 187.429 4272.54
2.24036e+08 1.60925e+09 8.53834e+07 1.49059e+07 16 8 1.36613e+09 91.6505 66.875 3284.86
1.08187e+08 1.20634e+09 8.40313e+07 9.14102e+06 14 8 1.17644e+09 128.699 213.875 3621.94
7.37466e+07 1.08639e+09 8.39764e+07 6.43756e+07 13 7 1.09169e+09 16.9582 304.857 13923.1
5.3845e+09 3.4796e+09 7.3754e+07 1.00074e+07 15 8 1.10631e+09 110.55 127.875 3485.86
7.77827e+07 8.97354e+08 8.48642e+07 2.62205e+07 10 7 8.48642e+08 32.3656 219.714 5038.42
7.84411e+07 9.04662e+08 7.9935e+07 9.78046e+06 14 6 1.11909e+09 114.421 188.833 4933.25
8.90217e+07 9.69568e+08 8.95966e+07 2.96922e+07 12 7 1.07516e+09 36.2102 236 4785.71
4.18088e+08 1.78884e+09 8.54755e+07 1.80863e+08 13 5 1.11118e+09 6.14379 14.8 4718.2
2.99969e+08 1.20875e+09 8.92705e+07 1.8219e+08 15 6 1.33906e+09 7.34977 197.333 5307.31
3.49309e+08 1.45955e+09 8.66848e+07 1.69138e+07 17 8 1.47364e+09 87.1267 214 4351.96
1.37599e+08 1.24852e+09 8.22402e+07 5.39441e+07 17 7 1.39808e+09 25.9172 172 4319.66
2.05164e+08 1.26552e+09 8.97088e+07 9.40659e+06 13 9 1.16621e+09 123.978 230.889 4064.34
4.5481e+08 1.75612e+09 8.00662e+07 1.3309e+08 14 8 1.12093e+09 8.42232 162 3755.26
2.05375e+09 2.87031e+09 8.00569e+07 1.68806e+07 16 8 1.28091e+09 75.8807 205.875 3597
1.85946e+08 1.86244e+09 8.98071e+07 2.91032e+06 13 6 1.16749e+09 401.155 175.333 4699.24
1.90748e+08 1.40022e+09 8.70607e+07 1.74794e+08 16 6 1.39297e+09 7.96921 107.5 4351.21
6.39495e+08 1.24261e+09 7.95793e+07 883766 12 11 9.54952e+08 1080.55 250.727 3332.99
1.76534e+08 1.52378e+09 8.52769e+07 7.81489e+07 15 8 1.27915e+09 16.3682 124 3754.12
8.57632e+07 8.92502e+08 8.08606e+07 8.95039e+06 16 9 1.29377e+09 144.549 110 3260.18
1.04409e+09 1.79692e+09 8.30564e+07 1.64228e+08 15 8 1.24585e+09 7.58608 120 3774.53
2.91896e+08 1.37215e+09 8.6854e+07 1.46567e+08 17 9 1.47652e+09 10.074 80 2987.21
4.10709e+08 1.2689e+09 7.00529e+07 1.42445e+07 16 6 1.12085e+09 78.6865 322 5209.35
1.1828e+09 1.47947e+09 7.82919e+07 5.16605e+07 14 5 1.09609e+09 21.2171 156.8 5201.03
2.40779e+08 1.38707e+09 8.45597e+07 1.39664e+07 16 9 1.35296e+09 96.8721 94.2222 3561
2.66077e+09 2.16268e+09 8.19649e+07 1.11042e+08 15 5 1.22947e+09 11.0721 142.8 4761.58
3.26364e+09 2.4193e+09 8.04163e+07 2.27288e+08 16 7 1.28666e+09 5.66092 249.714 4824.8
2.28135e+09 2.35482e+09 8.16355e+07 2.66301e+06 13 8 1.06126e+09 398.52 175.5 3954.32
5.44344e+09 3.37679e+09 6.85653e+07 4.66265e+06 16 7 1.09704e+09 235.283 192 3498.6
2.7528e+08 1.56967e+09 8.63082e+07 7.44015e+07 19 7 1.63986e+09 22.0406 141.429 4465.16
1.63666e+08 1.40316e+09 8.16579e+07 2.04367e+07 14 7 1.14321e+09 55.9392 264.857 4865.31
1.52186e+08 1.10184e+09 8.6219e+07 1.02772e+08 13 6 1.12085e+09 10.9062 234.833 4698.81
1.48449e+09 1.92843e+09 8.02101e+07 0.158928 13 6 1.04273e+09 6.56102e+09 485.333 5328.91
1.27167e+08 1.40022e+09 8.80777e+07 1.17371e+08 15 9 1.32117e+09 11.2563 260 3987.38
3.09416e+08 1.3359e+09 8.46351e+07 7.80197e+06 19 7 1.60807e+09 206.11 43.4286 4263.82
1.89391e+08 1.3259e+09 8.47874e+07 1.94734e+08 13 6 1.10224e+09 5.66022 189.333 5117.44
2.70493e+08 1.07412e+09 8.62886e+07 5.61588e+07 18 6 1.55319e+09 27.6572 130.833 4845.92
1.27927e+08 2.05603e+09 7.60716e+07 1.40996e+08 12 5 9.12859e+08 6.47437 215.2 5157.33
1.99167e+08 1.0498e+09 8.15406e+07 2.04879e+07 18 8 1.46773e+09 71.6391 113.875 3803.27
1.96126e+08 1.47098e+09 8.84749e+07 1.29148e+07 17 7 1.50407e+09 116.461 123.429 4390.43
1.23673e+08 2.3637e+09 7.99787e+07 7.61744e+06 15 6 1.19968e+09 157.491 110.833 4648.66
5.54854e+08 1.87044e+09 7.02134e+07 1.28835e+06 14 7 9.82987e+08 762.98 214 3896.56
2.71274e+08 2.06971e+09 7.77727e+07 2.16519e+08 14 4 1.08882e+09 5.02873 139 14937.8
5.85852e+07 6.2384e+08 8.33866e+07 2.00699e+07 15 8 1.2508e+09 62.3222 79.875 3539.98
2.51981e+08 1.57648e+09 8.91054e+07 3.44987e+07 15 6 1.33658e+09 38.7429 191.333 5046.44
1.25984e+09 1.48178e+09 7.83922e+07 6.36654e+06 17 8 1.33267e+09 209.324 119.5 3469.89
4.6873e+09 3.11863e+09 7.1251e+07 1.86624e+06 16 10 1.14002e+09 610.861 110.1 2761.04
1.21784e+09 1.81696e+09 7.62034e+07 2.76469e+07 15 10 1.14305e+09 41.3446 226.9 3181.62
1.98114e+09 2.10488e+09 7.67106e+07 9.13745e+07 12 7 9.20527e+08 10.0742 99.4286 3311.73
2.23319e+08 1.34755e+09 8.90882e+07 8.5251e+07 13 9 1.15815e+09 13.5851 58.8889 2960.31
2.81593e+08 1.55999e+09 8.53119e+07 1.25278e+07 19 8 1.62093e+09 129.386 125.875 4240.22
1.85401e+08 1.29961e+09 8.45996e+07 1.77395e+08 16 6 1.35359e+09 7.63042 164 116915
7.46765e+07 8.31138e+08 8.92732e+07 5.88891e+07 10 5 8.92732e+08 15.1595 218.8 4847.59
1.24265e+08 1.86652e+09 9.00892e+07 9.80476e+07 12 8 1.08107e+09 11.026 259.5 4150.33
9.55344e+07 9.83338e+08 7.88294e+07 3.66844e+07 18 7 1.41893e+09 38.6794 111.714 4075.52
2.4019e+08 1.63976e+09 8.8778e+07 1.4945e+08 12 5 1.06534e+09 7.12838 38 4253.64
2.76075e+08 1.40866e+09 8.84318e+07 3.48076e+07 18 8 1.59177e+09 45.7306 207.875 4434.59
4.16644e+09 3.33447e+09 5.26419e+07 214595 13 10 6.84345e+08 3189.01 196.9 2771.95
2.29869e+08 1.26196e+09 8.46113e+07 1.59423e+08 12 6 1.01534e+09 6.36883 193.333 4947.49
5.6008e+09 3.15181e+09 8.42898e+07 1.22547e+08 13 6 1.09577e+09 8.94159 347.333 6267.34
1.61664e+08 1.08799e+09 8.50692e+07 2.82758e+07 15 9 1.27604e+09 45.1283 114.222 3172.38
1.43709e+08 1.74516e+09 8.44302e+07 1.34287e+08 15 9 1.26645e+09 9.43092 127.556 3623.27
6.01153e+08 2.86801e+09 8.82878e+07 4.35809e+08 11 5 9.71166e+08 2.22842 222.8 6365.03
1.91342e+08 9.26709e+08 8.65335e+07 4.02761e+07 15 6 1.298e+09 32.2276 136 4188.13
2.06039e+08 1.57051e+09 8.13698e+07 1.75003e+07 16 9 1.30192e+09 74.3938 216 3186.57
2.08461e+08 8.5107e+08 7.7161e+07 2.48541e+07 18 6 1.3889e+09 55.8822 137.333 4431.42
1.32456e+09 2.12436e+09 7.32146e+07 3.65185e+06 17 9 1.24465e+09 340.827 182.222 3619.98
2.39475e+08 1.30843e+09 8.96851e+07 5.71966e+07 14 5 1.25559e+09 21.9522 192.8 6005.2
1.05801e+08 1.56035e+09 8.45266e+07 2.53236e+07 11 6 9.29792e+08 36.7164 207.333 15114.1
1.39279e+09 1.43994e+09 7.70181e+07 6.40228e+06 15 7 1.15527e+09 180.447 351.429 4961.51
1.12671e+08 1.26808e+09 8.65692e+07 3.25463e+07 13 8 1.1254e+09 34.5784 231.875 4228.68
1.91325e+08 5.39849e+08 9.84947e+07 4.32887e+08 13 7 1.28043e+09 2.95789 154.857 3240.4
7.30982e+08 1.35777e+09 7.54886e+07 4.56495e+07 17 7 1.28331e+09 28.1122 151.714 4132.51
4.5841e+08 1.93345e+09 8.39706e+07 2.31113e+08 16 8 1.34353e+09 5.81331 152 3836.34
1.95032e+09 1.67973e+09 8.43078e+07 1.25871e+08 15 6 1.26462e+09 10.0469 214 4809.15
4.64552e+08 2.45046e+09 8.09455e+07 1.26208e+08 16 5 1.29513e+09 10.2618 365.2 7117.84
1.17061e+08 9.91136e+08 8.09843e+07 1.58376e+07 13 7 1.0528e+09 66.4746 358.857 6925.53
9.59014e+07 1.48547e+09 8.52835e+07 8.63819e+06 12 6 1.0234e+09 118.474 170.833 4911.66
2.51448e+09 1.92777e+09 7.16903e+07 68482.5 16 9 1.14704e+09 16749.5 153.556 3387.15
1.85404e+08 1.42553e+09 9.0189e+07 1.23258e+08 12 6 1.08227e+09 8.78053 209.5 5474.79
2.4098e+09 2.21783e+09 8.02396e+07 6.55814e+07 15 9 1.20359e+09 18.3527 230.889 3699.96
1.20307e+09 1.75023e+09 7.91017e+07 4.92552e+07 17 6 1.34473e+09 27.3013 153.333 5354.67
1.91893e+08 1.04488e+09 8.27326e+07 7.56406e+06 16 8 1.32372e+09 175.002 122 3622.18
3.40104e+08 2.57166e+09 7.56496e+07 1.26874e+07 15 8 1.13474e+09 89.4384 267.5 3968.62
2.86275e+08 2.02951e+09 8.62919e+07 5.9953e+07 16 5 1.38067e+09 23.0292 9.2 4841.31
7.58975e+08 2.23482e+09 8.38359e+07 3.46589e+07 16 8 1.34137e+09 38.7022 121.875 3652.35
8.06108e+07 7.33267e+08 8.52822e+07 1.14005e+07 15 7 1.27923e+09 112.208 205.714 3978.42
3.61784e+08 1.344e+09 8.88933e+07 9.36069e+07 18 8 1.60008e+09 17.0936 79.875 3744.1
7.82431e+07 1.11316e+09 7.25793e+07 1.88247e+06 13 9 9.4353e+08 501.22 138 3042.64
8.79227e+07 7.16304e+08 8.99054e+07 6.88283e+06 13 5 1.16877e+09 169.81 180.8 5441
3.16571e+08 1.8147e+09 8.89227e+07 1.3867e+08 16 8 1.42276e+09 10.2601 77.875 3881.71
2.78208e+08 2.73296e+09 8.06615e+07 1.91351e+07 17 8 1.37125e+09 71.6614 157.875 4108.31
5.96998e+16 0 6.30253e+07 2.36271e+15 13 7 8.19329e+08 3.46775e-07 99.7143 3906.64
3.8777e+08 2.35087e+09 7.68421e+07 6.28081e+07 16 7 1.22947e+09 19.5751 250.857 3953.82
2.79607e+08 1.55241e+09 9.30573e+07 5.20152e+07 13 9 1.20974e+09 23.2575 238 3706.58
2.00847e+08 1.60769e+09 8.76997e+07 2.9646e+07 16 7 1.40319e+09 47.3316 70.8571 3682.69
3.09316e+08 1.77845e+09 9.04768e+07 2.00077e+08 13 6 1.1762e+09 5.87873 171.333 4595.17
2.58149e+08 1.47917e+09 7.46872e+07 9.92895e+06 12 5 8.96246e+08 90.2659 510.8 15611.1
1.94707e+08 9.12514e+08 7.5619e+07 4.77347e+06 16 8 1.2099e+09 253.464 183.5 3700.14
6.18043e+07 1.62992e+09 7.98152e+07 8.80176e+06 14 7 1.11741e+09 126.953 73.7143 2766.76
3.57071e+08 1.81649e+09 8.87047e+07 2.53282e+08 12 5 1.06446e+09 4.20265 125.2 5398.52
1.39262e+08 1.12746e+09 8.08245e+07 1.02297e+08 13 6 1.05072e+09 10.2713 207.5 4979.7
4.32695e+08 3.18555e+09 8.05591e+07 1.88677e+08 10 5 8.05591e+08 4.26968 208 5548.08
3.27323e+08 1.22124e+09 8.47071e+07 3.63421e+07 15 6 1.27061e+09 34.9624 178.833 4099.85
5.03351e+08 1.66233e+09 7.07782e+07 1.30352e+07 14 8 9.90895e+08 76.017 168.875 3323.89
8.50191e+08 1.39587e+09 8.21148e+07 3.91927e+06 13 8 1.06749e+09 272.37 129.875 2908.55
9.13995e+08 1.61923e+09 8.10829e+07 1.26049e+08 19 7 1.54058e+09 12.222 278 4757.97
1.55209e+08 1.81143e+09 8.04375e+07 1.51413e+08 13 5 1.04569e+09 6.90619 470.8 7147.97
1.70104e+08 1.17198e+09 8.54952e+07 8.0825e+06 15 7 1.28243e+09 158.667 177.429 4056.83
4.48491e+09 2.80814e+09 8.40954e+07 9.2494e+07 16 6 1.34553e+09 14.5472 129.333 4277.05
8.73801e+08 1.44417e+09 8.2602e+07 3.74328e+07 17 7 1.40423e+09 37.5134 173.429 4284.33
6.21772e+08 2.52332e+09 7.61919e+07 7.93006e+07 13 7 9.90495e+08 12.4904 258 12542.2
9.62287e+08 1.68179e+09 8.38858e+07 1.36785e+08 16 8 1.34217e+09 9.81226 129.5 3658.28
1.75025e+08 1.2769e+09 8.88928e+07 3.80426e+07 16 6 1.42228e+09 37.3867 152.833 4878.12
1.18929e+08 7.423e+08 8.52716e+07 1.77946e+07 15 5 1.27907e+09 71.8797 215.2 5741.84
2.97684e+08 1.45278e+09 9.1311e+07 1.68456e+08 14 8 1.27835e+09 7.58867 225.875 4356.64
1.27847e+09 2.14903e+09 8.29872e+07 1.70125e+08 15 10 1.24481e+09 7.31703 104 3006.28
1.28133e+09 1.72628e+09 8.23996e+07 2.88603e+07 14 7 1.15359e+09 39.9717 198.857 4744.54
2.07684e+08 1.05653e+09 8.02088e+07 9.74851e+07 14 5 1.12292e+09 11.5189 250 119149
1.74867e+09 2.76224e+09 7.57721e+07 4.79324e+08 15 7 1.13658e+09 2.37122 169.714 3965.86
4.41598e+09 3.35005e+09 8.40655e+07 1.582e+08 12 7 1.00879e+09 6.37665 197.429 3788.17
2.87841e+08 1.63942e+09 8.87598e+07 2.34723e+08 11 5 9.76358e+08 4.15961 72.8 5422.27
7.12635e+08 1.50831e+09 8.38077e+07 1.8554e+08 11 7 9.21885e+08 4.96867 379.429 6911.12
1.24486e+09 1.59301e+09 8.08257e+07 5.47758e+06 16 7 1.29321e+09 236.092 145.429 4004.75
