2.94332e+08 1.20856e+09 8.43983e+07 1.80497e+08 18 7 1.51917e+09 8.41659 150.857 4645.16
3.86746e+08 1.49905e+09 7.88453e+07 2.83327e+08 14 4 1.10383e+09 3.89597 364.75 16074.2
2.68089e+09 2.1917e+09 7.87007e+07 8.14824e+07 12 5 9.44409e+08 11.5903 157.2 6397.8
3.48226e+08 2.17798e+09 8.45225e+07 2.18757e+08 18 5 1.52141e+09 6.95478 8.8 4865.52
3.97494e+07 1.40729e+09 8.21372e+07 5.80881e+06 14 5 1.14992e+09 197.962 154.8 5994.73
1.99717e+08 1.14621e+09 8.79279e+07 2.70229e+07 14 4 1.23099e+09 45.5535 35 5591.89
2.66623e+08 1.83908e+09 8.87274e+07 4.02958e+07 15 7 1.33091e+09 33.0285 91.7143 4230.74
1.48988e+08 1.01144e+09 8.88778e+07 1.0423e+08 12 5 1.06653e+09 10.2325 281.2 5413.81
3.9774e+08 2.05885e+09 8.5029e+07 1.50953e+07 16 6 1.36046e+09 90.1247 90.8333 4467.92
2.14691e+08 1.64265e+09 8.07871e+07 1.26626e+08 11 4 8.88658e+08 7.01798 145 6696.28
3.02829e+08 1.3581e+09 8.70842e+07 1.96236e+08 17 5 1.48043e+09 7.54413 35.2 5109.77
1.2031e+08 2.17292e+09 8.15602e+07 1.04557e+07 15 6 1.2234e+09 117.009 304 5395.69
1.95483e+08 1.10909e+09 8.65507e+07 9.23353e+06 13 4 1.12516e+09 121.856 110.75 7259.77
9.22428e+08 8.85983e+08 8.24452e+07 8.23157e+06 14 5 1.15423e+09 140.22 321.2 7136.63
