1.15645e+18 0 2.28967e+06 1.38774e+19 9 12 2.0607e+07 1.48493e-12 42.25 129810
1.04409e+09 2.8678e+09 7.30731e+07 1.82425e+07 8 16 5.84585e+08 32.0453 105.75 82162.7
2.75459e+07 5.11447e+08 7.73562e+07 794205 8 15 6.1885e+08 779.207 49.7333 95111.4
7.66199e+09 7.47208e+09 6.63246e+07 3.92194e+07 13 11 8.6222e+08 21.9845 144 95034.4
2.19311e+09 2.91446e+09 5.41751e+07 4.32882e+06 11 14 5.95927e+08 137.665 31.2143 111056
2.21008e+09 2.29646e+09 5.53571e+07 7.09533e+06 14 9 7.75e+08 109.227 114.222 127456
2.43959e+09 2.74122e+09 8.17625e+07 1.06052e+08 15 9 1.22644e+09 11.5644 116 252632
3.46134e+09 5.20231e+09 5.2309e+07 6.6046e+06 11 16 5.75399e+08 87.121 47.9375 82215.3
3.35913e+12 0 8.33333e+06 5.71052e+13 3 17 2.5e+07 4.37788e-07 39.0588 38569.8
0 0 0 0 0 0 0 0 0 0
2.55739e+09 5.43836e+09 7.04029e+07 8.79688e+07 9 16 6.33626e+08 7.20285 69.4375 92601.9
1.86103e+09 1.86103e+10 2.31629e+07 509758 2 20 4.63259e+07 90.8782 18.8 5854.32
1.06802e+08 1.39524e+09 8.31542e+07 1.73096e+07 11 12 9.14696e+08 52.8434 59.6667 241085
1.21715e+09 3.64487e+09 6.36182e+07 832752 6 17 3.81709e+08 458.371 57.5294 39069.5
6.62979e+07 1.21985e+09 6.84334e+07 6.07108e+06 14 9 9.58067e+08 157.808 180.889 208153
8.18996e+08 1.92539e+09 7.32428e+07 7.60461e+06 10 13 7.32428e+08 96.3137 167.692 108267
1.4281e+08 1.9967e+09 8.71761e+07 4.82096e+07 9 14 7.84585e+08 16.2744 119.214 119824
2.51138e+09 7.64819e+09 4.373e+07 5.14315e+06 6 18 2.6238e+08 51.0154 38.4444 49741.4
3.26714e+09 3.69147e+09 6.5615e+07 2.06441e+07 16 11 1.04984e+09 50.8543 66.7273 167885
2.54475e+09 9.9714e+09 4.83546e+07 531598 5 19 2.41773e+08 454.805 48.7368 48964.7
6.9056e+07 1.1449e+09 7.42812e+07 1.37608e+07 10 14 7.42812e+08 53.9804 41.7143 102952
1.51297e+18 0 2.88795e+07 1.80404e+17 7 13 2.02157e+08 1.12057e-09 55.0769 91964.6
4.457e+09 5.86868e+09 7.28062e+07 7.74421e+06 15 12 1.09209e+09 141.021 112 192961
1.69313e+09 8.63221e+09 6.14018e+07 743145 4 19 2.45607e+08 330.497 8.42105 17190.1
9348.41 93484.1 2.5e+07 55891.8 2 20 5e+07 894.586 7.8 8239.69
1.02468e+09 1.02468e+10 2.28035e+07 50721.9 2 20 4.5607e+07 899.158 18.95 10253.3
2.99159e+09 4.56442e+09 8.43881e+07 2.8445e+08 13 14 1.09704e+09 3.85673 72.9286 218619
1.46272e+09 2.3888e+09 8.27353e+07 3.27958e+07 13 11 1.07556e+09 32.7956 113.636 213447
7.65691e+08 1.54543e+09 7.76058e+07 3.35146e+07 16 11 1.24169e+09 37.0493 138.182 268710
1.30523e+09 1.97767e+09 6.7797e+07 1.02416e+07 11 14 7.45767e+08 72.8173 67.7143 148366
1.65986e+09 5.35457e+09 4.59265e+07 540248 6 17 2.75559e+08 510.061 14.9412 58217.4
1.38783e+09 6.59797e+09 4.375e+07 317754 4 19 1.75e+08 550.741 25.7895 20648.3
9.71576e+07 1.69252e+09 8.56097e+07 6.612e+06 12 10 1.02732e+09 155.371 234.5 301113
1.12291e+08 1.62444e+09 8.14075e+07 1.24483e+06 9 15 7.32668e+08 588.566 123.733 107570
4.17568e+09 3.63573e+09 7.85144e+07 2.73094e+07 17 10 1.33474e+09 48.8749 67.6 255785
2.64823e+13 0 3.125e+06 3.70752e+14 8 14 2.5e+07 6.74305e-08 19.2143 104434
1.92447e+09 2.83522e+09 8.11379e+07 6.21001e+07 13 11 1.05479e+09 16.9854 116.182 205288
4.9073e+08 1.40826e+09 7.6641e+07 3.04023e+06 11 10 8.43051e+08 277.299 116.9 160544
1.50004e+08 1.59495e+09 7.95963e+07 6.36628e+06 11 9 8.75559e+08 137.531 152.889 302518
9.20981e+06 1.13128e+08 6.46565e+07 507824 6 18 3.87939e+08 763.925 66.4444 95571.4
3.11928e+09 3.11928e+10 2.12859e+07 2.9293e+10 2 20 4.25719e+07 0.00145331 25.75 7845.15
1.2479e+09 2.34564e+09 7.91773e+07 1.79687e+08 10 13 7.91773e+08 4.40641 91.6923 77004.4
1.49001e+13 0 2.5e+06 1.78802e+14 10 12 2.5e+07 1.3982e-07 117.667 197115
1.11124e+08 1.15724e+09 7.99521e+07 1.8532e+06 13 12 1.03938e+09 560.855 166.917 137110
1.35846e+09 2.76445e+09 8.2766e+07 2.35324e+08 13 14 1.07596e+09 4.57225 88.9286 121029
1.23051e+18 0 3.13784e+06 1.96882e+19 7 16 2.19649e+07 1.11563e-12 49.75 86054.2
1.45608e+12 0 2.5e+06 2.32973e+13 10 16 2.5e+07 1.07308e-06 19 65369.8
4.94087e+08 1.00228e+09 8.17742e+07 3.33081e+07 16 11 1.30839e+09 39.2813 105.636 170128
2.71569e+07 6.63132e+08 7.25e+07 6.68178e+07 10 14 7.25e+08 10.8504 88.8571 116376
1.8423e+18 0 3.85703e+07 3.00659e+17 10 11 3.85703e+08 1.28286e-09 16.1818 173532
3.25101e+06 6.45996e+07 7.80218e+07 7.37246e+06 6 17 4.68131e+08 63.4972 118.235 24141.7
1.53202e+08 1.33513e+09 8.52465e+07 7.37349e+06 14 9 1.19345e+09 161.857 72.8889 223785
1.62877e+08 1.62838e+09 8.19169e+07 2.1511e+07 10 15 8.19169e+08 38.0814 94.9333 72427.5
8.70985e+08 2.83726e+09 6.8943e+07 498297 6 17 4.13658e+08 830.143 18.4706 69409
9.88527e+07 1.46264e+09 6.5645e+07 72111.7 8 13 5.2516e+08 7282.58 142.769 90587.6
1.82994e+09 2.10245e+09 7.64719e+07 1.87238e+07 14 9 1.07061e+09 57.179 134 249267
7.01616e+09 9.45843e+09 6.02037e+07 8.51567e+07 12 15 7.22444e+08 8.4837 113.6 153237
7.19477e+08 1.68478e+09 7.78488e+07 1.3814e+07 12 13 9.34185e+08 67.6261 85.6923 108810
23979.9 159866 2.5e+07 126848 3 20 7.5e+07 591.26 47 10621.6
2.1823e+08 1.38291e+09 8.03834e+07 2.5162e+07 15 10 1.20575e+09 47.9196 86.9 253163
3.84572e+16 0 6.64537e+07 3.55212e+14 8 13 5.31629e+08 1.49665e-06 98.9231 140335
4.11282e+09 5.55273e+09 7.30032e+07 1.19126e+07 18 10 1.31406e+09 110.308 106.9 344720
9.12573e+08 1.59198e+09 8.27353e+07 3.18153e+07 13 11 1.07556e+09 33.8063 84.7273 176347
4.38161e+08 1.22108e+09 7.53395e+07 2.20453e+06 16 11 1.20543e+09 546.798 126.545 175655
1.12355e+09 2.35396e+09 7.67644e+07 1.29032e+07 11 13 8.44409e+08 65.4417 148.769 115869
4.95468e+08 9.01518e+08 6.48448e+07 8.24808e+06 14 12 9.07827e+08 110.065 310.25 155963
2.11391e+08 1.52651e+09 8.03568e+07 2.82523e+07 15 12 1.20535e+09 42.6638 85.6667 168372
8.32727e+17 0 4.32907e+06 1.16582e+19 5 14 2.16454e+07 1.85667e-12 37.2143 88558.7
15514.4 155144 2.5e+07 42327.1 2 20 5e+07 1181.28 19.8 7400.57
1.61337e+18 0 1.73541e+07 2.61667e+17 11 12 1.90895e+08 7.29533e-10 26.9167 110680
2.94574e+08 1.4796e+09 7.29553e+07 2.56086e+08 5 18 3.64776e+08 1.42443 64.5 41766.6
5.54163e+17 0 2.22045e+06 7.20412e+18 10 13 2.22045e+07 3.08219e-12 57.2308 121057
4.41029e+09 5.90479e+09 6.43104e+07 1.28529e+06 12 14 7.71725e+08 600.43 69.4286 106828
6.8174e+16 0 5.62591e+07 2.56447e+15 11 11 6.1885e+08 2.41317e-07 56.9091 163378
2.11134e+09 2.54192e+09 8.17412e+07 5.22091e+07 15 11 1.22612e+09 23.4848 122.545 200501
3.58972e+09 8.10929e+09 7.07668e+07 1.3089e+07 8 17 5.66134e+08 43.2526 46.2353 71153.3
3.25943e+09 2.17296e+10 2.24175e+07 115757 3 20 6.72524e+07 580.978 46.2 7919.96
1.10524e+09 1.2691e+09 7.93554e+07 2.82982e+07 17 10 1.34904e+09 47.6723 73.6 146027
5.76594e+07 1.0039e+09 8.41254e+07 3.26628e+07 8 14 6.73003e+08 20.6046 160 134958
1.4904e+09 9.43921e+09 2.36688e+07 53660.9 3 19 7.10064e+07 1323.24 21.1579 28364.8
3.08886e+09 4.47627e+09 7.30758e+07 1.66224e+06 11 13 8.03834e+08 483.585 178.769 184879
1.06615e+07 4.74244e+08 7.13791e+07 6.41036e+06 6 16 4.28275e+08 66.8097 69.75 52950.7
1.3036e+08 1.42579e+09 8.26624e+07 1.98595e+07 15 12 1.23994e+09 62.4353 192.667 165115
1.49145e+08 1.84977e+09 8.73003e+07 3.26298e+07 10 15 8.73003e+08 26.7548 141.733 97290.8
3.16723e+09 4.15939e+09 7.17252e+07 8.69749e+06 12 11 8.60703e+08 98.9599 26.9091 162589
1.62626e+13 0 2.2832e+07 1.38e+14 7 16 1.59824e+08 1.15814e-06 27.9375 56752.1
1.61167e+09 3.01122e+09 8.40484e+07 7.6632e+07 14 12 1.17668e+09 15.3549 178.667 154522
2.82759e+09 4.88064e+09 7.29832e+07 1.36878e+06 12 15 8.75799e+08 639.839 96 104364
8.58385e+08 1.58754e+09 6.63791e+07 1.91554e+07 15 13 9.95687e+08 51.9793 164.923 110341
9.79516e+07 1.2522e+09 7.77229e+07 1.40236e+07 11 13 8.54952e+08 60.9653 42.7692 138276
1.02493e+09 2.16275e+09 5.9416e+07 1.18546e+07 9 14 5.34744e+08 45.1085 50 101690
4.19402e+09 2.77043e+09 7.93178e+07 1.05699e+08 17 8 1.3484e+09 12.757 61.875 239879
3.45704e+09 3.36958e+09 6.61953e+07 6.11856e+06 17 11 1.12532e+09 183.919 42.9091 169415
1.20451e+07 2.4328e+08 7.37859e+07 572229 5 18 3.6893e+08 644.724 92.5 49942.5
3.30802e+09 7.27891e+09 5.91283e+07 1.33335e+08 7 15 4.13898e+08 3.10418 46.4 114284
2.87884e+09 4.38608e+09 5.59904e+07 6.44826e+06 11 15 6.15895e+08 95.5134 23.7333 100597
1.27558e+09 2.43032e+09 5.73918e+07 1.05413e+06 11 16 6.3131e+08 598.893 36.9375 94440.5
8.77092e+07 5.84728e+08 2.38818e+07 56578.4 3 20 7.16454e+07 1266.3 13.8 7364.09
7.51299e+12 0 3.125e+06 1.05182e+14 8 14 2.5e+07 2.37683e-07 18.9286 115447
1.01613e+08 1.53727e+09 8.20643e+07 1.65479e+06 9 16 7.38578e+08 446.327 107.938 97217.9
5.172e+08 1.42758e+09 7.37835e+07 1.47469e+07 13 13 9.59185e+08 65.043 86 162913
4.20832e+07 1.19474e+09 7.85304e+07 936896 5 17 3.92652e+08 419.099 52 37126.8
8.40104e+08 2.59671e+09 7.48303e+07 1.63985e+08 8 16 5.98642e+08 3.6506 62 81226.6
6.06387e+08 1.92703e+09 8.01682e+07 3.92425e+07 17 11 1.36286e+09 34.7292 200.909 200163
5.70619e+08 3.50767e+09 4.94941e+07 5.26459e+06 3 18 1.48482e+08 28.204 37.7778 21576.9
6.6136e+07 8.23017e+08 6.89588e+07 4.88917e+06 11 13 7.58546e+08 155.148 112.923 136125
1.01937e+08 1.66393e+09 8.33067e+07 1.323e+08 12 9 9.99681e+08 7.55617 226 142173
1.15005e+09 3.4892e+09 6.2713e+07 2.18853e+07 6 18 3.76278e+08 17.1932 21.7778 35334.6
3.37113e+09 6.27596e+09 5.41267e+07 2.50167e+06 12 14 6.49521e+08 259.635 100.357 101058
2.29947e+09 3.50607e+09 6.95195e+07 2.14474e+06 13 14 9.03754e+08 421.382 91.2143 113542
1.00804e+09 1.97293e+09 7.89776e+07 3.1737e+06 15 9 1.18466e+09 373.276 156 199335
1.55281e+09 3.5076e+09 7.47822e+07 1.5722e+06 11 15 8.22604e+08 523.218 84.4 116832
2.91578e+08 1.00242e+09 6.78729e+07 5.79376e+06 13 11 8.82348e+08 152.293 204.545 79699.4
9.25648e+07 1.34454e+09 8.41454e+07 2.23106e+07 12 13 1.00974e+09 45.2586 106.923 78484.9
1.14456e+18 0 2.71565e+06 1.94575e+19 8 17 2.17252e+07 1.11655e-12 8.23529 71588.1
9.36811e+08 2.79558e+10 8.13818e+07 3.8212e+08 10 13 8.13818e+08 2.12974 234.308 94095.5
2.30882e+09 3.85318e+09 7.2691e+07 1.71319e+07 11 15 7.99601e+08 46.6732 93.7333 109691
4.33921e+12 0 4.16667e+06 7.37666e+13 6 17 2.5e+07 3.38907e-07 31.8824 30032.5
2.48672e+09 1.65781e+10 2.26305e+07 381967 3 20 6.78914e+07 177.742 23.8 7813.22
1.1617e+09 3.66074e+09 7.62551e+07 2.55488e+08 7 17 5.33786e+08 2.08928 108.118 59278.1
2.50727e+08 1.26633e+09 6.79313e+07 1.30304e+06 14 13 9.51038e+08 729.862 211.692 178772
1.87526e+09 3.39232e+09 6.38658e+07 7.87447e+06 10 14 6.38658e+08 81.1049 103.214 90904.8
2.12963e+08 1.95238e+09 8.62969e+07 2.08023e+07 16 8 1.38075e+09 66.3751 157.875 197293
4.01632e+07 1.10259e+09 8.10703e+07 8.9089e+06 12 11 9.72843e+08 109.199 78.7273 157419
1.24714e+18 0 3.16194e+07 3.94192e+14 8 12 2.52955e+08 6.41706e-07 26.9167 162322
1.89314e+09 2.33774e+09 7.52263e+07 8.25465e+06 12 12 9.02716e+08 109.358 63.6667 87809.7
9.61849e+08 3.31926e+09 6.5189e+07 1.2442e+06 6 18 3.91134e+08 314.366 25.1111 24647.9
1.28864e+09 2.38334e+09 7.95288e+07 4.47566e+07 10 12 7.95288e+08 17.7692 88.9167 137111
4.00164e+09 9.35463e+09 5.23049e+07 480374 7 16 3.66134e+08 762.185 35 43623.4
1.21059e+08 1.18206e+09 7.63692e+07 1.77108e+07 14 10 1.06917e+09 60.3683 152.9 131251
1.0243e+08 1.42481e+09 8.27902e+07 2.06928e+07 15 9 1.24185e+09 60.0137 109.556 265886
2.79999e+09 3.73681e+09 6.31856e+07 2.29011e+07 12 13 7.58227e+08 33.1087 154.769 122758
1.05138e+18 0 3.77225e+07 2.54574e+17 7 8 2.64058e+08 1.03725e-09 48.875 390211
29946.8 598936 2.5e+07 598936 1 20 2.5e+07 41.7407 22.55 9873.69
8.28362e+07 1.38606e+09 8.0024e+07 1.85165e+06 10 15 8.0024e+08 432.177 57.3333 88258.1
7.80055e+08 2.01774e+09 8.07029e+07 8.86535e+07 15 10 1.21054e+09 13.6548 147.6 290568
2.03652e+08 1.54009e+09 8.29587e+07 1.86952e+07 14 13 1.16142e+09 62.124 141.231 97121
1.16647e+09 1.85164e+09 7.55538e+07 7.6897e+07 15 11 1.13331e+09 14.738 150.545 186410
1.45339e+09 3.13382e+09 8.07863e+07 1.77364e+08 9 15 7.27077e+08 4.09936 80.9333 104016
2.52558e+09 2.52558e+10 2.10064e+07 2.45444e+10 2 20 4.20128e+07 0.00171171 20.95 7474.73
3.72248e+09 4.83767e+09 6.98083e+07 1.03723e+07 12 13 8.377e+08 80.7632 114.769 92055.5
1.15086e+12 0 6.25e+06 2.07155e+13 4 18 2.5e+07 1.20683e-06 13.7778 34474.9
9.65255e+07 1.0268e+09 8.2465e+07 4.84735e+06 13 14 1.07204e+09 221.161 137.714 134934
9.68581e+17 0 2.14767e+07 2.64817e+17 9 15 1.93291e+08 7.29902e-10 31.7333 111427
1.21477e+18 0 3.0922e+06 1.94363e+19 7 16 2.16454e+07 1.11366e-12 9.75 100361
1.87771e+07 3.62041e+08 7.03104e+07 496320 7 17 4.92173e+08 991.643 33.5294 55608.4
3.2848e+08 1.74668e+09 7.29233e+07 6.04033e+07 6 16 4.3754e+08 7.24365 136 50148.8
1.25402e+08 1.18723e+09 8.44449e+07 1.5673e+06 12 12 1.01334e+09 646.551 140 172659
3.77849e+13 0 2.65043e+07 2.97958e+14 6 14 1.59026e+08 5.33718e-07 75.4286 98275.2
2.24445e+09 3.6587e+09 7.43876e+07 1.25146e+07 9 12 6.69489e+08 53.4965 46.9167 144180
6.67431e+09 9.62065e+09 4.84824e+07 8.69351e+06 11 15 5.33307e+08 61.3454 35.3333 74973
6.85614e+08 3.22791e+09 4.75879e+07 409102 10 12 4.75879e+08 1163.23 84.25 101086
1.37957e+09 1.37957e+10 2.15655e+07 1.36911e+10 2 20 4.3131e+07 0.0031503 14.55 8546.14
8.01428e+08 8.01428e+09 2.28035e+07 85019.9 2 20 4.5607e+07 536.428 7.2 10876.4
6127.35 40849 2.5e+07 40366 3 20 7.5e+07 1858 26.55 13054.2
2.52197e+07 1.33229e+09 6.95088e+07 7.56268e+06 12 11 8.34105e+08 110.292 128 108968
5.5344e+06 1.7631e+08 8.54832e+07 1.56022e+07 4 18 3.41933e+08 21.9157 58.4444 39780.3
4.70255e+08 1.48736e+09 6.07428e+07 9.55689e+06 8 16 4.85942e+08 50.8473 137.75 99234.5
4.08194e+08 1.84838e+09 4.59379e+07 436749 7 14 3.21565e+08 736.27 98.8571 76141
7.61547e+08 2.59324e+09 6.53621e+07 1.16604e+06 6 18 3.92173e+08 336.329 38 39492.6
1.82127e+09 8.78656e+09 5.4972e+07 596042 4 19 2.19888e+08 368.914 15.7895 20536.2
2.25395e+09 1.0814e+10 5.28754e+07 1.18782e+08 4 19 2.11502e+08 1.78059 53.1579 16533.8
1.3017e+09 9.14025e+09 7.15655e+07 8.75681e+07 3 18 2.14696e+08 2.45176 81.1111 20148.1
2.52102e+09 3.89969e+09 7.49002e+07 128967 12 14 8.98802e+08 6969.23 78 102637
6.18847e+09 4.86844e+09 6.42279e+07 2.18619e+06 15 11 9.63419e+08 440.683 110.909 129261
4.97232e+08 3.31488e+09 2.35357e+07 174484 3 20 7.0607e+07 404.662 12.95 8257.61
3.18026e+09 1.43549e+10 5.41534e+07 3.57401e+07 4 18 2.16613e+08 6.0608 25.6111 34071.3
1.64008e+08 1.4782e+09 8.31257e+07 2.1355e+07 15 10 1.24688e+09 58.3884 118.4 185422
3.20091e+09 1.21273e+10 5.40735e+07 8.5888e+08 5 17 2.70367e+08 0.314791 67.7647 45619.8
1.72138e+09 3.70744e+09 8.07153e+07 3.57735e+07 9 16 7.26438e+08 20.3066 49.9375 58627.3
1.36345e+12 0 8.33333e+06 2.31787e+13 3 17 2.5e+07 1.07858e-06 39.8824 35348.1
1.35725e+09 1.74878e+09 7.76508e+07 5.00867e+07 16 7 1.24241e+09 24.8052 126.857 247761
6.36502e+08 1.1856e+09 8.28774e+07 2.33717e+07 16 8 1.32604e+09 56.737 136.875 250356
2.36104e+09 2.24299e+10 2.14058e+07 2.00471e+10 2 19 4.28115e+07 0.00213555 17.1579 22018.5
1.42902e+08 1.09771e+09 8.51609e+07 2.08807e+07 14 11 1.19225e+09 57.0984 110.182 184633
1.10632e+18 0 2.09265e+06 1.32759e+19 10 12 2.09265e+07 1.57628e-12 19.6667 159141
3.94884e+08 1.28038e+09 6.28957e+07 988827 11 13 6.91853e+08 699.671 97.2308 178738
6.92138e+07 1.44342e+09 6.19808e+07 4.95889e+06 13 12 8.05751e+08 162.486 59 132937
2.75851e+08 8.12855e+08 7.07934e+07 2.59627e+07 6 17 4.2476e+08 16.3604 51.8824 34186.1
2.12253e+08 2.37449e+09 6.32131e+07 6.0747e+06 14 12 8.84984e+08 145.684 120.25 164075
1.57541e+09 3.12866e+09 8.28928e+07 1.2672e+07 11 14 9.11821e+08 71.9555 96.9286 140115
1.53134e+09 3.22296e+09 7.89759e+07 1.98949e+07 9 15 7.10783e+08 35.7269 7.73333 85904.1
1.43394e+09 1.43394e+10 2.08866e+07 1.4333e+10 2 20 4.17732e+07 0.00291447 36.8 9583.51
2.88387e+08 1.06965e+09 6.66773e+07 9.70309e+06 10 12 6.66773e+08 68.7176 84.9167 127841
8.7535e+08 1.7507e+10 2.18051e+07 1.7507e+10 1 20 2.18051e+07 0.00124551 17.2 7245.6
4.39271e+09 6.33252e+09 6.87567e+07 1.30655e+06 12 15 8.2508e+08 631.496 97.6 79587.7
1.95447e+09 2.47418e+09 7.4386e+07 9.30799e+06 16 11 1.19018e+09 127.866 178.909 182141
3.3981e+09 5.54403e+09 6.98003e+07 1.38781e+08 10 15 6.98003e+08 5.02953 90.9333 91168.1
2.91549e+09 5.13184e+09 6.34105e+07 3.91965e+07 10 13 6.34105e+08 16.1776 44.9231 124914
3.92815e+09 6.17055e+09 4.74973e+07 1.19598e+06 9 14 4.27476e+08 357.427 21.5 86042.4
7.77067e+08 1.27808e+09 7.66826e+07 3.57198e+07 15 12 1.15024e+09 32.2018 108.667 171152
2.32415e+09 7.64263e+09 6.5189e+07 2.83661e+08 6 18 3.91134e+08 1.37888 37.1111 33206.8
5.20215e+08 1.59499e+09 7.97186e+07 1.15196e+08 13 13 1.03634e+09 8.99633 97.2308 115601
2.27404e+09 1.51603e+10 2.24973e+07 170884 3 20 6.7492e+07 394.958 6.8 6847.12
2.68018e+08 7.79606e+08 6.71775e+07 1.8927e+06 16 11 1.07484e+09 567.888 122.909 116151
1.24797e+18 0 5.21166e+06 1.87195e+19 4 15 2.08466e+07 1.11363e-12 10.4 121168
2.3591e+08 1.10848e+09 8.15952e+07 7.78127e+06 14 11 1.14233e+09 146.805 206.727 147479
6.60664e+07 3.67407e+09 7.0607e+07 1.35001e+07 11 14 7.76677e+08 57.5313 49.2143 79092.1
1.98508e+09 3.13876e+09 7.05032e+07 7.27025e+06 10 15 7.05032e+08 96.975 19.7333 89050.4
1.18787e+18 0 2.66573e+06 1.9006e+19 8 16 2.13259e+07 1.12206e-12 12.4375 86632
2.32968e+13 0 2.39856e+07 3.26155e+14 10 14 2.39856e+08 7.35405e-07 197.214 108527
1.60101e+18 0 4.76388e+07 1.89481e+17 16 12 7.6222e+08 4.02269e-09 90.25 230725
8.87106e+08 2.38691e+09 5.89457e+07 299997 8 16 4.71565e+08 1571.9 67.4375 57949.1
1.34388e+09 2.41467e+09 7.40815e+07 1.80325e+07 10 13 7.40815e+08 41.0822 263.692 190762
1.60249e+08 1.42018e+09 7.81749e+07 2.17237e+07 12 12 9.38099e+08 43.1832 141 137578
9.2687e+08 3.38598e+09 5.25068e+07 720219 13 14 6.82588e+08 947.75 68.9286 166193
6.7998e+07 8.90921e+08 8.47226e+07 1.20929e+08 11 13 9.31949e+08 7.7066 180.923 144696
5.17226e+08 1.15621e+09 7.43442e+07 9.96738e+06 19 8 1.41254e+09 141.716 110 230380
1.2498e+09 3.69256e+09 6.9379e+07 2.09381e+07 8 17 5.55032e+08 26.5082 71.7647 53565.3
1.47313e+18 0 1.94688e+07 1.197e+15 8 13 1.55751e+08 1.30117e-07 39.0769 100110
2.40133e+09 3.72674e+09 4.84345e+07 2.93506e+06 10 13 4.84345e+08 165.02 107.692 107984
4.36972e+12 0 5e+06 7.86549e+13 5 18 2.5e+07 3.17844e-07 26.5 39156.9
1.49049e+09 4.01746e+09 6.77416e+07 8.50211e+06 8 17 5.41933e+08 63.741 23.7647 71148.4
9.9278e+08 9.9278e+09 2.3722e+07 151044 2 20 4.74441e+07 314.108 12.95 7904.69
2.49003e+09 3.0031e+09 7.21978e+07 1.16033e+07 12 9 8.66374e+08 74.6664 84.8889 189254
2.16593e+09 2.65629e+09 5.61901e+07 1.85292e+06 14 9 7.86661e+08 424.553 128.222 139719
7.08496e+08 1.69441e+09 5.64364e+07 1.71708e+06 12 11 6.77236e+08 394.411 56.9091 75595.7
1.78497e+09 5.73763e+09 6.51092e+07 8.0123e+06 6 18 3.90655e+08 48.7569 54.4444 59724.9
4.61784e+09 5.45876e+09 5.71086e+07 8.05443e+06 16 11 9.13738e+08 113.445 66.7273 139646
1.36372e+08 1.1359e+09 7.96076e+07 1.92676e+07 16 9 1.27372e+09 66.1071 80.8889 280529
1.01267e+08 1.59961e+09 8.20433e+07 1.44448e+08 11 12 9.02476e+08 6.24776 234.667 229299
1.84228e+09 3.50034e+10 2.13259e+07 3.50034e+10 1 19 2.13259e+07 0.000609252 18.1053 15525.4
2.02337e+09 3.94651e+09 6.81869e+07 1.17474e+07 10 15 6.81869e+08 58.0444 72.9333 82985.5
3.14507e+09 3.27291e+09 5.80329e+07 571159 14 12 8.1246e+08 1422.48 80.25 145210
