1.98498e+08 1.39102e+09 7.29283e+07 2.29602e+06 16 5 1.16685e+09 508.207 86.8 256009
5.29716e+08 1.65565e+09 8.08937e+07 3.65061e+07 19 8 1.53698e+09 42.102 109.5 206313
1.69856e+08 1.73524e+09 8.62526e+07 1.254e+07 17 6 1.46629e+09 116.93 58.8333 223234
5.33722e+08 8.36556e+08 7.66914e+07 1.69748e+07 17 6 1.30375e+09 76.8054 189.5 190783
2.78406e+08 1.96555e+09 8.60074e+07 6.66866e+07 16 7 1.37612e+09 20.6356 68.8571 212346
1.2261e+07 2.01625e+09 6.90381e+07 5.13802e+06 14 5 9.66534e+08 188.114 119.2 237580
2.59998e+08 2.65341e+09 8.32535e+07 2.68168e+07 15 7 1.2488e+09 46.5678 89.4286 290369
3.32012e+08 2.15902e+09 7.77157e+07 5.67289e+06 17 5 1.32117e+09 232.891 57.2 170688
1.55072e+08 1.00623e+09 8.74201e+07 6.01473e+07 12 7 1.04904e+09 17.4412 125.714 137771
8.89047e+07 1.60224e+09 7.87312e+07 4.65128e+07 14 6 1.10224e+09 23.6975 153.333 165271
1.5341e+08 1.34201e+09 8.64696e+07 5.9078e+06 15 6 1.29704e+09 219.548 185.333 196633
1.00477e+08 9.48211e+08 7.39972e+07 3.5184e+06 9 6 6.65974e+08 189.283 57.3333 87440
2.20296e+08 2.32135e+09 7.09851e+07 1.00609e+07 15 6 1.06478e+09 105.833 73.3333 293411
1.26763e+09 1.73994e+09 6.73772e+07 1.12376e+07 16 8 1.07804e+09 95.931 167.875 121499
3.34563e+08 1.52625e+09 8.94797e+07 1.38077e+07 14 6 1.25272e+09 90.7258 132.833 227721
2.838e+18 0 5.68405e+07 1.38349e+17 14 7 7.95767e+08 5.75188e-09 213.429 256945
1.7858e+08 1.6178e+09 8.62335e+07 2.29141e+07 14 7 1.20727e+09 52.6866 180 374189
