1.07858e+08 1.96482e+09 8.64279e+07 4.82845e+07 13 6 1.12356e+09 23.2696 75.3333 4780.46
4.93237e+08 2.09475e+09 8.54586e+07 9.39503e+06 17 7 1.4528e+09 154.634 56.8571 4459.52
1.26716e+08 1.82514e+09 8.10969e+07 1.15583e+08 12 7 9.73163e+08 8.4196 336 5028.5
3.17366e+09 2.35348e+09 8.20779e+07 4.07294e+06 13 6 1.06701e+09 261.976 140.833 4466.87
8.61212e+07 1.04577e+09 7.9393e+07 1.32841e+07 17 8 1.34968e+09 101.601 195.875 4213.37
2.58191e+08 2.19514e+09 8.49707e+07 1.83823e+08 18 8 1.52947e+09 8.32034 254.875 4720.45
3.19345e+09 2.01437e+09 8.37245e+07 1.96557e+06 13 7 1.08842e+09 553.742 190.857 4765.98
4.49858e+08 2.64681e+09 8.12001e+07 2.47225e+08 16 6 1.2992e+09 5.25513 261.333 5290.67
6.77798e+08 1.46194e+09 8.21029e+07 4.51372e+07 14 7 1.14944e+09 25.4655 242.857 5244.36
2.133e+08 9.98175e+08 8.75399e+07 1.962e+07 11 4 9.62939e+08 49.0794 228.75 1.99977e+07
1.17224e+09 1.70824e+09 7.94622e+07 7.24288e+07 15 9 1.19193e+09 16.4566 234.889 3754.84
2.37306e+08 1.68466e+09 8.35235e+07 7.95299e+07 14 7 1.16933e+09 14.703 210 4499.68
1.64944e+08 2.24548e+09 8.89413e+07 1.01313e+08 11 6 9.78355e+08 9.65675 385.333 6664.18
4.71662e+09 3.46278e+09 7.29356e+07 1.25703e+06 13 9 9.48163e+08 754.289 122.222 3138.94
2.773e+08 1.83187e+09 8.58466e+07 1.07502e+08 15 6 1.2877e+09 11.9784 283.333 5458.36
4.87569e+09 2.57616e+09 7.70881e+07 3.93062e+07 14 5 1.07923e+09 27.4571 453.2 7032.95
6.62645e+09 4.21063e+09 5.69583e+07 2.39466e+06 17 9 9.68291e+08 404.355 166 3499.77
1.70197e+08 1.35193e+09 8.77091e+07 3.99069e+07 17 6 1.49105e+09 37.3633 106 4647.18
7.21951e+07 1.94012e+09 7.91334e+07 2.42404e+07 12 6 9.49601e+08 39.1743 54.8333 3158.97
1.82469e+08 1.39223e+09 8.34515e+07 3.33978e+07 16 6 1.33522e+09 39.9794 142.833 4257.56
1.64675e+08 1.40212e+09 8.377e+07 1.94292e+07 10 6 8.377e+08 43.1155 146.833 4814.05
2.7073e+08 1.73803e+09 9.0639e+07 1.09814e+08 15 8 1.35958e+09 12.3808 146.875 4242.79
3.63584e+08 1.35669e+09 9.15202e+07 1.29204e+08 18 8 1.64736e+09 12.7501 103.5 4127.37
4.14754e+08 1.38032e+09 8.77423e+07 2.2736e+08 15 5 1.31613e+09 5.78876 36 4736.6
2.45048e+08 1.17066e+09 8.63468e+07 4.63063e+07 16 7 1.38155e+09 29.835 208.857 5098.86
4.67634e+08 2.16167e+09 8.98163e+07 1.25849e+08 14 6 1.25743e+09 9.9916 58 4388.11
2.45899e+08 1.25079e+09 8.6869e+07 4.57209e+07 15 6 1.30304e+09 28.4998 87.3333 4535.35
3.26341e+08 1.37098e+09 7.86694e+07 1.8185e+07 17 7 1.33738e+09 73.5429 78 4112.97
1.40174e+08 1.4039e+09 8.11102e+07 4.59554e+07 12 6 9.73323e+08 21.1797 131.333 4311.49
1.29944e+08 1.43539e+09 8.9887e+07 1.48555e+07 13 6 1.16853e+09 78.6598 157.5 5866.03
7.26241e+07 1.0047e+09 8.99133e+07 3.35009e+07 14 8 1.25879e+09 37.5747 270 4178.13
1.97458e+09 1.99485e+09 7.76784e+07 1.4147e+06 15 8 1.16518e+09 823.622 100 4064.82
2.37862e+07 3.15656e+08 9.54553e+07 1.70472e+07 10 7 9.54553e+08 55.9947 273.714 4500.98
3.06765e+09 2.78657e+09 8.25701e+07 1.29942e+08 18 7 1.48626e+09 11.4379 109.714 3959.88
3.76447e+08 9.71655e+08 7.3886e+07 1.00021e+07 19 8 1.40383e+09 140.354 170 3698.01
4.0791e+08 2.39055e+09 8.74281e+07 1.26785e+08 15 10 1.31142e+09 10.3437 206.4 3453.01
5.09275e+08 1.06202e+09 7.45154e+07 8.4628e+06 15 7 1.11773e+09 132.076 127.714 3944.9
1.98652e+08 9.36073e+08 8.39607e+07 1.90492e+08 16 6 1.34337e+09 7.0521 283.5 5962.2
6.15053e+08 1.69341e+09 7.87211e+07 3.90474e+07 17 8 1.33826e+09 34.2727 250 4439.18
1.78419e+09 1.82759e+09 7.95159e+07 5.61335e+06 13 6 1.03371e+09 184.151 197.333 5630.59
2.95387e+08 1.28225e+09 8.40655e+07 1.11232e+08 12 5 1.00879e+09 9.06918 233.2 6373.62
1.04369e+08 2.13607e+09 8.43573e+07 1.19621e+08 13 8 1.09665e+09 9.16766 381.5 4446.85
4.75229e+08 1.47556e+09 7.86492e+07 3.18176e+08 16 6 1.25839e+09 3.955 306.833 6185.66
2.62828e+08 1.5139e+09 9.14594e+07 3.02266e+08 14 7 1.28043e+09 4.23611 74.8571 4022.76
4.29659e+08 1.82147e+09 7.86513e+07 6.27106e+07 14 6 1.10112e+09 17.5587 330.833 4894.75
2.58003e+08 1.77897e+09 8.88728e+07 8.14368e+07 16 8 1.42196e+09 17.461 209.5 4598.44
4.63398e+08 1.54282e+09 8.61555e+07 3.16805e+07 18 7 1.5508e+09 48.9512 170.857 4691.14
9.04934e+07 1.00512e+09 8.60383e+07 4.59029e+06 10 8 8.60383e+08 187.435 231.5 4349.87
3.46963e+08 2.5138e+09 8.82816e+07 7.43923e+06 14 7 1.23594e+09 166.139 83.4286 3960.14
1.30093e+08 6.35614e+08 9.10543e+07 8.47027e+07 10 5 9.10543e+08 10.7499 241.2 6360.86
7.11459e+07 1.3791e+09 8.21946e+07 8.10256e+06 13 9 1.06853e+09 131.876 28 3039.83
1.87444e+08 1.5e+09 8.92971e+07 1.74476e+08 14 7 1.25016e+09 7.1652 142.857 4687.73
1.20388e+08 1.61845e+09 8.22398e+07 3.5684e+07 14 7 1.15136e+09 32.2654 406.857 5723.16
1.68884e+16 0 4.45033e+07 2.30711e+14 11 9 4.89537e+08 2.12187e-06 184.889 3975.96
4.07778e+08 1.99918e+09 8.95501e+07 9.3262e+07 18 8 1.6119e+09 17.2836 104 4207.05
7.08012e+08 9.77866e+08 8.25993e+07 1.20401e+07 14 7 1.15639e+09 96.0448 426.857 5562.12
1.00072e+08 5.28187e+08 8.71872e+07 3.63882e+07 12 9 1.04625e+09 28.7523 252.889 3877.44
1.966e+08 1.48641e+09 8.56656e+07 9.32919e+06 15 8 1.28498e+09 137.738 280 4471.68
6.48341e+07 4.89314e+08 8.42066e+07 4.94557e+07 15 6 1.2631e+09 25.54 485.5 8531.52
2.02599e+08 7.35116e+08 7.79054e+07 1.51717e+07 16 7 1.24649e+09 82.1586 199.429 4542.58
3.3561e+08 1.94861e+09 8.38908e+07 7.73255e+06 16 6 1.34225e+09 173.585 123.5 4818.45
1.74566e+08 1.65513e+09 9.14137e+07 1.37274e+08 12 7 1.09696e+09 7.99108 226.857 5588.44
1.10359e+08 7.78979e+08 8.29024e+07 8.01603e+06 16 7 1.32644e+09 165.473 414 5253.91
3.99128e+16 0 6.63099e+07 1.64979e+15 15 7 9.94649e+08 6.02895e-07 212 6130.1
3.18282e+08 1.76373e+09 8.7694e+07 2.76838e+07 14 6 1.22772e+09 44.3478 198.833 4766.62
1.93149e+08 1.17839e+09 8.46867e+07 3.97295e+07 18 7 1.52436e+09 38.3685 166.857 4663.56
2.54803e+09 4.07776e+09 7.85477e+07 1.51823e+08 12 8 9.42572e+08 6.20835 327.875 3869.97
1.02214e+09 2.43082e+09 7.28967e+07 1.17181e+07 12 6 8.7476e+08 74.6501 491.333 5716.68
3.74017e+08 2.03356e+09 9.33546e+07 8.49595e+07 15 8 1.40032e+09 16.4822 168 4339.97
8.77588e+07 1.20445e+09 8.77723e+07 4.91335e+06 11 7 9.65495e+08 196.505 229.429 4450.89
3.10849e+08 1.0762e+09 8.29219e+07 1.46431e+07 11 5 9.12141e+08 62.2916 165.2 5383.3
2.09135e+09 1.49901e+09 7.74431e+07 4.37134e+06 17 8 1.31653e+09 301.174 227.875 4040.11
2.89204e+08 1.52377e+09 9.21295e+07 8.57663e+07 13 5 1.19768e+09 13.9645 134.8 6177.39
1.03365e+08 1.0971e+09 8.43051e+07 8.73864e+07 16 6 1.34888e+09 15.4358 233.333 5664.53
1.44438e+08 1.00906e+09 8.65262e+07 3.48035e+07 13 6 1.12484e+09 32.3197 140.833 4090.43
2.98172e+08 2.0056e+09 8.32867e+07 3.81353e+07 16 6 1.33259e+09 34.9437 88.8333 4413.47
4.34366e+08 1.60325e+09 8.9382e+07 3.94513e+08 16 7 1.43011e+09 3.62501 70 4306.46
1.59458e+08 1.73217e+09 8.47729e+07 1.53031e+08 14 10 1.18682e+09 7.75543 108.4 3296.8
2.69802e+08 9.09181e+08 7.52646e+07 1.32047e+07 16 6 1.20423e+09 91.197 238.833 6269.65
7.58935e+07 1.34868e+09 8.14389e+07 7.60271e+06 13 5 1.05871e+09 139.254 122.8 4839.65
8.52952e+07 1.58427e+09 8.32497e+07 9.85676e+06 14 7 1.1655e+09 118.243 150.857 4411.8
1.71526e+08 1.35194e+09 9.1185e+07 3.66094e+07 11 7 1.00304e+09 27.3983 122.857 4398.94
1.87549e+08 1.33102e+09 8.87879e+07 7.38359e+07 16 8 1.42061e+09 19.2401 222.875 4474.22
2.84319e+08 2.305e+09 8.6227e+07 4.83112e+07 16 6 1.37963e+09 28.5572 106.833 4576.48
2.36397e+08 1.36297e+09 8.61608e+07 4.19981e+07 15 7 1.29241e+09 30.7731 160.857 4920.02
2.53056e+08 1.41202e+09 8.59237e+07 1.55932e+07 17 7 1.4607e+09 93.6755 51.4286 4188.84
2.11728e+09 2.25771e+09 7.52047e+07 2.328e+06 16 9 1.20327e+09 516.87 227.556 3360.49
1.22466e+09 1.53488e+09 7.92482e+07 2.08941e+07 16 8 1.26797e+09 60.6857 159.875 3786.06
2.5349e+08 2.22743e+09 8.75461e+07 1.36871e+08 13 8 1.1381e+09 8.31512 208 3955.54
1.45757e+08 8.53516e+08 8.28115e+07 2.52545e+07 15 7 1.24217e+09 49.1863 352 6155.38
1.31484e+08 1.18422e+09 8.88749e+07 4.02139e+07 14 6 1.24425e+09 30.9408 253.333 5493.68
1.27756e+08 1.5562e+09 7.70705e+07 2.11851e+06 13 7 1.00192e+09 472.935 370 5064.27
1.56638e+08 9.33196e+08 9.09495e+07 1.43415e+08 16 7 1.45519e+09 10.1467 42.8571 4309.9
5.68964e+09 4.50598e+09 7.68616e+07 1.22459e+08 13 7 9.99201e+08 8.1595 53.7143 3425.71
1.2309e+08 1.78041e+09 8.82854e+07 5.01444e+07 15 8 1.32428e+09 26.4094 239.5 4642.59
1.91615e+09 2.42316e+09 8.78328e+07 8.23484e+07 15 8 1.31749e+09 15.999 97.875 3736.15
2.76413e+08 1.21951e+09 9.15835e+07 4.40274e+07 16 7 1.46534e+09 33.2823 263.714 5699.24
2.9241e+08 1.41673e+09 8.70357e+07 4.79819e+07 16 6 1.39257e+09 29.0228 172 5002.27
5.86737e+07 4.98476e+08 8.69466e+07 789865 7 4 6.08626e+08 770.544 120.75 6914.38
1.40713e+08 1.17543e+09 8.01225e+07 4.49968e+06 15 7 1.20184e+09 267.094 318.857 5327.17
3.13559e+08 1.48579e+09 9.03637e+07 5.57892e+07 17 8 1.53618e+09 27.5355 118.875 4302.65
6.74656e+08 8.35176e+08 8.39764e+07 3.05316e+07 13 6 1.09169e+09 35.7561 300.833 4938.67
4.60022e+09 5.59915e+09 5.35144e+07 1.999e+06 11 7 5.88658e+08 294.476 182.857 13083
1.40853e+08 1.031e+09 8.41853e+07 2.40749e+06 14 10 1.17859e+09 489.553 182.1 3112.51
8.8231e+07 1.05971e+09 8.05625e+07 8.21163e+07 14 5 1.12788e+09 13.7351 212.8 5731.12
5.96032e+08 2.10108e+09 8.7103e+07 2.95411e+07 17 6 1.48075e+09 50.1251 107.333 4899.73
1.68049e+08 1.02152e+09 7.66986e+07 1.31542e+06 15 11 1.15048e+09 874.607 176.545 3018.13
1.97747e+09 2.41287e+09 7.52995e+07 4.13844e+07 12 6 9.03594e+08 21.8342 262.833 4332.39
1.04037e+08 9.27747e+08 8.00776e+07 1.61892e+07 14 9 1.12109e+09 69.249 246.889 3782.05
1.75637e+08 2.52166e+09 7.13074e+07 1.75823e+06 13 7 9.26997e+08 527.233 164.857 4313.02
2.52951e+08 7.86874e+08 8.52059e+07 1.3499e+07 18 8 1.53371e+09 113.616 202.875 4420.15
6.12214e+08 1.8203e+09 7.77316e+07 9.74856e+07 15 7 1.16597e+09 11.9605 312.857 4993.12
1.04364e+09 1.23822e+09 7.41564e+07 1.00842e+06 16 7 1.1865e+09 1176.59 203.429 4841.02
3.36226e+09 2.50263e+09 8.08448e+07 7.0034e+06 17 8 1.37436e+09 196.242 94 4111.37
3.00114e+07 1.44351e+09 7.22777e+07 1.2714e+07 12 6 8.67332e+08 68.2186 238.833 6168.82
4.36881e+08 1.46189e+09 8.69808e+07 1.69443e+08 15 5 1.30471e+09 7.70001 113.2 5455.79
1.45392e+09 1.62715e+09 8.26848e+07 2.73803e+08 14 7 1.15759e+09 4.22781 297.429 4879.33
2.03381e+08 1.59691e+09 8.82588e+07 6.49333e+07 15 7 1.32388e+09 20.3883 88 4419.5
2.69457e+08 8.91935e+08 8.6932e+07 3.80383e+07 18 7 1.56478e+09 41.1369 208.857 4480.76
2.09802e+08 1.54266e+09 8.34993e+07 2.10895e+07 17 6 1.41949e+09 67.3079 47.3333 4145.94
9.48121e+08 2.04266e+09 8.38329e+07 1.28905e+08 17 7 1.42516e+09 11.0559 206.857 4513.92
1.20385e+09 1.86601e+09 8.02316e+07 1.84357e+08 18 8 1.44417e+09 7.83356 183.875 3812.79
3.66591e+07 5.9036e+08 8.16232e+07 1.37673e+06 13 9 1.0611e+09 770.743 220 3840.04
2.5155e+09 2.70178e+09 7.38247e+07 3.16658e+06 14 9 1.03355e+09 326.392 150.889 3334.42
3.67909e+08 2.1185e+09 8.41625e+07 1.44661e+07 14 8 1.17827e+09 81.4505 172 4141.86
3.1364e+08 1.45535e+09 9.05123e+07 59311.3 14 8 1.26717e+09 21364.8 156.875 3920.11
3.16027e+08 2.20288e+09 8.69659e+07 1.5391e+07 16 6 1.39145e+09 90.4068 79.3333 3896.8
3.4121e+08 1.73259e+09 8.48293e+07 8.6231e+07 16 9 1.35727e+09 15.7399 156 3534.26
1.19774e+08 1.8353e+09 8.8394e+07 7.20193e+06 13 8 1.14912e+09 159.557 132.875 3599.3
2.83597e+08 1.86158e+09 9.13681e+07 6.50455e+06 14 6 1.27915e+09 196.655 65.3333 5377.33
2.38513e+08 1.47128e+09 8.85383e+07 5.16923e+07 10 4 8.85383e+08 17.128 122.75 6334.63
2.17663e+08 1.0281e+09 8.72376e+07 8721.03 14 5 1.22133e+09 140044 171.2 5799.45
3.20443e+09 2.20858e+09 7.95413e+07 5.22816e+07 14 7 1.11358e+09 21.2996 285.714 4359.62
2.1545e+08 1.93922e+09 8.65569e+07 3.4347e+08 13 9 1.12524e+09 3.2761 118.889 3284.97
1.38689e+08 9.58301e+08 8.8525e+07 5.52879e+07 18 7 1.59345e+09 28.821 326.857 5828.69
3.08789e+08 1.47439e+09 9.58001e+07 4.32038e+08 12 8 1.1496e+09 2.66088 188.875 4073.41
4.04975e+08 1.8914e+09 8.38658e+07 2.15876e+08 17 6 1.42572e+09 6.60435 149.333 4818.19
8.21314e+08 1.38055e+09 8.03944e+07 4.42231e+07 13 7 1.04513e+09 23.6331 128.857 4300.71
1.21554e+08 5.03296e+08 8.24738e+07 1.05349e+07 14 7 1.15463e+09 109.601 294.857 5102.13
2.20882e+08 1.68541e+09 9.17503e+07 1.82747e+08 14 8 1.2845e+09 7.02888 151.875 3919.86
2.66753e+08 1.39914e+09 8.05853e+07 2.9982e+07 14 9 1.12819e+09 37.629 280 4785.96
4.25808e+08 2.044e+09 8.02337e+07 9.11384e+07 19 7 1.52444e+09 16.7267 178 4621.16
1.85406e+08 1.31939e+09 8.61472e+07 1.29467e+07 16 8 1.37835e+09 106.464 198.875 3983.75
2.53367e+08 8.04466e+08 8.62667e+07 1.12651e+08 17 7 1.46653e+09 13.0183 179.714 4859.63
1.1837e+09 1.82527e+09 8.55945e+07 2.68752e+08 14 7 1.19832e+09 4.45884 166.857 4279.86
3.46646e+07 7.92396e+08 6.92093e+07 8.05755e+06 14 8 9.6893e+08 120.251 282 4977.78
3.00509e+08 1.31832e+09 7.91191e+07 6.79044e+07 14 9 1.10767e+09 16.3122 229.556 3719.48
5.03268e+08 2.24045e+09 8.14909e+07 7.11272e+06 15 5 1.22236e+09 171.856 206.8 6034.18
3.88977e+08 1.90916e+09 8.22204e+07 5.74782e+07 15 7 1.23331e+09 21.4569 152.857 4470.26
4.18251e+08 2.22172e+09 8.71938e+07 4.27744e+07 15 6 1.30791e+09 30.5769 349.5 6894.67
2.06949e+08 9.77563e+08 8.49973e+07 2.36454e+07 12 7 1.01997e+09 43.1359 166 3756.56
3.53899e+08 1.70248e+09 8.83622e+07 6.69242e+07 17 7 1.50216e+09 22.4456 105.714 4018.03
3.15732e+08 1.28208e+09 8.92261e+07 7.08074e+07 18 8 1.60607e+09 22.6822 82.875 4351.86
1.93259e+08 9.79552e+08 8.32196e+07 4.69692e+07 11 4 9.15415e+08 19.4897 96.75 6357.68
1.404e+08 1.22852e+09 8.71829e+07 2.98065e+07 17 8 1.48211e+09 49.7244 239.5 4900.2
2.83864e+08 1.03781e+09 9.21602e+07 1.59867e+08 13 5 1.19808e+09 7.49423 227.2 5744.02
2.25572e+09 1.63452e+09 8.28029e+07 7.93781e+06 13 6 1.07644e+09 135.609 451.5 6022.32
2.42424e+08 1.11638e+09 8.64657e+07 4.23643e+07 20 6 1.72931e+09 40.82 134.833 4897.35
4.76667e+07 1.45825e+09 8.16294e+07 5.90504e+07 13 6 1.06118e+09 17.9708 218.833 4319.92
1.76737e+09 1.96096e+09 7.7419e+07 1.03038e+07 14 8 1.08387e+09 105.191 241.875 4210.16
2.62405e+08 2.02678e+09 9.27955e+07 8.43006e+07 15 7 1.39193e+09 16.5115 116.857 4531.69
4.83414e+08 2.09705e+09 8.21549e+07 3.93711e+07 19 6 1.56094e+09 39.6469 148.833 5200.82
2.58344e+08 1.31286e+09 8.62791e+07 7.24206e+07 14 6 1.20791e+09 16.6791 217.333 4764.71
2.00365e+08 1.11879e+09 8.76348e+07 1.81387e+08 16 5 1.40216e+09 7.73019 56.8 5237.42
4.12908e+09 3.26747e+09 8.28275e+07 1.44877e+08 14 7 1.15958e+09 8.00391 214 4490.56
1.43077e+09 2.44749e+09 7.56922e+07 2.69698e+07 12 6 9.08307e+08 33.6786 466 5266.04
2.07754e+09 1.41464e+09 8.20345e+07 7.39781e+06 14 6 1.14848e+09 155.246 338.833 4974.94
1.07485e+09 1.15345e+09 8.3736e+07 6.17715e+07 16 7 1.33978e+09 21.6892 418.857 5596.38
1.46106e+09 1.5139e+09 8.45421e+07 1.40854e+07 15 7 1.26813e+09 90.0313 212.857 4225.17
3.59004e+08 1.05529e+09 8.14996e+07 2.52048e+07 16 4 1.30399e+09 51.7359 152.75 6402.76
7.62571e+07 1.05789e+09 8.27636e+07 8.46788e+06 15 7 1.24145e+09 146.607 272.857 4440.1
2.71257e+08 1.46418e+09 9.28847e+07 5.66589e+07 12 6 1.11462e+09 19.6724 142.833 6622.13
2.51101e+08 1.34332e+09 8.6272e+07 4.67862e+07 16 8 1.38035e+09 29.5034 228.875 4170.4
1.5464e+09 2.12951e+09 8.02982e+07 2.56209e+08 15 6 1.20447e+09 4.70113 163.333 4927.73
6.88323e+08 1.52794e+09 8.28493e+07 2.22573e+07 11 5 9.11342e+08 40.9457 561.2 9166.22
4.82922e+08 1.32441e+09 6.5229e+07 1.31828e+06 12 8 7.82748e+08 593.766 267.5 3711.11
1.51483e+08 1.32279e+09 8.78488e+07 5.94053e+07 15 6 1.31773e+09 22.182 103.333 4493.83
2.21646e+09 2.28858e+09 8.13327e+07 1.03491e+08 14 6 1.13866e+09 11.0024 128.833 4705.98
4.05818e+08 2.17666e+09 8.83936e+07 3.63814e+08 16 8 1.4143e+09 3.88741 98 3889.41
9.47968e+07 1.51545e+09 8.1727e+07 9.40898e+07 9 5 7.35543e+08 7.81746 492.8 121220
2.47464e+09 2.06828e+09 7.63271e+07 8.40168e+06 13 5 9.92252e+08 118.102 194 5861.62
1.49494e+09 1.3916e+09 8.0342e+07 8.3577e+07 17 6 1.36581e+09 16.342 221.333 5134.37
3.38872e+08 2.04616e+09 7.44758e+07 2.84893e+07 16 8 1.19161e+09 41.8267 182.875 3932.15
1.26332e+09 1.37686e+09 7.94044e+07 5.22411e+06 14 9 1.11166e+09 212.795 190.222 3409.95
1.52814e+08 1.19819e+09 8.60659e+07 2.40563e+08 11 8 9.46725e+08 3.93546 202.875 3961.63
4.25374e+09 3.56102e+09 6.42318e+07 1.76395e+07 11 7 7.0655e+08 40.055 230 3878.26
6.69286e+07 1.29554e+09 8.41374e+07 1.34577e+08 10 9 8.41374e+08 6.25199 236 3403.26
3.48789e+09 3.03862e+09 7.5229e+07 1.47577e+07 15 8 1.12843e+09 76.464 242.875 4026.15
9.86836e+08 1.67725e+09 8.49042e+07 2.0047e+08 17 7 1.44337e+09 7.19992 210.857 4930.16
1.10578e+09 1.33181e+09 8.43184e+07 4.57256e+06 12 6 1.01182e+09 221.281 286 5863.65
3.09232e+08 1.08778e+09 7.83147e+07 1.803e+07 16 8 1.25304e+09 69.4973 279.5 4385.54
2.19656e+08 1.10395e+09 7.98572e+07 2.82851e+07 16 7 1.27772e+09 45.1727 117.429 3960.53
2.26663e+08 8.59437e+08 8.89155e+07 4.21811e+07 18 8 1.60048e+09 37.943 248 5335.28
2.3174e+08 1.37056e+09 8.55247e+07 6.74822e+07 13 6 1.11182e+09 16.4758 155.5 5287.69
5.10471e+08 8.32999e+08 8.44991e+07 2.8693e+07 14 7 1.18299e+09 41.2292 171.714 4047.77
5.27307e+07 9.71652e+08 8.07987e+07 5.08638e+06 10 10 8.07987e+08 158.853 102.1 2072.54
2.59348e+08 2.13355e+09 7.78168e+07 8.05378e+06 15 7 1.16725e+09 144.932 309.714 6427.43
4.82041e+09 3.76422e+09 6.79163e+07 8.37878e+06 16 7 1.08666e+09 129.692 266.857 4110.43
1.05713e+08 1.57449e+09 8.36078e+07 1.00242e+08 13 5 1.0869e+09 10.8427 205.2 5701.14
1.52453e+09 2.15365e+09 8.88711e+07 5.64443e+07 15 7 1.33307e+09 23.6174 63.4286 4140.33
1.63645e+08 1.70252e+09 8.92001e+07 3.19337e+07 14 7 1.2488e+09 39.1061 154.857 3674.22
2.73649e+08 2.25817e+09 7.9787e+07 2.22923e+07 15 8 1.19681e+09 53.6868 95.5 3803.5
2.4736e+08 1.60955e+09 8.97641e+07 2.77905e+08 13 7 1.16693e+09 4.19903 212.857 4503.46
3.99117e+08 1.01556e+09 8.25387e+07 1.02173e+08 13 11 1.073e+09 10.5018 147.636 2894.15
9.22537e+08 2.2533e+09 7.42599e+07 9.28032e+07 15 6 1.1139e+09 12.0028 219.333 4848.52
2.86428e+08 1.32945e+09 8.56146e+07 4.58649e+07 19 8 1.62668e+09 35.4667 256.875 4506.74
2.34444e+08 1.54526e+09 8.73288e+07 9.8601e+07 14 8 1.2226e+09 12.3995 262 4203.14
1.02682e+09 2.31364e+09 7.67073e+07 1.74305e+08 16 6 1.22732e+09 7.0412 604.833 118025
3.58175e+09 3.36537e+09 8.2498e+07 1.82278e+08 16 8 1.31997e+09 7.24151 172 4223.27
2.16897e+08 1.25195e+09 8.23433e+07 1.87369e+07 16 5 1.31749e+09 70.3152 328.8 7062.99
4.39035e+07 1.25838e+09 7.89617e+07 1.6389e+07 15 6 1.18442e+09 72.2696 73.3333 4672.6
9.8427e+07 7.89111e+08 8.77215e+07 4.29943e+07 11 9 9.64936e+08 22.4434 136.222 2829.56
1.69771e+08 9.39241e+08 7.85044e+07 2.63543e+06 16 8 1.25607e+09 476.609 218.875 4921.55
9.82568e+08 2.3372e+09 8.3455e+07 2.19914e+07 14 7 1.16837e+09 53.1286 218.857 4909.37
3.20255e+08 1.72825e+09 8.57877e+07 3.4215e+08 16 7 1.3726e+09 4.01171 203.714 4241.9
1.76142e+08 1.39697e+09 8.83546e+07 1.74324e+08 15 10 1.32532e+09 7.60264 139.6 3015.77
3.07411e+08 1.85065e+09 8.43779e+07 6.27949e+07 17 6 1.43442e+09 22.843 147.5 4355.11
1.34626e+08 1.98563e+09 8.11126e+07 1.112e+08 17 5 1.37891e+09 12.4003 144.8 5593.99
2.57895e+09 2.20673e+09 7.26238e+07 1.58829e+06 16 9 1.16198e+09 731.592 174 3631.39
2.2504e+08 1.83569e+09 8.33631e+07 9.2921e+07 17 6 1.41717e+09 15.2514 87.5 4907.74
