123358 3.92673e+08 6.5615e+07 740151 2 6 1.3123e+08 177.302 193.333 4495.41
0 0 0 0 0 0 0 0 0 0
0 0 0 0 0 0 0 0 0 0
4.01635e+12 0 2.5e+07 2.40981e+13 1 6 2.5e+07 1.03743e-06 113.5 3113.05
3.15046e+09 2.20532e+10 2.24441e+07 2.20532e+10 1 7 2.24441e+07 0.00101772 144 3125.19
0 0 0 0 0 0 0 0 0 0
3.26337e+18 0 2.18051e+07 1.95802e+19 1 6 2.18051e+07 1.11363e-12 185.333 4177.67
9.64904e+11 0 8.33333e+06 8.68414e+12 3 9 2.5e+07 2.87881e-06 296 3556.22
0 0 0 0 0 0 0 0 0 0
6865.02 137599 2.5e+07 61785.2 2 9 5e+07 809.256 164.889 3084.41
400235 6.39583e+06 5.05325e+07 360871 3 7 1.51597e+08 420.088 191.429 3571.86
0 0 0 0 0 0 0 0 0 0
0 0 0 0 0 0 0 0 0 0
2.38477e+18 0 2.1246e+07 1.43086e+19 1 6 2.1246e+07 1.48484e-12 254 4256.54
8.18504e+07 1.02767e+09 7.53395e+07 203642 4 5 3.01358e+08 1479.84 125.2 4782.68
34160.9 358779 2.5e+07 239126 2 7 5e+07 209.095 13.7143 2943.24
0 0 0 0 0 0 0 0 0 0
1.35693e+08 8.25135e+08 5.72764e+07 562420 10 8 5.72764e+08 1018.39 137.5 3307.96
9.2918e+08 4.6459e+09 2.0607e+07 4.6459e+09 1 5 2.0607e+07 0.00443553 230.8 4022.04
65747.7 176592 3e+07 75891.9 5 7 1.5e+08 1976.5 209.714 3557.47
27711.6 61178.1 2.5e+07 13365.5 6 9 1.5e+08 11222.9 98.8889 2706.43
5732.32 64391.4 2.5e+07 40126.2 2 7 5e+07 1246.07 149.429 3550.57
13704.6 1.98973e+07 6.66134e+07 82227.5 2 6 1.33227e+08 1620.22 157.333 4043.89
38556 2.18427e+07 4.5008e+07 49849.3 4 8 1.80032e+08 3611.52 49.5 3209.33
0 0 0 0 0 0 0 0 0 0
0 0 0 0 0 0 0 0 0 0
1.06907e+13 0 2.5e+07 8.55254e+13 1 8 2.5e+07 2.92311e-07 86 3321.95
907.152 331440 2.5e+07 5442.91 2 6 5e+07 9186.26 91.3333 3753.43
0 0 0 0 0 0 0 0 0 0
5679.68 35027.3 2.5e+07 39757.8 2 7 5e+07 1257.62 155.429 3792.44
8410.64 46258.5 2.5e+07 45153.5 2 11 5e+07 1107.33 136.727 2839
58027.3 3.21927e+07 3.68895e+07 45862.7 7 8 2.58227e+08 5630.43 156 3136.76
0 0 0 0 0 0 0 0 0 0
19088.8 158455 2.5e+07 114533 2 6 5e+07 436.557 154.833 3692.78
4.6819e+09 2.80914e+10 2.11661e+07 2.80914e+10 1 6 2.11661e+07 0.000753474 262.833 4320.74
37418.7 342459 2.5e+07 261931 2 7 5e+07 190.89 169.429 3769.59
0 0 0 0 0 0 0 0 0 0
0 0 0 0 0 0 0 0 0 0
1.01154e+08 2.01774e+09 7.81683e+07 6.06924e+08 3 6 2.34505e+08 0.386383 211.5 3706.25
2.5992e+12 0 8.33333e+06 2.07936e+13 3 8 2.5e+07 1.20229e-06 85.875 2747.4
0 0 0 0 0 0 0 0 0 0
1.63278e+16 0 6.61542e+07 2.18507e+14 4 6 2.64617e+08 1.21102e-06 183.333 3747.08
0 0 0 0 0 0 0 0 0 0
