3.22786e+17 0 6.20265e+07 3.26153e+14 14 10 8.68371e+08 2.66246e-06 90.9 2059.6
7.88417e+07 1.37774e+09 8.47501e+07 7.12704e+06 14 10 1.1865e+09 166.479 78.4 1792.02
1.08293e+08 9.43067e+08 8.34493e+07 6.43547e+07 14 10 1.16829e+09 18.1539 252.5 2670.66
1.29132e+09 1.94428e+09 7.51265e+07 6.96325e+06 12 10 9.01518e+08 129.468 142.4 2312.21
1.28041e+08 1.7856e+09 8.92245e+07 1.21962e+08 11 10 9.8147e+08 8.04731 28.9 1841.44
7.40718e+07 1.26448e+09 8.55794e+07 5.54672e+07 11 10 9.41374e+08 16.9717 78.1 1640.1
1.68704e+08 1.04374e+09 8.81789e+07 1.25369e+08 15 10 1.32268e+09 10.5503 226.4 2617.23
1.69079e+08 8.88348e+08 8.66747e+07 1.33625e+08 12 10 1.0401e+09 7.78371 130.9 2227.78
6.75985e+08 1.37703e+09 8.20188e+07 1.21727e+06 16 10 1.3123e+09 1078.07 158.5 2136.67
2.99303e+08 1.79139e+09 9.17199e+07 1.84369e+08 15 10 1.3758e+09 7.46221 94.1 2327.72
2.52902e+08 1.51705e+09 7.34475e+07 2.48983e+06 16 10 1.17516e+09 471.984 140.9 2216.89
2.47368e+08 1.4918e+09 8.07179e+07 1.39878e+06 17 10 1.3722e+09 981.004 50.4 1896.52
3.07659e+18 0 6.84834e+07 1.76665e+14 17 10 1.16422e+09 6.58998e-06 210.1 2979.6
2.2389e+08 1.83728e+09 7.99582e+07 3.25327e+07 13 10 1.03946e+09 31.9511 159.6 1905.13
1.62611e+08 1.11759e+09 8.09904e+07 1.41254e+07 14 10 1.13387e+09 80.2715 55.6 1932.4
7.31605e+08 1.45808e+09 8.37593e+07 1.56007e+07 15 10 1.25639e+09 80.534 132.4 2496.36
1.29507e+09 1.6552e+09 7.70938e+07 1.75506e+06 14 10 1.07931e+09 614.974 308.5 3002.96
2.05394e+08 1.19641e+09 8.49414e+07 2.74287e+07 15 10 1.27412e+09 46.4521 50.4 2172.4
1.49402e+08 2.05529e+09 8.45785e+07 3.68806e+07 13 10 1.09952e+09 29.813 249.6 2570.29
1.85334e+08 1.29927e+09 8.69352e+07 2.84289e+08 14 10 1.21709e+09 4.28118 46.9 1988.5
1.79242e+08 1.35472e+09 7.70253e+07 1.26532e+07 14 10 1.07835e+09 85.2238 164.5 2365.91
1.59736e+09 1.61943e+09 6.98654e+07 3.57259e+06 14 10 9.78115e+08 273.783 346 3404.96
1.6351e+08 1.54388e+09 9.3985e+07 5.02091e+07 13 10 1.22181e+09 24.3344 218.9 2608.08
1.95488e+08 1.15678e+09 8.61522e+07 9.9296e+07 16 10 1.37843e+09 13.8821 116 2231.78
2.27296e+08 1.68454e+09 9.29422e+07 4.07988e+07 11 10 1.02236e+09 25.0587 154.4 2428.97
1.38446e+08 1.28849e+09 8.48842e+07 5.31673e+07 16 10 1.35815e+09 25.5448 64 2109.49
2.68732e+08 1.25619e+09 9.27666e+07 2.83747e+08 16 10 1.48427e+09 5.23095 111.6 2219.88
1.99656e+08 1.15548e+09 9.20812e+07 2.28075e+08 14 10 1.28914e+09 5.65224 86.5 2003.73
9.49931e+08 1.74081e+09 8.79892e+07 9.96358e+06 16 10 1.40783e+09 141.297 92.9 2549.92
4.47086e+07 1.23156e+09 8.43736e+07 6.06303e+06 14 10 1.18123e+09 194.825 152.5 2447.56
2.26743e+08 1.27938e+09 8.75628e+07 9.77623e+07 14 10 1.22588e+09 12.5394 225.6 2571.52
1.15199e+08 1.1698e+09 8.8437e+07 9.58854e+07 13 10 1.14968e+09 11.9902 336.1 2740.36
3.52138e+07 1.65594e+09 8.96674e+07 3.10224e+07 11 10 9.86342e+08 31.7945 256.1 2725.31
2.44712e+09 2.50339e+09 8.3455e+07 1.99072e+08 14 10 1.16837e+09 5.86908 84.9 1989.05
1.56871e+09 1.51347e+09 8.21486e+07 2.68848e+07 18 10 1.47867e+09 55.0003 152.9 2448.13
1.47971e+08 7.0743e+08 8.98992e+07 1.92638e+07 13 10 1.16869e+09 60.6678 380.9 3179.02
1.0003e+18 0 3.957e+07 1.81753e+14 12 10 4.7484e+08 2.61255e-06 146.1 2403.89
3.05372e+08 1.16583e+09 9.22524e+07 4.87685e+07 13 10 1.19928e+09 24.5913 81.6 2139.52
1.49365e+08 1.23698e+09 9.01917e+07 7.048e+06 10 10 9.01917e+08 127.968 89.6 2034.19
2.12386e+08 1.17425e+09 8.34665e+07 1.58937e+07 14 10 1.16853e+09 73.5218 96.9 2243.63
2.03528e+08 1.50065e+09 8.83786e+07 8.86017e+07 14 10 1.2373e+09 13.9647 52.4 2053.93
1.95454e+08 1.99989e+09 8.7073e+07 2.08848e+08 13 10 1.13195e+09 5.41995 224 2157.85
7.79822e+07 9.50897e+08 8.59425e+07 8.33731e+07 14 10 1.20319e+09 14.4314 282.9 2476.4
1.17251e+08 9.61528e+08 9.08347e+07 7.6137e+06 12 10 1.09002e+09 143.165 334.4 2857.68
1.88938e+08 1.51596e+09 8.45607e+07 1.21228e+06 10 10 8.45607e+08 697.536 236.4 2636.35
1.65474e+08 1.46227e+09 8.85721e+07 1.17866e+07 13 10 1.15144e+09 97.6903 132.1 2489.67
2.97571e+08 1.73857e+09 9.42615e+07 3.61797e+08 13 10 1.2254e+09 3.38698 154.4 2938.01
4.03611e+08 2.00581e+09 8.2508e+07 1.99983e+07 18 10 1.48514e+09 74.2635 108.4 2549.77
7.25132e+08 1.48783e+09 8.1676e+07 1.18632e+07 12 10 9.80112e+08 82.6178 130.4 2313.53
1.47525e+08 1.24271e+09 8.7476e+07 3.5986e+07 15 10 1.31214e+09 36.4625 166.4 1911.2
1.98293e+08 1.72961e+09 9.41185e+07 4.34961e+07 11 10 1.0353e+09 23.8022 136.4 2423.41
2.93302e+08 1.44271e+09 8.94469e+07 8.50734e+07 16 10 1.43115e+09 16.8225 100 2269.73
1.22152e+08 9.57611e+08 7.54493e+07 1.99601e+06 16 10 1.20719e+09 604.801 47.6 1527.09
2.34602e+08 9.65104e+08 8.72155e+07 6.82278e+07 16 10 1.39545e+09 20.4528 48 2048.09
1.7096e+08 8.75286e+08 7.95327e+07 9.16888e+06 16 10 1.27252e+09 138.787 70.5 2163.4
9.4311e+07 1.28773e+09 8.13042e+07 1.80652e+06 14 10 1.13826e+09 630.083 72.9 2107.14
1.33872e+08 1.27539e+09 8.67412e+07 1.04035e+08 14 10 1.21438e+09 11.6728 102.5 2110.46
2.58508e+09 2.90423e+09 8.24281e+07 1.87935e+06 15 10 1.23642e+09 657.9 64.4 1837.14
1.29979e+08 1.13472e+09 7.88852e+07 1.02216e+07 14 10 1.10439e+09 108.045 100.1 2138.85
1.34734e+08 1.38296e+09 9.06882e+07 5.11146e+07 12 10 1.08826e+09 21.2906 89.6 1879.56
