1.46827e+08 1.31829e+09 8.56476e+07 1.31322e+08 13 12 1.11342e+09 8.47857 88.9167 2328.53
2.61838e+09 3.26856e+09 8.31162e+07 1.54785e+07 13 12 1.08051e+09 69.8073 110.25 2201.3
1.3654e+08 1.65383e+09 8.81656e+07 7.4313e+07 12 12 1.05799e+09 14.2369 140.25 2222.99
1.53881e+08 1.23213e+09 8.58569e+07 1.79846e+07 14 12 1.202e+09 66.8348 88.9167 2420.65
2.73283e+09 4.28371e+09 8.56763e+07 3.3114e+07 12 12 1.02812e+09 31.0477 48.25 1702.86
1.04068e+08 1.31542e+09 9.0848e+07 3.66932e+07 12 12 1.09018e+09 29.7105 132.917 2176.76
7.22067e+08 1.80169e+09 8.03381e+07 2.35198e+07 12 12 9.64058e+08 40.9891 156.667 2335.32
1.35785e+08 1.39055e+09 8.31683e+07 1.35243e+07 15 12 1.24752e+09 92.2433 102.917 2096.82
5.5307e+17 0 2.97467e+07 1.33592e+17 7 12 2.08227e+08 1.55867e-09 132.25 2261.54
1.45482e+08 1.53497e+09 9.47764e+07 5.25451e+07 10 12 9.47764e+08 18.0371 146.667 2435.28
1.35154e+08 1.47181e+09 9.20461e+07 6.07471e+07 12 12 1.10455e+09 18.1828 102.667 2099.48
1.89801e+09 2.49248e+09 8.65335e+07 9.34908e+07 15 12 1.298e+09 13.8837 72.6667 2630.96
9.82198e+07 1.9793e+09 8.52702e+07 2.87796e+07 12 12 1.02324e+09 35.5544 189.667 1970.1
1.92263e+08 9.3886e+08 8.73863e+07 1.93241e+08 13 12 1.13602e+09 5.87879 82.25 2535.84
2.91824e+09 4.43564e+09 7.93623e+07 7.46816e+06 13 12 1.03171e+09 138.148 115 2001.23
1.28829e+08 1.1649e+09 8.94055e+07 1.0536e+08 14 12 1.25168e+09 11.88 130.667 2153.6
2.83347e+08 1.85842e+09 9.24293e+07 4.16777e+08 14 12 1.29401e+09 3.1048 214.917 2511.08
2.38106e+08 2.07968e+09 9.22463e+07 4.08571e+08 13 12 1.1992e+09 2.93511 87.6667 2132.5
7.03382e+07 1.01287e+09 7.95818e+07 563496 11 12 8.75399e+08 1553.51 116.25 2024.73
1.13536e+08 1.58285e+09 8.46006e+07 1.60416e+08 10 12 8.46006e+08 5.27383 49.6667 1678.65
1.44481e+09 2.55833e+09 7.20084e+07 1.11415e+07 11 12 7.92093e+08 71.0939 180.917 2557.49
2.36213e+14 0 5.85563e+07 1.30347e+14 8 12 4.6845e+08 3.59387e-06 209.667 2160.39
6.64363e+07 8.87802e+08 8.69888e+07 1.58162e+07 10 12 8.69888e+08 55 189.667 2287.39
1.06577e+08 6.66162e+08 8.48824e+07 3.1669e+07 11 12 9.33706e+08 29.4833 118.917 1851.71
5.44638e+08 1.74956e+09 8.00799e+07 4.18647e+07 10 12 8.00799e+08 19.1283 144.917 1983.08
1.47642e+09 2.13269e+09 7.63099e+07 9.12697e+06 15 12 1.14465e+09 125.414 68.9167 2317.92
1.72289e+08 1.41401e+09 8.86981e+07 2.58176e+07 14 12 1.24177e+09 48.0979 66.9167 2175.18
1.91703e+09 2.02691e+09 7.6065e+07 2.35547e+06 12 12 9.1278e+08 387.514 94.9167 1950.37
1.44827e+08 2.5639e+09 8.74383e+07 2.37593e+08 11 12 9.61821e+08 4.04819 344.917 2369.64
1.87989e+08 1.63298e+09 8.78309e+07 2.1827e+07 14 12 1.22963e+09 56.3353 111.667 2041.94
1.3388e+08 9.17391e+08 8.97298e+07 2.27342e+07 12 12 1.07676e+09 47.3628 232.25 2325.95
6.74484e+07 1.30668e+09 9.3325e+07 1.46756e+08 7 12 6.53275e+08 4.45143 170.25 2053.25
1.67921e+08 1.6963e+09 8.88252e+07 1.04358e+08 11 12 9.77077e+08 9.36275 104.667 1593.37
2.16787e+08 1.41418e+09 8.43291e+07 2.44081e+07 15 12 1.26494e+09 51.8245 56.25 2239.48
2.60095e+08 1.97342e+09 8.91497e+07 4.10332e+08 13 12 1.15895e+09 2.82441 104.917 2247.35
2.35399e+08 1.3717e+09 8.95539e+07 1.91035e+08 14 12 1.25375e+09 6.56295 113.667 2168.51
2.00028e+09 2.84231e+09 7.37859e+07 1.4256e+06 15 12 1.10679e+09 776.37 250.25 2848.11
1.91577e+08 8.72224e+08 8.93586e+07 4.79072e+07 13 12 1.16166e+09 24.2482 182.25 2742.95
5.61829e+07 9.68501e+08 8.10396e+07 2.6225e+07 13 12 1.05351e+09 40.1722 108.917 2263.13
1.55059e+08 1.11452e+09 9.09454e+07 6.60723e+07 11 12 1.0004e+09 15.141 112.25 2133.24
2.02985e+09 2.9836e+09 7.97923e+07 1.92538e+07 12 12 9.57508e+08 49.7308 60.9167 2104.36
1.8364e+08 1.5721e+09 9.01025e+07 3.17472e+08 12 12 1.08123e+09 3.40575 264.25 2574.4
1.4468e+08 1.14004e+09 8.01518e+07 5.44967e+06 12 12 9.61821e+08 176.492 54.9167 1866.16
1.17154e+07 8.01333e+08 9.0623e+07 3.44553e+07 5 12 4.53115e+08 13.1508 189.667 2129.45
5.04056e+09 1.16676e+10 4.30032e+07 880126 10 12 4.30032e+08 488.603 178.917 2035.25
1.03693e+09 2.05872e+09 8.23996e+07 3.34853e+07 14 12 1.15359e+09 34.4508 135.667 2111.3
1.22351e+08 8.79915e+08 8.84756e+07 2.25362e+07 14 12 1.23866e+09 54.963 180 2295.21
9.05043e+07 1.34032e+09 9.02265e+07 5.4554e+07 11 12 9.92492e+08 18.1928 53.6667 1952.66
3.1794e+08 1.35155e+09 7.90981e+07 1.07339e+07 13 12 1.02827e+09 95.797 190.917 2403.69
2.48403e+08 1.44016e+09 8.71178e+07 2.80028e+07 14 12 1.21965e+09 43.5545 76.9167 2175.01
9.15747e+07 1.30902e+09 8.57907e+07 7.64619e+07 10 12 8.57907e+08 11.2201 116.667 1837.27
1.95818e+08 1.12872e+09 8.97444e+07 1.09303e+08 15 12 1.34617e+09 12.3159 115 2463.08
1.43012e+08 1.74851e+09 8.82029e+07 3.6608e+08 10 12 8.82029e+08 2.40939 89.6667 1816.72
6.24841e+07 5.66017e+08 7.38511e+07 6.99289e+06 13 12 9.60064e+08 137.291 80.9167 1937.53
2.38717e+08 1.37283e+09 8.43024e+07 1.20416e+07 15 12 1.26454e+09 105.014 136.917 2428.75
8.21452e+07 5.6242e+08 7.49401e+07 2.05981e+07 12 12 8.99281e+08 43.6584 120.667 1879.34
1.05041e+08 1.01306e+09 7.92218e+07 2.41183e+07 14 12 1.10911e+09 45.9861 98.9167 1841.06
8.85436e+07 1.26842e+09 8.90938e+07 7.65749e+07 11 12 9.80032e+08 12.7984 88.9167 2006.54
1.33442e+08 1.4851e+09 9.02629e+07 1.34145e+08 11 12 9.92891e+08 7.40163 235 2152.66
1.00307e+08 1.41746e+09 8.65083e+07 7.86196e+07 12 12 1.0381e+09 13.2041 78.9167 2103.77
1.27856e+09 1.9969e+09 7.85315e+07 5.88951e+06 14 12 1.09944e+09 186.678 100.917 2236.8
1.12471e+09 2.18266e+09 8.51745e+07 2.15041e+07 13 12 1.10727e+09 51.4911 99.6667 2062.3
1.63876e+08 1.06761e+09 9.1711e+07 5.399e+07 9 12 8.25399e+08 15.288 140.25 2180.06
1.33398e+08 1.14793e+09 8.73669e+07 7.17557e+07 12 12 1.0484e+09 14.6107 46.9167 2098.93
1.5122e+08 1.81389e+09 8.63618e+07 6.435e+07 12 12 1.03634e+09 16.1048 181.667 2157.74
3.30704e+08 7.66592e+08 7.86891e+07 1.22085e+07 16 12 1.25903e+09 103.127 54.25 1916.63
2.11529e+09 2.3883e+09 6.48708e+07 553687 11 12 7.13578e+08 1288.77 90.9167 1847.02
1.92903e+08 1.61549e+09 8.89444e+07 1.05693e+08 12 12 1.06733e+09 10.0985 134.917 2271.95
1.80656e+08 1.85693e+09 9.22088e+07 3.15947e+08 11 12 1.0143e+09 3.21034 121.667 2112.26
8.83188e+07 1.62391e+09 8.86502e+07 1.13693e+08 10 12 8.86502e+08 7.7973 150 2117.41
3.43423e+09 4.71329e+09 8.33466e+07 3.06492e+08 12 12 1.00016e+09 3.26325 89.6667 1687.7
1.17142e+08 1.04252e+09 8.08662e+07 748381 9 12 7.27796e+08 972.493 134.917 2384.52
2.31213e+09 3.47115e+09 7.67772e+07 5.04861e+07 12 12 9.21326e+08 18.2491 210.917 2247.73
6.77247e+16 0 3.96965e+07 1.78142e+14 10 12 3.96965e+08 2.22836e-06 50.6667 1809.74
6.65834e+08 1.55841e+09 8.73925e+07 7.57442e+07 13 12 1.1361e+09 14.9992 156.917 2362.98
1.61078e+08 2.22115e+09 8.78533e+07 6.38472e+07 13 12 1.14209e+09 17.8879 99 2353.99
2.00862e+08 1.34362e+09 9.00958e+07 4.07729e+08 13 12 1.17125e+09 2.87261 300 2862.83
1.11378e+08 1.00882e+09 8.80791e+07 1.03755e+08 12 12 1.05695e+09 10.1869 120.25 2084.94
1.20768e+08 1.38861e+09 9.22125e+07 3.35274e+08 12 12 1.10655e+09 3.30043 198.667 2414.81
1.30167e+08 1.249e+09 8.94329e+07 3.01868e+07 10 12 8.94329e+08 29.6265 50.25 1472.76
2.95684e+09 3.16569e+09 7.55431e+07 9.36162e+06 15 12 1.13315e+09 121.042 56.9167 2160.21
1.05297e+09 2.34738e+09 8.24681e+07 1.07541e+07 12 12 9.89617e+08 92.0226 96.6667 2141.78
1.02619e+08 1.31273e+09 8.88236e+07 1.30277e+08 14 12 1.24353e+09 9.54528 78.9167 2085.16
1.54752e+08 1.68855e+09 7.80843e+07 1.49735e+06 13 12 1.0151e+09 677.929 116.25 1980.04
2.45701e+16 0 4.51931e+07 1.71849e+14 11 12 4.97125e+08 2.8928e-06 86.6667 2143.04
2.53817e+08 1.8647e+09 9.29712e+07 3.26488e+08 13 12 1.20863e+09 3.7019 96.6667 2387.5
3.39587e+09 4.45392e+09 7.05707e+07 7.68919e+06 11 12 7.76278e+08 100.957 22.9167 1504.22
8.59938e+07 1.33596e+09 8.2036e+07 1.10162e+07 11 12 9.02396e+08 81.9156 88 1969.38
7.80688e+07 1.07133e+09 8.58191e+07 5.81044e+07 11 12 9.4401e+08 16.2468 83 2168.76
2.26232e+08 1.64008e+09 8.75628e+07 6.00804e+07 14 12 1.22588e+09 20.404 152.667 2525.93
2.14004e+08 1.25006e+09 8.75453e+07 1.05407e+08 15 12 1.31318e+09 12.4582 90.25 1965.38
1.50464e+08 1.71068e+09 8.96457e+07 4.23785e+08 11 12 9.86102e+08 2.32689 169.667 2224.34
1.90151e+08 1.48946e+09 9.28405e+07 1.02451e+08 11 12 1.02125e+09 9.96814 123.667 2102.4
3.57123e+07 4.62438e+08 7.96681e+07 2.87624e+06 9 12 7.17013e+08 249.288 174.25 1902.15
2.26203e+09 2.58686e+09 8.1656e+07 1.79049e+07 15 12 1.22484e+09 68.4082 50.9167 2312.22
2.57326e+09 3.59933e+09 8.52789e+07 6.89377e+07 13 12 1.10863e+09 16.0816 118.25 2109.35
1.46809e+08 9.79739e+08 8.839e+07 6.36964e+07 14 12 1.23746e+09 19.4275 70.9167 2342.26
1.9698e+08 1.03577e+09 8.12853e+07 8.31167e+06 13 12 1.05671e+09 127.136 140.917 2091.66
2.55313e+09 3.99731e+09 8.41853e+07 1.46625e+08 11 12 9.26038e+08 6.3157 103.667 1981.83
1.1792e+08 1.27923e+09 8.19204e+07 9.49222e+06 14 12 1.14688e+09 120.824 47.6667 2121.94
