1.07463e+08 8.06772e+08 8.84403e+07 8.42419e+06 11 13 9.72843e+08 115.482 49.0769 1735.46
1.27682e+08 1.17998e+09 8.4898e+07 1.81428e+08 13 13 1.10367e+09 6.08328 98.7692 1479.49
1.85379e+08 1.42041e+09 9.20128e+07 3.47935e+08 13 13 1.19617e+09 3.4379 85.0769 1786.03
1.51211e+08 2.84807e+09 6.69649e+07 3.64798e+06 10 13 6.69649e+08 183.567 145.692 1575.21
1.63518e+08 1.06046e+09 8.57628e+07 5.67803e+07 12 13 1.02915e+09 18.1252 62.7692 1650.71
8.40639e+07 7.60726e+08 5.94249e+07 2.17717e+06 10 13 5.94249e+08 272.946 61.6923 1199.37
1.37654e+09 2.24756e+09 6.15371e+07 993077 9 13 5.53834e+08 557.695 80.9231 1587.04
9.11585e+07 1.25299e+09 7.67505e+07 1.34107e+07 12 13 9.21006e+08 68.6772 74.3077 1633.49
2.10572e+08 8.71822e+08 7.04037e+07 7.14389e+06 11 13 7.74441e+08 108.406 97.6923 1794.3
2.53398e+08 2.36637e+09 8.75399e+07 6.83838e+08 10 13 8.75399e+08 1.28013 198 1869.59
2.52361e+09 3.94153e+09 8.02933e+07 1.09978e+08 11 13 8.83227e+08 8.03095 95.6923 1615.39
1.14227e+08 1.44818e+09 9.11632e+07 3.15198e+07 11 13 1.0028e+09 31.8148 89.2308 1524.17
2.1373e+07 1.01782e+09 8.34365e+07 5.85922e+07 8 13 6.67492e+08 11.3922 266.923 2075.92
1.61137e+08 1.45517e+09 8.97641e+07 9.02376e+07 13 13 1.16693e+09 12.9318 76.9231 2080.82
8.07376e+06 1.05928e+09 6.92292e+07 5.82313e+06 8 13 5.53834e+08 95.1094 56.9231 1503.98
1.80676e+08 1.36531e+09 8.80683e+07 2.66213e+08 13 13 1.14489e+09 4.30064 63.6923 1910.95
2.26106e+09 3.59815e+09 7.1861e+07 1.26982e+06 10 13 7.1861e+08 565.915 93.0769 1625.03
1.42586e+08 1.79542e+09 8.51038e+07 1.0913e+07 12 13 1.02125e+09 93.5804 160.923 2152.56
2.70085e+09 3.59568e+09 7.10924e+07 539225 13 13 9.24201e+08 1713.94 61.0769 1767.28
1.6793e+08 1.51485e+09 8.86848e+07 3.73535e+08 12 13 1.06422e+09 2.84904 86 1922.15
9.35187e+07 1.83729e+09 8.6959e+07 2.28023e+08 11 13 9.5655e+08 4.19497 71.6923 1635.9
3.28691e+06 7.19361e+08 6.98882e+07 583481 11 13 7.6877e+08 1317.56 47.0769 1379.96
5.66826e+12 0 1.07143e+07 3.19383e+13 7 13 7.5e+07 2.34828e-06 155.692 2063.32
1.16256e+08 1.03933e+09 7.47204e+07 1.45524e+06 10 13 7.47204e+08 513.459 60.9231 1588.51
1.66019e+08 1.1331e+09 8.72005e+07 1.61211e+06 12 13 1.04641e+09 649.089 105.231 1997.72
1.3759e+08 1.47396e+09 7.34957e+07 1.07852e+06 12 13 8.81949e+08 817.742 128.923 1746.77
3.59995e+08 1.26142e+09 6.62079e+07 1.2106e+06 13 13 8.60703e+08 710.974 118.923 1746
1.20566e+08 1.01464e+09 9.11608e+07 2.87408e+08 9 13 8.20447e+08 2.85464 154 1840.34
2.37845e+09 3.02042e+09 8.21029e+07 2.72766e+07 14 13 1.14944e+09 42.1402 142 1962.21
2.3466e+08 2.02599e+09 9.30045e+07 5.57568e+08 12 13 1.11605e+09 2.00165 180.308 2245.01
4.84008e+07 1.13441e+09 9.0647e+07 2.98551e+06 10 13 9.0647e+08 303.623 50.9231 1715.12
2.19593e+08 1.70489e+09 9.24429e+07 3.45648e+08 13 13 1.20176e+09 3.47682 67.0769 1743.67
2.38131e+08 1.80824e+09 8.00934e+07 3.50426e+07 13 13 1.04121e+09 29.7128 82.3077 1908.7
1.97099e+08 1.52422e+09 8.95876e+07 1.46695e+08 11 13 9.85463e+08 6.71775 127.692 1967.47
1.59008e+08 1.6043e+09 9.02023e+07 4.58231e+07 12 13 1.08243e+09 23.6219 97.2308 1718.19
2.65198e+09 3.80631e+09 7.38884e+07 1.88854e+06 12 13 8.86661e+08 469.496 150.923 1924.75
1.71989e+09 3.081e+09 8.67013e+07 1.5968e+08 12 13 1.04042e+09 6.51564 68 1808.3
1.3654e+09 1.89621e+09 8.3405e+07 1.41502e+07 13 13 1.08427e+09 76.6255 70.3077 1631.73
1.14948e+08 1.24836e+09 8.73366e+07 7.43906e+07 11 13 9.60703e+08 12.9143 66.7692 1492.96
1.47496e+08 1.35023e+09 8.79659e+07 2.13355e+08 12 13 1.05559e+09 4.94759 148.308 1754.46
1.24313e+08 1.2528e+09 8.47125e+07 1.46869e+07 10 13 8.47125e+08 57.6791 161.077 2101.72
2.59e+09 4.54832e+09 7.75648e+07 5.70175e+06 9 13 6.98083e+08 122.433 95.0769 1498.18
5.96201e+07 9.99401e+08 7.73308e+07 1.08819e+07 11 13 8.50639e+08 78.17 170.923 2067.23
2.24503e+16 0 5.37984e+07 1.92807e+14 9 13 4.84185e+08 2.51124e-06 62.3077 1559.6
7.70988e+08 2.14968e+09 8.27984e+07 3.08997e+08 11 13 9.10783e+08 2.94755 94.9231 1782.76
1.39921e+08 1.24724e+09 8.98429e+07 3.28535e+08 12 13 1.07812e+09 3.28158 82.9231 1878.49
8.41176e+07 1.27525e+09 8.94496e+07 4.1768e+07 11 13 9.83946e+08 23.5574 82.7692 1736.86
4.21997e+07 8.23341e+08 6.9911e+07 577056 7 13 4.89377e+08 848.057 96.7692 1769.38
4.1134e+07 1.01626e+09 9.22296e+07 1.10125e+08 7 13 6.45607e+08 5.86248 256.308 2116.41
1.81686e+07 6.31564e+08 8.11958e+07 3.65877e+07 7 13 5.68371e+08 15.5345 91.6923 1401.25
4.99803e+07 9.67195e+08 8.9874e+07 1.42753e+07 9 13 8.08866e+08 56.6618 211.231 1880.5
9.61569e+07 8.58387e+08 8.46379e+07 1.38104e+07 12 13 1.01565e+09 73.5425 111.231 1786.04
2.2204e+08 1.3946e+09 8.4173e+07 1.54337e+07 13 13 1.09425e+09 70.9001 140.308 1902.64
6.0988e+07 7.25625e+08 8.08067e+07 1.51509e+06 10 13 8.08067e+08 533.345 91.6923 1642.27
5.15457e+07 1.22173e+09 6.91427e+07 9.84032e+06 9 13 6.22284e+08 63.2382 113.077 1473.96
1.00402e+08 1.13545e+09 6.8754e+07 1.9435e+06 10 13 6.8754e+08 353.764 102 1825.92
1.50074e+08 8.21741e+08 8.52789e+07 1.37034e+07 13 13 1.10863e+09 80.9016 54.9231 2002.14
1.74309e+08 2.21407e+09 9.14856e+07 2.92981e+08 10 13 9.14856e+08 3.12258 128.308 2017.07
1.001e+08 9.30251e+08 9.24743e+07 4.07916e+07 9 13 8.32268e+08 20.4029 329.231 2658.39
2.33334e+13 0 2.5e+07 8.69877e+13 10 13 2.5e+08 2.87397e-06 110 2238.49
7.43146e+07 1.16828e+09 8.40401e+07 5.24987e+07 11 13 9.24441e+08 17.6088 94.3077 1574.29
1.48635e+09 1.85924e+09 7.26495e+07 1.34666e+06 14 13 1.01709e+09 755.269 82.9231 2018.06
1.83736e+08 1.71178e+09 8.95585e+07 4.28195e+08 11 13 9.85144e+08 2.30069 87.2308 1712.44
1.23745e+09 1.94584e+09 7.86233e+07 1.42002e+06 11 13 8.64856e+08 609.044 63.2308 1431.09
9.18941e+07 1.67221e+09 8.58554e+07 1.99588e+07 11 13 9.44409e+08 47.3179 144.308 1752.8
1.12462e+08 1.4722e+09 8.97604e+07 5.86974e+07 10 13 8.97604e+08 15.2921 98.3077 1567.61
1.20272e+08 1.3997e+09 8.93709e+07 1.56818e+07 13 13 1.16182e+09 74.0871 139.692 2029.14
7.58057e+07 1.90788e+09 8.97764e+07 2.94879e+07 7 13 6.28435e+08 21.3116 134.308 1520.04
1.12901e+08 1.1671e+09 7.03474e+07 3.35102e+06 12 13 8.44169e+08 251.914 46.7692 1552.66
3.10159e+09 4.81283e+09 7.73671e+07 1.67551e+07 11 13 8.51038e+08 50.7929 73.0769 1580.59
1.27821e+08 1.54408e+09 8.76757e+07 1.6485e+07 10 13 8.76757e+08 53.1852 98 1778.65
1.75703e+08 1.36369e+09 8.56829e+07 1.38034e+07 12 13 1.02819e+09 74.4887 83.6923 2054.45
5.98643e+07 1.052e+09 8.42071e+07 7.13616e+07 11 13 9.26278e+08 12.9801 101.077 1505.25
1.59341e+08 1.16138e+09 8.09977e+07 6.15119e+06 11 13 8.90974e+08 144.846 159.692 1873.05
6.48216e+07 5.79401e+08 7.68304e+07 5.6801e+06 12 13 9.21965e+08 162.315 31.6923 1742.62
2.30614e+08 1.7685e+09 8.05045e+07 9.54118e+06 12 13 9.66054e+08 101.251 128.769 2336.63
1.91874e+08 1.96767e+09 8.89976e+07 1.70177e+08 12 13 1.06797e+09 6.27564 126.923 2136.49
2.27174e+08 1.63339e+09 7.709e+07 1.84214e+08 12 13 9.2508e+08 5.02176 107.692 1713.29
1.86399e+08 1.0604e+09 8.70607e+07 1.79118e+07 14 13 1.21885e+09 68.0473 81.6923 2051.08
1.22135e+08 1.69919e+09 8.88099e+07 3.24121e+08 10 13 8.88099e+08 2.74003 176.308 1649.35
9.49015e+07 7.78396e+08 7.65611e+07 636935 11 13 8.42173e+08 1322.23 215.077 2193.1
4.54933e+12 0 2.5e+06 5.91413e+13 10 13 2.5e+07 4.22716e-07 108.308 1663.93
2.60572e+09 4.30609e+09 8.57162e+07 1.37118e+08 12 13 1.02859e+09 7.5015 78.7692 1751.23
8.48374e+07 1.47214e+09 8.24991e+07 8.84543e+06 9 13 7.42492e+08 83.9407 134.308 1887.79
5.60041e+09 9.1471e+09 4.98602e+07 169845 8 13 3.98882e+08 2348.5 88.9231 1416.44
2.63565e+07 7.11786e+08 8.51075e+07 1.7733e+07 11 13 9.36182e+08 52.7931 96.3077 1786.98
2.59799e+08 1.72268e+09 8.85906e+07 4.5067e+08 13 13 1.15168e+09 2.55548 88.3077 1949.77
1.09958e+08 1.84553e+09 7.41214e+07 6.95524e+06 13 13 9.63578e+08 138.54 98.9231 1874.51
9.70543e+07 9.61555e+08 8.64156e+07 4.12699e+07 13 13 1.1234e+09 27.2209 57.6923 1535.63
1.10285e+08 1.95988e+09 8.53923e+07 5.18379e+07 9 13 7.6853e+08 14.8257 252.923 2008.86
1.87015e+08 2.11233e+09 8.85291e+07 1.51912e+08 13 13 1.15088e+09 7.57595 80 2069.93
1.5646e+08 1.3208e+09 8.13179e+07 1.65583e+07 10 13 8.13179e+08 49.11 57.0769 1587.44
1.50313e+08 1.78681e+09 9.58733e+07 7.96539e+07 12 13 1.15048e+09 14.4435 116.308 1955.3
8.81307e+08 1.78136e+09 8.29633e+07 9.15991e+07 10 13 8.29633e+08 9.05722 271.692 2245.61
2.22315e+08 1.35681e+09 9.06378e+07 1.65013e+08 14 13 1.26893e+09 7.68987 114.769 1988.55
1.81453e+08 1.56751e+09 8.81989e+07 1.52455e+08 12 13 1.05839e+09 6.94227 108.308 2008.46
5.65998e+08 1.33425e+09 7.00978e+07 1.75632e+06 8 13 5.60783e+08 319.294 91.2308 1389.3
2.07456e+08 2.13186e+09 9.16642e+07 2.47519e+08 11 13 1.00831e+09 4.07365 164.923 1804.27
1.7723e+08 2.07707e+09 9.08227e+07 5.01672e+08 10 13 9.08227e+08 1.8104 156.923 1821.8
1.02029e+08 1.14794e+09 7.90535e+07 4.83195e+06 12 13 9.48642e+08 196.327 198.308 2234.17
