8.65142e+07 1.2803e+09 8.49695e+07 1.34309e+06 11 14 9.34665e+08 695.905 98.8571 1593.72
9.94353e+07 1.67575e+09 9.11901e+07 1.87583e+08 10 14 9.11901e+08 4.86132 91.2143 1714.56
9.75576e+07 1.2095e+09 7.85942e+07 1.01965e+06 10 14 7.85942e+08 770.797 168.357 1530.57
1.39481e+09 2.46713e+09 8.1568e+07 1.54395e+08 13 14 1.06038e+09 6.86799 36 1320.65
6.04267e+07 1.39342e+09 8.82588e+07 1.18586e+08 9 14 7.94329e+08 6.69833 72.3571 1319.84
1.51707e+08 9.10966e+08 7.82502e+07 1.22024e+07 13 14 1.01725e+09 83.365 111.214 1772.23
5.0685e+07 8.2487e+08 6.93024e+07 650716 12 14 8.31629e+08 1278.02 46 1709.06
3.54495e+07 1.75199e+09 8.37061e+07 1.98914e+06 5 14 4.1853e+08 210.408 182.357 1476.07
4.03275e+07 1.1987e+09 8.57029e+07 4.47785e+07 8 14 6.85623e+08 15.3114 151.429 1509.08
2.50394e+07 7.18212e+08 8.13399e+07 4.77501e+07 8 14 6.50719e+08 13.6276 81.4286 1354.32
1.4836e+08 1.72351e+09 8.88179e+07 1.39953e+08 12 14 1.06581e+09 7.61554 107.214 1826.43
1.62873e+09 2.34854e+09 7.53794e+07 2.98057e+06 12 14 9.04553e+08 303.483 76.8571 1555.75
1.54874e+08 1.83442e+09 9.17877e+07 2.51978e+08 11 14 1.00966e+09 4.00695 120.929 1905.52
4.18482e+07 1.22263e+09 9.22296e+07 3.33841e+07 7 14 6.45607e+08 19.3388 112.357 1487.95
3.43591e+08 1.24863e+09 8.6901e+07 2.42285e+08 10 14 8.6901e+08 3.58672 95.7143 1716.63
1.46697e+09 4.00977e+09 7.98323e+07 6.6773e+06 10 14 7.98323e+08 119.558 177.214 1531.33
1.40343e+09 2.52516e+09 7.30976e+07 1.86315e+06 11 14 8.04073e+08 431.566 143.214 1811.28
1.27278e+08 1.26873e+09 9.45847e+07 1.30736e+08 10 14 9.45847e+08 7.23476 138.357 1835.12
3.42914e+09 5.06112e+09 7.06949e+07 8.89161e+06 10 14 7.06949e+08 79.5074 106.929 1643.95
6.94793e+07 1.10133e+09 8.97992e+07 7.73861e+07 7 14 6.28594e+08 8.12283 199.214 1464.39
5.62076e+07 6.654e+08 7.02134e+07 706040 14 14 9.82987e+08 1392.25 32.8571 1462.84
2.31733e+09 3.67448e+09 7.40198e+07 368451 11 14 8.14217e+08 2209.84 121.714 1713.65
7.07868e+07 1.48732e+09 7.55591e+07 2.56993e+07 10 14 7.55591e+08 29.4013 169.214 1707.79
7.16013e+07 9.96073e+08 8.65358e+07 3.19168e+06 7 14 6.05751e+08 189.791 55.2143 1250.02
2.62607e+09 4.37777e+09 7.32348e+07 1.84882e+06 10 14 7.32348e+08 396.117 65.5 1388.83
3.32112e+07 9.61862e+08 8.96737e+07 7.12173e+07 7 14 6.27716e+08 8.81409 119.214 1390.57
7.01533e+07 7.58156e+08 8.8905e+07 1.03281e+07 11 14 9.77955e+08 94.6891 209.214 1673.49
7.3155e+07 8.60369e+08 8.65903e+07 1.49879e+07 9 14 7.79313e+08 51.996 191.714 1647.03
1.3651e+09 2.63334e+09 7.49645e+07 8.5911e+07 9 14 6.74681e+08 7.85325 37.7143 1066.43
1.66229e+08 1.89671e+09 9.06332e+07 3.37607e+08 11 14 9.96965e+08 2.95304 79.4286 1447.78
7.96433e+07 1.55463e+09 9.01975e+07 5.29363e+07 11 14 9.92173e+08 18.7428 136.857 1745.39
1.41394e+08 1.57591e+09 8.6124e+07 2.2881e+08 11 14 9.47364e+08 4.1404 87.2143 1611.6
1.74545e+09 3.53438e+09 6.23269e+07 371816 9 14 5.60942e+08 1508.65 63.5 1328.04
1.1769e+09 2.82097e+09 8.12228e+07 2.83156e+06 11 14 8.9345e+08 315.533 73.4286 1521.5
1.13458e+08 1.19772e+09 8.7097e+07 4.55198e+07 11 14 9.58067e+08 21.0472 65.2143 1457.7
4.13607e+08 1.41385e+09 4.41494e+07 169954 8 14 3.53195e+08 2078.18 51.5 1252.59
8.23568e+07 9.40479e+08 8.61981e+07 1.48255e+07 10 14 8.61981e+08 58.1419 152.929 1408.75
1.90069e+07 4.51268e+08 8.26411e+07 4.39431e+07 9 14 7.4377e+08 16.9257 66 1159.88
1.18463e+08 1.62766e+09 8.9976e+07 3.96018e+08 10 14 8.9976e+08 2.27202 148.857 1649.36
1.46324e+09 3.08322e+09 8.08161e+07 4.95799e+08 11 14 8.88978e+08 1.79302 91.5 1380.64
2.62023e+06 2.12887e+08 5.9539e+07 229301 7 14 4.16773e+08 1817.59 44.3571 1116.91
1.64287e+09 3.29514e+09 8.5623e+07 1.18563e+08 11 14 9.41853e+08 7.94393 120.857 1722.76
1.10083e+08 9.11474e+08 8.69409e+07 2.71955e+07 12 14 1.04329e+09 38.3626 70.9286 1373.47
1.07839e+08 1.06188e+09 8.7097e+07 4.34384e+07 11 14 9.58067e+08 22.0558 56.9286 1337.56
1.75125e+08 1.396e+09 9.00958e+07 2.723e+07 12 14 1.08115e+09 39.7044 121.5 1720.94
6.44608e+08 1.15267e+09 7.84284e+07 8.55179e+07 13 14 1.01957e+09 11.9223 122.857 1481.59
1.16343e+08 2.18673e+09 8.46725e+07 1.88039e+08 10 14 8.46725e+08 4.50292 184.857 1564.89
1.27253e+09 3.85073e+09 8.30405e+07 1.48677e+06 6 14 4.98243e+08 335.118 263.214 1802.04
2.54959e+09 4.11634e+09 8.14617e+07 4.5994e+06 10 14 8.14617e+08 177.114 97.7143 1769.5
5.6099e+07 4.12084e+08 8.54988e+07 8.01873e+07 9 14 7.69489e+08 9.59614 39.4286 1250.4
1.6059e+08 1.19799e+09 8.90908e+07 1.04407e+08 12 14 1.06909e+09 10.2396 35.2143 1530.28
9.73166e+07 1.66639e+09 9.07881e+07 3.97774e+08 9 14 8.17093e+08 2.05416 191.714 1830.22
7.44202e+07 8.64615e+08 8.51002e+07 4.26256e+07 11 14 9.36102e+08 21.961 53.7143 1232.94
9.03057e+07 1.01796e+09 8.79393e+07 9.06722e+07 9 14 7.91454e+08 8.72873 165.214 1619.7
6.55567e+07 9.43643e+08 8.40344e+07 1.16719e+07 9 14 7.5631e+08 64.7974 115.5 1437.64
1.30867e+08 1.15803e+09 8.9515e+07 5.09198e+07 11 14 9.84665e+08 19.3375 157.714 1746.54
9.59174e+07 1.08823e+09 8.46202e+07 5.76537e+07 9 14 7.61581e+08 13.2096 89.7143 1126.43
5.95454e+07 9.28323e+08 8.67298e+07 4.0419e+07 7 14 6.07109e+08 15.0204 68.9286 1079.42
4.24674e+07 1.05929e+09 8.81656e+07 1.60784e+08 6 14 5.28994e+08 3.29009 88.8571 1286.41
2.78219e+09 3.76352e+09 7.26105e+07 4.52864e+06 12 14 8.71326e+08 192.404 106.357 1520.92
4.44232e+13 0 6e+07 3.70535e+14 5 14 3e+08 8.09641e-07 194.357 1945.92
3.17606e+08 1.68407e+09 8.40655e+07 4.32853e+08 10 14 8.40655e+08 1.94212 70.3571 1345.64
1.0326e+08 1.52167e+09 8.91773e+07 2.65833e+08 10 14 8.91773e+08 3.35463 97.4286 1473.04
8.86667e+07 6.57596e+08 7.72298e+07 5.51257e+06 12 14 9.26757e+08 168.117 93.2143 1554.52
1.51688e+08 1.51081e+09 8.95101e+07 4.03934e+07 12 14 1.07412e+09 26.5915 56.8571 1530.44
1.61797e+17 0 5.30351e+07 1.78052e+14 8 14 4.24281e+08 2.38291e-06 123.429 1732.03
7.12292e+07 8.74779e+08 8.13454e+07 2.22128e+07 9 14 7.32109e+08 32.9589 86.3571 1566.7
1.1896e+08 1.62783e+09 9.01491e+07 2.43472e+08 9 14 8.11342e+08 3.33239 82.8571 1590.69
1.50453e+08 1.20348e+09 8.98925e+07 1.19208e+08 11 14 9.88818e+08 8.29491 74.3571 1648.03
1.39826e+08 1.24235e+09 8.80264e+07 2.78892e+08 11 14 9.68291e+08 3.47192 73.4286 1579.02
2.55669e+09 3.60934e+09 8.01318e+07 8.08314e+07 12 14 9.61581e+08 11.8961 36.8571 1297.02
9.08029e+07 1.07759e+09 8.18254e+07 1.10887e+06 11 14 9.0008e+08 811.708 83.7143 1688.23
1.08717e+08 1.09326e+09 8.45288e+07 2.0235e+08 10 14 8.45288e+08 4.17735 99.7143 1522.08
4.3414e+07 8.02643e+08 7.77084e+07 1.09172e+06 11 14 8.54792e+08 782.975 47.7143 1247.62
1.21989e+08 1.1021e+09 8.35064e+07 1.31779e+07 12 14 1.00208e+09 76.042 61.4286 1695.28
2.0706e+09 5.901e+09 7.98323e+07 2.23645e+07 6 14 4.78994e+08 21.4176 87.4286 1102.37
6.35227e+07 1.34583e+09 8.19169e+07 895662 10 14 8.19169e+08 914.596 54.8571 1419.69
1.36207e+08 1.80191e+09 8.8041e+07 5.55164e+07 11 14 9.6845e+08 17.4444 61.4286 1555.34
1.96786e+08 1.61994e+09 9.11632e+07 5.15703e+08 11 14 1.0028e+09 1.94452 182.357 1850.93
7.5684e+12 0 9.375e+06 5.1724e+13 8 14 7.5e+07 1.45e-06 37.4286 1670.56
2.01301e+08 1.68865e+09 9.11414e+07 2.42976e+07 11 14 1.00256e+09 41.2616 132 1821.31
1.27204e+08 1.56929e+09 8.53213e+07 2.62166e+07 9 14 7.67891e+08 29.2903 77.4286 1419.49
8.58662e+07 1.25681e+09 8.59498e+07 4.11881e+07 11 14 9.45447e+08 22.9544 111.429 1608.37
2.35161e+09 3.32407e+09 8.2637e+07 5.24297e+07 13 14 1.07428e+09 20.4899 50.3571 1719.88
1.37933e+08 1.84699e+09 8.95048e+07 1.92016e+08 10 14 8.95048e+08 4.66131 121.429 1569.27
4.30793e+07 5.517e+08 8.26478e+07 1.09017e+06 8 14 6.61182e+08 606.495 111.214 1416.53
2.03629e+18 0 1.1861e+07 5.3716e+13 6 14 7.11661e+07 1.32486e-06 83.4286 1361.77
1.19381e+08 1.18803e+09 9.34984e+07 2.19045e+08 10 14 9.34984e+08 4.26845 92.3571 1806.88
1.2881e+08 9.0763e+08 8.57894e+07 1.18374e+07 12 14 1.02947e+09 86.9679 112.857 1590.54
1.22621e+08 1.221e+09 9.04153e+07 7.08268e+07 10 14 9.04153e+08 12.7657 59.2143 1490.91
6.52747e+07 9.04324e+08 8.51147e+07 1.34626e+08 11 14 9.36262e+08 6.95453 53.5 1439.07
1.18351e+08 1.5969e+09 8.65089e+07 4.35823e+07 11 14 9.51597e+08 21.8345 76.9286 1715.07
4.63627e+07 6.94675e+08 8.26118e+07 1.2141e+07 10 14 8.26118e+08 68.0437 116.929 1292.56
1.56506e+08 1.43665e+09 9.0016e+07 3.59064e+08 11 14 9.90176e+08 2.75766 39.2143 1581.32
6.99993e+07 1.86924e+09 8.90375e+07 1.54938e+07 8 14 7.123e+08 45.9731 170.857 1667.65
1.24679e+08 1.11078e+09 8.4377e+07 2.15746e+07 10 14 8.4377e+08 39.1095 68.3571 1566.12
1.2571e+09 1.67115e+09 5.53637e+07 1.94998e+06 13 14 7.19728e+08 369.096 132.929 1902.37
1.35985e+08 1.55942e+09 8.73802e+07 4.42628e+08 10 14 8.73802e+08 1.97412 81.2143 1561.41
7.85469e+07 1.10558e+09 7.776e+07 7.05208e+06 9 14 6.9984e+08 99.2388 52.8571 1227.42
9.47725e+07 1.34053e+09 8.96384e+07 9.37443e+06 11 14 9.86022e+08 105.182 109.5 1666.31
