2.13596e+12 0 8.33333e+06 1.33223e+13 9 15 7.5e+07 5.62966e-06 92 1120.82
2.46082e+07 1.50239e+09 7.68237e+07 1.33811e+07 6 15 4.60942e+08 34.4474 149.733 1212.67
1.44944e+09 4.17074e+09 8.23939e+07 1.02532e+08 7 15 5.76757e+08 5.62515 49.6 1161.84
4.94707e+07 1.19374e+09 8.21286e+07 8.16161e+06 8 15 6.57029e+08 80.5024 71.6 1174.65
1.17264e+08 1.9165e+09 6.70927e+07 797483 8 15 5.36741e+08 673.044 107.733 1347.23
5.08565e+07 6.57322e+08 7.44772e+07 460009 11 15 8.19249e+08 1780.94 89.7333 1269.97
2.00992e+09 3.69662e+09 7.0639e+07 911209 10 15 7.0639e+08 775.222 74.9333 1250.34
5.96833e+07 1.45959e+09 9.04153e+07 1.60905e+08 6 15 5.42492e+08 3.37151 56 978.112
6.49876e+07 1.73692e+09 8.34665e+07 2.40618e+08 7 15 5.84265e+08 2.42818 63.7333 1024.17
1.38252e+09 2.89651e+09 8.04224e+07 6.70575e+06 9 15 7.23802e+08 107.938 113.333 1216.61
4.98421e+07 1.32012e+09 8.45847e+07 6.91086e+07 7 15 5.92093e+08 8.56757 36.9333 1032.16
1.11112e+08 1.0678e+09 7.76837e+07 2.44752e+07 10 15 7.76837e+08 31.7398 83.6 1513.85
1.36896e+08 2.02288e+09 9.19684e+07 4.31732e+08 9 15 8.27716e+08 1.9172 99.7333 1405.01
5.73686e+07 5.36199e+08 8.69089e+07 1.47105e+07 10 15 8.69089e+08 59.0795 45.7333 1386.08
5.34222e+07 5.39373e+08 8.11342e+07 2.37026e+07 10 15 8.11342e+08 34.2301 66.9333 1335.7
3.75514e+06 5.04037e+08 8.35691e+07 6.93844e+06 7 15 5.84984e+08 84.3106 45.7333 796.149
2.07421e+09 3.89915e+09 7.97045e+07 4.53906e+06 10 15 7.97045e+08 175.597 116.4 1368.7
1.44988e+09 2.26519e+09 7.08612e+07 1.0995e+06 11 15 7.79473e+08 708.932 33.7333 1092.88
1.22299e+09 3.11523e+09 7.49772e+07 1.09767e+07 7 15 5.2484e+08 47.814 130.933 1131.71
1.54211e+08 2.11825e+09 9.21814e+07 5.36398e+08 9 15 8.29633e+08 1.54667 90.9333 1247.41
1.04449e+09 2.49885e+09 6.62762e+07 664233 9 15 5.96486e+08 898.007 109.733 1287.89
9.97624e+07 1.46295e+09 7.74688e+07 1.3735e+06 11 15 8.52157e+08 620.428 29.6 1286.54
1.82359e+09 3.12659e+09 7.16542e+07 1.20313e+06 9 15 6.44888e+08 536.008 92.4 1161.34
6.94762e+08 2.64787e+09 8.42572e+07 3.57027e+08 10 15 8.42572e+08 2.35996 112.933 1167.96
4.45832e+07 1.17453e+09 9.30911e+07 2.24176e+08 4 15 3.72364e+08 1.66104 67.3333 872.465
9.5726e+08 2.14993e+09 7.60383e+07 1.1405e+07 8 15 6.08307e+08 53.3368 87.7333 1021.11
3.97327e+07 8.6513e+08 8.73092e+07 2.92059e+07 9 15 7.85783e+08 26.9049 53.3333 1081.48
2.99518e+13 0 3.32002e+07 9.87476e+13 6 15 1.99201e+08 2.01728e-06 22.9333 1046.27
7.21965e+07 1.24791e+09 8.17093e+07 3.38835e+08 8 15 6.53674e+08 1.92918 72.9333 1055.93
9.45958e+07 1.53646e+09 8.96326e+07 4.11248e+07 10 15 8.96326e+08 21.7953 45.7333 1266.24
2.23625e+13 0 2.8147e+07 9.59434e+13 10 15 2.8147e+08 2.93371e-06 95.3333 1310
7.26389e+07 1.27165e+09 8.54932e+07 4.01834e+06 8 15 6.83946e+08 170.206 141.733 1267.99
1.04003e+08 1.17154e+09 8.51837e+07 2.42744e+07 10 15 8.51837e+08 35.092 78.9333 1240.35
8.03924e+07 2.06569e+09 8.75399e+07 1.27792e+08 8 15 7.00319e+08 5.48017 90.4 1091.23
1.96614e+09 4.16935e+09 8.60863e+07 5.65786e+08 10 15 8.60863e+08 1.52153 133.333 1396.29
4.71008e+07 8.34735e+08 8.62049e+07 2.10908e+08 7 15 6.03435e+08 2.86113 70.4 1152.3
6.66204e+07 1.22437e+09 8.68371e+07 7.21459e+06 10 15 8.68371e+08 120.363 37.7333 1310.88
8.78243e+07 1.80875e+09 8.30072e+07 3.13276e+07 8 15 6.64058e+08 21.1972 132.933 1123.35
4.02667e+07 8.36616e+08 8.96565e+07 1.70653e+08 6 15 5.37939e+08 3.15224 198.4 1389.5
5.83238e+07 8.04435e+08 7.30032e+07 1.37476e+07 8 15 5.84026e+08 42.4821 69.7333 1121.71
8.03994e+08 1.66435e+09 6.79422e+07 2.33529e+06 11 15 7.47364e+08 320.03 127.6 1619.19
6.61744e+07 1.14424e+09 8.45669e+07 6.27506e+07 9 15 7.61102e+08 12.129 38.9333 1083.62
1.22053e+08 1.81925e+09 8.65903e+07 4.44055e+08 9 15 7.79313e+08 1.75499 52.9333 1149.17
7.80056e+07 1.52614e+09 9.17432e+07 1.81718e+07 8 15 7.33946e+08 40.3893 115.733 1472.71
6.90854e+07 8.41632e+08 7.45385e+07 6.30787e+06 9 15 6.70847e+08 106.351 110.933 1360.66
9.03853e+07 1.29685e+09 8.47267e+07 7.14123e+07 9 15 7.6254e+08 10.678 59.3333 1232.25
6.79564e+07 1.27226e+09 9.05252e+07 2.2226e+07 8 15 7.24201e+08 32.5835 104.933 1283.39
8.72297e+07 1.05741e+09 8.3147e+07 2.80196e+07 10 15 8.3147e+08 29.6745 70.4 1278.39
7.68867e+07 1.08442e+09 8.72524e+07 1.13185e+07 10 15 8.72524e+08 77.0883 95.7333 1331.27
1.72686e+09 2.74803e+09 6.51358e+07 1.7398e+06 12 15 7.81629e+08 449.264 49.3333 1337.15
3.94947e+07 3.55864e+08 8.74246e+07 2.02445e+07 9 15 7.86821e+08 38.8658 241.333 1433.34
4.18365e+07 4.59678e+08 7.67128e+07 4.85609e+06 9 15 6.90415e+08 142.175 80.9333 1269.4
2.29449e+09 4.98097e+09 6.71226e+07 2.03958e+06 8 15 5.36981e+08 263.281 62.9333 1206.74
7.70929e+07 1.29169e+09 8.28731e+07 1.61782e+08 7 15 5.80112e+08 3.58576 80.9333 1112.02
7.34736e+08 1.78706e+09 6.6853e+07 8.51605e+06 9 15 6.01677e+08 70.6521 66.9333 1023.63
7.26666e+07 1.01827e+09 8.73713e+07 2.63245e+07 9 15 7.86342e+08 29.8711 132.4 1312.68
1.34002e+09 3.30359e+09 7.66089e+07 3.01432e+06 7 15 5.36262e+08 177.905 172.4 1257.79
9.74022e+07 9.19417e+08 8.123e+07 1.24863e+07 9 15 7.3107e+08 58.5499 46 1131.41
1.36299e+09 2.06277e+09 6.9104e+07 4.56163e+06 11 15 7.60144e+08 166.639 43.7333 1144.26
1.23427e+08 2.29309e+09 9.10366e+07 2.18519e+08 9 15 8.19329e+08 3.74946 107.6 1455.31
1.19554e+08 1.30707e+09 9.11164e+07 2.22092e+07 9 15 8.20048e+08 36.9238 32.9333 1112.61
4.67252e+07 1.38229e+09 8.56344e+07 1.10498e+08 7 15 5.99441e+08 5.42493 74 986.034
1.0525e+09 2.55757e+09 7.58608e+07 6.21945e+06 9 15 6.82748e+08 109.776 68.9333 1093.06
5.19379e+07 1.25536e+09 8.46189e+07 1.41681e+08 7 15 5.92332e+08 4.18075 74.4 1042.95
1.54339e+07 6.02643e+08 8.3649e+07 1.16451e+08 7 15 5.85543e+08 5.02824 92.9333 994.761
1.71748e+08 2.62703e+09 9.65655e+07 4.94329e+08 8 15 7.72524e+08 1.56277 115.733 1352.14
1.64672e+09 3.6407e+09 5.00913e+07 391622 7 15 3.50639e+08 895.35 124.933 1309.26
8.72089e+07 1.23551e+09 8.82089e+07 1.18798e+08 8 15 7.05671e+08 5.94011 60.4 1054.57
6.25824e+07 1.50389e+09 8.61593e+07 4.63397e+06 7 15 6.03115e+08 130.151 62.9333 974.062
1.03861e+08 1.53732e+09 7.12726e+07 6.79756e+06 9 15 6.41454e+08 94.3653 61.6 1204.87
1.64034e+09 3.2194e+09 8.15318e+07 2.56417e+07 9 15 7.33786e+08 28.6169 109.733 1331.33
3.02324e+07 6.28828e+08 8.55511e+07 6.42308e+06 10 15 8.55511e+08 133.193 124.933 1110.79
2.36523e+09 4.33825e+09 8.16439e+07 1.03362e+08 11 15 8.98083e+08 8.68872 59.7333 1329.35
8.79295e+07 1.41973e+09 9.30911e+07 9.10156e+07 8 15 7.44728e+08 8.18243 80.9333 1237.19
1.32215e+08 9.63079e+08 7.38455e+07 1.28121e+06 11 15 8.123e+08 634.009 61.7333 1201.96
2.26101e+09 4.25507e+09 7.93486e+07 9.15817e+07 9 15 7.14137e+08 7.79781 68.9333 1045.58
9.22098e+07 9.97412e+08 8.93211e+07 1.34422e+07 10 15 8.93211e+08 66.4482 97.7333 1578.78
1.19007e+08 1.5e+09 8.01837e+07 2.24409e+07 10 15 8.01837e+08 35.7311 66.9333 1333.86
3.36656e+09 6.64077e+09 6.183e+07 514741 9 15 5.5647e+08 1081.07 149.6 1274.71
7.81902e+07 1.25948e+09 6.74521e+07 1.82661e+07 8 15 5.39617e+08 29.542 389.733 1652
6.7543e+08 2.00929e+09 7.34647e+07 2.59395e+06 9 15 6.61182e+08 254.894 110.933 1306.84
1.07568e+08 4.09072e+08 5.72185e+07 792505 8 15 4.57748e+08 577.596 60.9333 1257.2
9.69955e+07 1.15873e+09 8.96466e+07 4.34191e+07 8 15 7.17173e+08 16.5174 67.7333 1372.7
1.76043e+13 0 1.66667e+07 1.13123e+14 6 15 1e+08 8.83995e-07 82.9333 1147.12
6.23647e+07 1.093e+09 8.20021e+07 6.03923e+06 9 15 7.38019e+08 122.204 89.6 1274.65
1.08125e+08 1.05585e+09 8.91054e+07 6.61124e+06 10 15 8.91054e+08 134.779 89.7333 1221.6
6.69324e+08 1.91459e+09 8.47799e+07 6.37142e+07 9 15 7.63019e+08 11.9756 45.7333 1044.21
1.93687e+08 1.46436e+09 7.82109e+07 1.24772e+06 10 15 7.82109e+08 626.832 78.9333 1212.71
6.05161e+07 1.01233e+09 8.0611e+07 1.98341e+07 8 15 6.44888e+08 32.514 66.9333 1149.73
5.5622e+12 0 3.57143e+06 8.3433e+13 7 15 2.5e+07 2.99641e-07 95.3333 1341.22
6.36531e+08 1.73627e+09 7.12593e+07 8.46903e+07 6 15 4.27556e+08 5.04846 48 881.542
9.01478e+07 1.07216e+09 8.28355e+07 1.65236e+07 10 15 8.28355e+08 50.1317 70 1177.45
3.30412e+07 8.58714e+08 8.41054e+07 2.0077e+07 9 15 7.56949e+08 37.7023 53.7333 1104.35
4.48801e+07 1.49464e+09 9.43424e+07 2.07147e+08 6 15 5.66054e+08 2.73263 74 1000.69
2.41045e+09 5.30683e+09 8.21264e+07 3.60393e+08 9 15 7.39137e+08 2.05092 180 1611.43
1.31744e+08 1.8002e+09 8.9874e+07 4.56009e+08 9 15 8.08866e+08 1.77379 87.7333 1289.93
9.40766e+07 9.79452e+08 8.67412e+07 1.16652e+07 10 15 8.67412e+08 74.3589 31.7333 1271.36
7.12138e+08 2.1754e+09 5.77299e+07 2.67735e+06 9 15 5.19569e+08 194.061 117.6 1171.13
2.03501e+09 3.23525e+09 5.67013e+07 423334 10 15 5.67013e+08 1339.4 64 1066.99
8.03677e+07 1.14954e+09 8.38458e+07 707396 8 15 6.70767e+08 948.219 51.3333 1075.41
