1.16119e+08 1.96795e+09 9.19429e+07 1.18513e+08 8 16 7.35543e+08 6.20643 67 1158.89
1.39093e+08 2.2373e+09 8.91573e+07 3.63927e+08 8 16 7.13259e+08 1.95989 47.4375 896.865
1.58649e+09 3.26123e+09 7.43371e+07 8.48357e+06 10 16 7.43371e+08 87.6247 71.75 972.283
4.65345e+07 7.81502e+08 7.8774e+07 2.88103e+07 8 16 6.30192e+08 21.8738 48.9375 1019.75
8.31237e+07 1.25429e+09 8.10475e+07 5.63012e+06 7 16 5.67332e+08 100.767 29.75 903.676
1.00035e+09 3.01545e+09 7.84003e+07 1.27043e+07 7 16 5.48802e+08 43.1983 94.9375 911.92
7.3323e+07 1.56312e+09 8.94683e+07 2.8238e+08 7 16 6.26278e+08 2.21785 141.438 923.499
1.17171e+07 3.13879e+08 5.82382e+07 2.13991e+06 7 16 4.07668e+08 190.507 55.75 865.808
1.93302e+07 2.99804e+08 8.24509e+07 4.47411e+07 7 16 5.77157e+08 12.8999 42 859.786
5.56683e+07 9.57929e+08 7.93042e+07 1.39301e+06 9 16 7.13738e+08 512.372 84 1018.99
1.56239e+08 2.23471e+09 9.29413e+07 4.47538e+08 8 16 7.4353e+08 1.66138 36.4375 960.288
9.02122e+07 9.6589e+08 6.64271e+07 455008 9 16 5.97843e+08 1313.92 32 838.263
1.01848e+07 4.80937e+08 6.41374e+07 1.27108e+07 6 16 3.84824e+08 30.2754 27.9375 802.13
1.08386e+16 0 5.96113e+07 7.98987e+14 6 16 3.57668e+08 4.47651e-07 61 1019.58
1.39516e+12 0 3.57143e+06 2.23225e+13 7 16 2.5e+07 1.11995e-06 61.75 910.067
2.00837e+13 0 9.375e+06 6.29253e+13 8 16 7.5e+07 1.19189e-06 46.4375 967.015
8.41766e+07 1.30234e+09 9.06649e+07 1.2191e+08 8 16 7.25319e+08 5.94961 70.9375 997.511
1.12559e+08 1.56129e+09 8.96765e+07 1.39133e+08 8 16 7.17412e+08 5.15632 74.4375 965.906
3.45983e+07 7.96254e+08 7.99654e+07 1.04041e+07 6 16 4.79792e+08 46.1157 32.9375 893.746
1.44792e+09 5.02854e+09 7.00213e+07 730608 6 16 4.20128e+08 575.039 38.9375 886.468
1.35574e+08 1.72162e+09 9.58267e+07 4.78516e+08 8 16 7.66613e+08 1.60206 129 1290.96
6.92165e+08 2.35541e+09 8.48953e+07 1.99883e+08 9 16 7.64058e+08 3.82252 75.75 1019.94
8.91459e+07 1.89678e+09 9.06093e+07 3.44244e+08 7 16 6.34265e+08 1.84249 56.9375 906.207
1.26364e+09 2.73036e+09 7.01677e+07 5.80718e+07 8 16 5.61342e+08 9.66634 57.9375 695.214
1.10458e+08 2.01058e+09 9.23323e+07 3.34067e+08 7 16 6.46326e+08 1.93472 95 906.697
8.76633e+07 2.02816e+09 9.34771e+07 4.08168e+08 6 16 5.60863e+08 1.3741 181.438 1149.95
7.91552e+06 9.64108e+08 7.30831e+07 4.15874e+06 7 16 5.11581e+08 123.014 57.4375 855.752
2.43845e+09 5.4669e+09 7.36522e+07 7.34853e+07 8 16 5.89217e+08 8.01816 48.4375 930.148
1.0282e+08 2.16704e+09 9.54473e+07 4.67969e+08 6 16 5.72684e+08 1.22376 102.938 971.204
1.11206e+08 1.98875e+09 8.69922e+07 5.0036e+08 7 16 6.08946e+08 1.21701 108.438 914.206
3.99844e+09 8.74156e+09 6.79213e+07 2.05399e+07 8 16 5.43371e+08 26.4545 86.9375 1098.54
5.84208e+07 8.54504e+08 8.71705e+07 1.53512e+08 8 16 6.97364e+08 4.54274 61 956.627
1.11228e+08 1.60418e+09 9.02556e+07 6.2064e+07 8 16 7.22045e+08 11.6339 99.4375 1206.45
1.25874e+09 3.11499e+09 7.66545e+07 8.63404e+06 7 16 5.36581e+08 62.1472 60 1018.51
9.48667e+07 1.51664e+09 7.81835e+07 1.19524e+06 7 16 5.47284e+08 457.886 47.9375 857.637
1.4278e+06 8.60415e+07 5.14137e+07 485186 10 16 5.14137e+08 1059.67 51.75 1015.03
1.01563e+09 4.1125e+09 6.95345e+07 1.06867e+06 7 16 4.86741e+08 455.466 123.938 1138.04
5.46847e+07 1.48369e+09 9.0402e+07 1.87597e+07 6 16 5.42412e+08 28.9137 75.9375 1164.7
1.77052e+16 0 4.25719e+07 3.33694e+13 6 16 2.55431e+08 7.65466e-06 43.4375 813.877
5.35711e+07 3.63207e+08 8.53606e+07 6.24148e+07 7 16 5.97524e+08 9.57343 67 941.62
1.49241e+09 4.01664e+09 7.65775e+07 6.65762e+07 8 16 6.1262e+08 9.20179 128 927.167
3.55578e+07 1.34049e+09 8.62354e+07 2.18562e+08 6 16 5.17412e+08 2.36735 102.438 897.282
6.44278e+07 1.05666e+09 9.51145e+07 2.06882e+08 6 16 5.70687e+08 2.75852 73 1106.52
5.85702e+07 1.04319e+09 8.79849e+07 1.17185e+07 7 16 6.15895e+08 52.5576 129.438 1139.49
1.57839e+09 3.31064e+09 5.66028e+07 966137 9 16 5.09425e+08 527.28 58.9375 1018.85
8.3221e+07 1.06014e+09 8.55132e+07 1.07465e+07 8 16 6.84105e+08 63.6582 123 1184.5
5.04296e+07 2.0145e+09 8.8778e+07 2.75818e+08 6 16 5.32668e+08 1.93123 64.4375 816.751
1.10155e+09 3.2193e+09 6.84961e+07 4.68095e+06 7 16 4.79473e+08 102.431 71 930.429
1.16072e+08 2.22123e+09 9.71512e+07 4.96064e+08 6 16 5.82907e+08 1.17506 81.75 1019.11
3.41474e+06 2.66031e+08 5.73083e+07 423730 6 16 3.4385e+08 811.483 68 868.205
4.24207e+07 1.09567e+09 6.25285e+07 259659 7 16 4.377e+08 1685.67 55.75 875.458
9.69475e+07 2.06806e+09 9.25852e+07 4.42628e+08 6 16 5.55511e+08 1.25503 100.938 1060.18
5.402e+07 8.04413e+08 8.67512e+07 7.09037e+07 8 16 6.9401e+08 9.78806 25.4375 910.778
1.31858e+09 2.85091e+09 7.1885e+07 5.29203e+06 9 16 6.46965e+08 122.253 89 1189.4
4.57058e+07 1.11497e+09 8.79165e+07 1.5264e+07 7 16 6.15415e+08 40.318 118.938 1077.74
7.42515e+08 2.3494e+09 7.55933e+07 5.86373e+06 7 16 5.29153e+08 90.2417 127.75 1117.7
1.57465e+12 0 5e+06 2.51944e+13 5 16 2.5e+07 9.92286e-07 47.9375 811.888
4.00739e+07 8.13169e+08 8.55698e+07 5.41723e+07 6 16 5.13419e+08 9.47751 68.4375 1093.64
4.43495e+07 1.28371e+09 8.4345e+07 1.09102e+08 7 16 5.90415e+08 5.41158 98 959.255
3.83391e+07 1.35283e+09 8.82474e+07 1.87246e+07 7 16 6.17732e+08 32.9904 101.938 893.352
8.55267e+07 2.08115e+09 8.34665e+07 796101 5 16 4.17332e+08 524.221 172.938 1193.13
5.77232e+07 9.96704e+08 8.53492e+07 9.7491e+07 7 16 5.97444e+08 6.1282 88.4375 1078.03
1.48993e+07 1.63935e+09 8.4172e+07 6.99098e+07 6 16 5.05032e+08 7.22405 59.75 804.884
992541 2.88816e+08 7.46006e+07 1.58807e+07 4 16 2.98403e+08 18.7903 72.4375 749.466
1.866e+07 9.65646e+08 8.26278e+07 9.54289e+06 6 16 4.95767e+08 51.9514 78.4375 953.955
1.91106e+09 4.02652e+09 7.53017e+07 788872 9 16 6.77716e+08 859.095 55.75 1162.14
1.06727e+08 2.21014e+09 8.97364e+07 3.00021e+08 8 16 7.17891e+08 2.3928 104.438 1202.76
7.16107e+07 8.24084e+08 8.97564e+07 4.28749e+07 8 16 7.18051e+08 16.7476 45.75 1039.44
0 0 0 0 0 0 0 0 0 0
3.65961e+07 1.01236e+09 6.9369e+07 4.30578e+06 6 16 4.16214e+08 96.6641 63.75 860.908
5.41531e+07 1.90599e+09 8.26038e+07 4.49002e+07 5 16 4.13019e+08 9.1986 87.75 827.105
7.22576e+07 9.62977e+08 8.76098e+07 6.44222e+07 8 16 7.00879e+08 10.8795 46.9375 957.966
7.91553e+07 1.38335e+09 9.31082e+07 3.33549e+08 7 16 6.51757e+08 1.95401 136.438 1139.65
3.45189e+07 5.73985e+08 7.84231e+07 2.00778e+06 7 16 5.48962e+08 273.417 57.4375 1206.56
1.43109e+08 2.19786e+09 9.05851e+07 4.59931e+08 8 16 7.24681e+08 1.57563 89.75 1248.3
1.99293e+07 5.21208e+08 8.62487e+07 8.2919e+07 6 16 5.17492e+08 6.24093 102.938 960.926
4.56414e+07 1.14623e+09 8.57029e+07 4.07925e+07 7 16 5.9992e+08 14.7066 118.938 1079.89
9.33548e+07 1.62146e+09 9.17432e+07 9.42415e+07 8 16 7.33946e+08 7.78792 118.938 1168.51
6.31748e+08 1.95578e+09 8.12212e+07 1.91621e+08 9 16 7.3099e+08 3.81476 51 1202.12
9.87591e+07 1.8701e+09 8.54732e+07 1.71888e+07 8 16 6.83786e+08 39.7809 71.4375 1172.29
8.25608e+07 1.02214e+09 8.13365e+07 1.06185e+06 9 16 7.32029e+08 689.388 61.75 1077.84
1.31791e+07 8.99852e+08 7.66659e+07 2.2386e+07 7 16 5.36661e+08 23.9731 116 887.772
1.34685e+09 3.72986e+09 7.66108e+07 6.38054e+06 6 16 4.59665e+08 72.0416 107 913.561
8.20277e+07 1.32263e+09 7.98722e+07 7.93778e+06 8 16 6.38978e+08 80.4982 48.4375 908.908
9.54513e+07 1.78946e+09 8.86082e+07 2.18677e+08 8 16 7.08866e+08 3.2416 93.75 1194.11
1.3646e+09 3.33868e+09 6.62141e+07 8.082e+06 8 16 5.29712e+08 65.5422 62 921.56
1.0087e+09 3.45992e+09 8.04712e+07 3.5466e+06 8 16 6.4377e+08 181.518 124 1079.02
7.54228e+07 2.29864e+09 9.26384e+07 6.41277e+07 6 16 5.55831e+08 8.66755 121 1126.99
3.52601e+07 1.48282e+09 7.87996e+07 821171 7 16 5.51597e+08 671.721 88.9375 926.983
6.71154e+07 1.63678e+09 8.5623e+07 3.42851e+08 7 16 5.99361e+08 1.74817 60.9375 921.684
6.66924e+07 1.51016e+09 8.75399e+07 1.81806e+08 7 16 6.1278e+08 3.37052 60 961.535
6.13437e+12 0 1.25e+07 4.63655e+13 6 16 7.5e+07 1.61758e-06 145 1170.38
3.05388e+08 1.25098e+09 7.36102e+07 5.3219e+07 5 16 3.68051e+08 6.91578 67 796.265
1.10914e+07 2.52197e+08 7.0028e+07 395621 8 16 5.60224e+08 1416.06 51 992.263
3.69389e+07 1.33128e+09 8.44363e+07 2.96462e+07 7 16 5.91054e+08 19.9369 57 909.422
4.02739e+07 8.4502e+08 8.66385e+07 7.94219e+06 7 16 6.0647e+08 76.3605 137.75 850.028
1.36725e+08 1.81945e+09 9.36402e+07 4.23216e+08 8 16 7.49121e+08 1.77007 39 929.794
5.98773e+07 9.60448e+08 8.70507e+07 1.46138e+08 8 16 6.96406e+08 4.76541 46 1037.77
298752 3.28506e+08 7.30831e+07 2.37868e+06 5 16 3.65415e+08 153.621 57.75 680.323
1.68598e+07 1.31179e+09 8.83227e+07 1.98587e+07 5 16 4.41613e+08 22.2378 109.75 754.509
