9.51736e+07 1.11181e+09 8.24966e+07 1.54218e+07 14 5 1.15495e+09 74.891 206.8 5475.68
6.91903e+07 2.53131e+09 6.90974e+07 5.86279e+06 10 5 6.90974e+08 117.858 194 4275.08
1.46766e+08 9.0528e+08 9.08728e+07 4.05963e+07 11 5 9.99601e+08 24.623 294 7030.41
1.33102e+08 1.38923e+09 8.43783e+07 6.45049e+06 12 5 1.01254e+09 156.971 61.2 3792.54
1.35198e+08 3.56429e+08 8.88578e+07 3.6695e+07 12 5 1.06629e+09 29.0583 450 6618.85
2.82824e+08 1.5496e+09 8.3722e+07 7.94308e+07 15 5 1.25583e+09 15.8104 204.8 5685.98
2.25011e+08 1.1056e+09 8.44569e+07 2223.07 10 5 8.44569e+08 379911 118.8 5122.25
2.19235e+08 1.52244e+09 9.06789e+07 3.56323e+07 10 5 9.06789e+08 25.4485 146 5125.05
3.88339e+07 2.54318e+08 8.39286e+07 4.29118e+06 14 5 1.175e+09 273.818 454 5976.82
4.36672e+08 1.50916e+09 8.90425e+07 5.16347e+06 16 5 1.42468e+09 275.915 110.8 5529.47
2.31938e+08 1.13798e+09 8.16427e+07 2.05447e+07 12 5 9.79712e+08 47.6868 121.2 3951.84
7.08907e+07 7.81988e+08 8.26985e+07 5.27156e+06 13 5 1.07508e+09 203.94 389.2 5750.82
