1.40504e+08 7.19561e+08 8.67754e+07 6.71437e+07 14 6 1.21486e+09 18.0934 199.333 4841.71
2.338e+08 1.54079e+09 7.9803e+07 4.32134e+07 15 6 1.19704e+09 27.7008 224 3917.61
2.40594e+08 1.27174e+09 8.96965e+07 1.08457e+07 15 6 1.34545e+09 124.053 89.5 2984.44
1.69433e+08 6.27857e+08 9.03293e+07 2.78012e+07 13 6 1.17428e+09 42.2385 224.833 4700.72
3.23859e+08 1.82548e+09 9.12882e+07 1.15158e+08 14 6 1.27804e+09 11.0981 214.833 4560.44
1.31975e+08 1.21912e+09 8.23539e+07 1.52674e+07 14 6 1.15296e+09 75.5173 253.5 3650.44
1.84399e+08 1.05989e+09 8.78701e+07 5.14617e+07 15 6 1.31805e+09 25.6123 174 3454.67
1.98013e+08 1.07378e+09 8.46018e+07 4.94094e+07 14 6 1.18442e+09 23.9717 268 4418.41
1.79002e+08 1.27969e+09 8.58413e+07 2.1781e+07 15 6 1.28762e+09 59.1165 174.833 3944.69
3.58661e+09 2.76934e+09 8.44177e+07 3.95474e+06 11 6 9.28594e+08 234.806 69.3333 3094.09
5.59169e+07 4.81787e+08 8.99869e+07 6.5499e+07 11 6 9.89856e+08 15.1125 257.5 4012.72
2.11683e+08 1.66128e+09 8.55554e+07 1.67366e+08 13 6 1.11222e+09 6.64545 138.833 4045.99
1.21235e+08 1.59057e+09 8.70099e+07 3.80463e+07 11 6 9.57109e+08 25.1564 207.333 3730.45
8.34595e+07 4.40384e+08 8.0621e+07 1.20987e+07 8 6 6.44968e+08 53.3088 301.5 4484.88
1.55347e+08 1.13693e+09 8.58959e+07 5.60493e+07 12 6 1.03075e+09 18.3901 238.833 3690.65
2.59254e+08 1.28472e+09 9.06795e+07 5.94408e+06 13 6 1.17883e+09 198.321 138.833 4334.77
6.6118e+07 9.02681e+08 8.99601e+07 1.33727e+07 10 6 8.99601e+08 67.2715 353.5 5302.25
3.18565e+08 1.1448e+09 8.96592e+07 1.34556e+07 15 6 1.34489e+09 99.9498 174.833 4246.43
1.50654e+08 9.18882e+08 7.94101e+07 2.99825e+06 14 6 1.11174e+09 370.797 224 3974.53
2.26528e+08 1.6783e+09 8.48775e+07 8.27228e+07 15 6 1.27316e+09 15.3907 246.833 4386.65
2.72058e+08 1.53395e+09 8.67127e+07 6.19912e+07 14 6 1.21398e+09 19.5831 90.8333 3735.17
8.80473e+17 0 7.877e+07 6.10026e+16 5 6 3.9385e+08 6.45628e-09 245.333 4374.51
2.54641e+08 1.37625e+09 8.20154e+07 2.72628e+07 12 6 9.84185e+08 36.0999 230 5247.63
2.01452e+08 1.76233e+09 8.65016e+07 6.46065e+07 11 6 9.51518e+08 14.7279 364 4635.43
3.26382e+08 1.79523e+09 8.75891e+07 1.12334e+08 13 6 1.13866e+09 10.1364 253.333 4060.71
2.79565e+08 1.58341e+09 8.47843e+07 2.62944e+08 16 6 1.35655e+09 5.15908 114.833 3435.08
1.75215e+08 1.44234e+09 9.03925e+07 4.1434e+07 14 6 1.2655e+09 30.5424 169.333 4105.48
2.27899e+08 9.30161e+08 8.32084e+07 1.04584e+08 13 6 1.08171e+09 10.343 233.5 4286.05
6.71812e+07 1.22148e+09 8.6853e+07 7.80433e+06 15 6 1.3028e+09 166.932 194 3948.28
1.54966e+08 8.03176e+08 7.55775e+07 1.24134e+07 13 6 9.82508e+08 79.1491 295.333 5521.96
3.25342e+08 1.63735e+09 9.18302e+07 1.11912e+08 14 6 1.28562e+09 11.4878 134.833 4243.74
2.51018e+08 1.29662e+09 8.33966e+07 2.93653e+07 16 6 1.33435e+09 45.4395 47.3333 3116.03
3.20191e+08 1.38406e+09 8.78794e+07 2.96582e+08 16 6 1.40607e+09 4.74092 107.333 2990.99
1.57963e+08 9.80346e+08 8.7403e+07 2.76785e+06 14 6 1.22364e+09 442.092 142.833 3699.82
4.57662e+09 4.0722e+09 8.41111e+07 3.40184e+08 14 6 1.17756e+09 3.46153 76.8333 3112.37
8.66234e+07 1.87022e+09 8.67044e+07 2.42482e+07 13 6 1.12716e+09 46.4841 291.333 3949.81
2.69257e+08 1.38511e+09 8.83087e+07 1.8095e+06 16 6 1.41294e+09 780.845 42.8333 2999.51
2.20518e+08 1.32036e+09 8.82035e+07 7.34017e+07 13 6 1.14665e+09 15.6215 169.333 4100.49
1.74459e+08 9.94396e+08 8.73661e+07 6.8879e+07 17 6 1.48522e+09 21.5628 212.833 4132.3
2.18675e+08 7.33899e+08 8.00277e+07 2.55623e+07 19 6 1.52053e+09 59.4833 92 3408.51
3.06214e+07 8.85434e+08 6.28471e+07 1.22832e+07 13 6 8.17013e+08 66.5145 240.833 3236.75
3.29258e+08 1.29454e+09 8.8738e+07 1.93197e+08 14 6 1.24233e+09 6.43038 91.3333 3141.84
2.21757e+08 1.34056e+09 9.1756e+07 2.29643e+08 14 6 1.28458e+09 5.59383 138.833 3759.68
3.75634e+08 1.12759e+09 7.22897e+07 1.46746e+06 15 6 1.08435e+09 738.926 59.3333 3097.8
5.19141e+08 2.2708e+09 8.47344e+07 2.43533e+08 16 6 1.35575e+09 5.56701 131.333 3518.9
2.02305e+08 1.25613e+09 8.961e+07 3.19358e+07 12 6 1.07532e+09 33.6712 34.8333 3130.07
3.81444e+08 1.02694e+09 8.52693e+07 1.11763e+07 14 6 1.19377e+09 106.813 119.333 3241.81
2.41488e+08 1.41016e+09 8.93112e+07 5.66485e+07 17 6 1.51829e+09 26.802 76.8333 3574.48
1.32661e+08 9.50733e+08 8.65385e+07 1.60646e+08 13 6 1.125e+09 7.00298 317.5 4662.29
2.09388e+08 1.59456e+09 7.86188e+07 1.53006e+07 13 6 1.02204e+09 66.7976 156 3393.33
3.70762e+09 2.67297e+09 8.14624e+07 125764 11 6 8.96086e+08 7125.12 374.833 4135.91
2.19784e+08 1.34095e+09 8.76624e+07 3.9402e+07 15 6 1.31494e+09 33.3723 169.5 3312.01
1.17109e+09 2.24262e+09 8.91592e+07 4.12076e+08 11 6 9.80751e+08 2.38002 235.333 3450.89
3.13293e+08 1.63345e+09 8.26677e+07 8.55843e+06 16 6 1.32268e+09 154.547 165.333 3426.07
