2.27179e+08 2.51344e+09 7.90335e+07 2.12217e+07 14 7 1.10647e+09 52.1387 179.714 3170.83
3.60661e+08 1.23289e+09 9.20374e+07 1.15014e+08 13 7 1.19649e+09 10.403 167.429 3252.52
1.08055e+08 9.00915e+08 8.5709e+07 2.6438e+07 13 7 1.11422e+09 42.1446 227.429 3598.16
3.68294e+08 1.9487e+09 8.72204e+07 6.60462e+06 16 7 1.39553e+09 211.296 140 3635.77
3.34856e+08 1.89212e+09 9.07533e+07 3.55187e+08 13 7 1.17979e+09 3.32161 120.857 3210.27
3.14237e+08 2.16847e+09 8.40256e+07 1.73489e+07 14 7 1.17636e+09 67.8059 89.4286 2888.7
2.22765e+08 1.41869e+09 8.75342e+07 8.39216e+07 14 7 1.22548e+09 14.6027 268.857 3879.95
1.09657e+08 2.12655e+09 8.83147e+07 2.38837e+07 10 7 8.83147e+08 36.977 90 3058.67
1.36768e+08 1.0183e+09 8.59774e+07 9.25313e+07 16 7 1.37564e+09 14.8667 101.429 2850.87
2.60755e+08 1.82185e+09 8.39974e+07 1.95343e+08 17 7 1.42796e+09 7.30999 52.8571 2587.99
1.73758e+08 1.82678e+09 8.10543e+07 5.64062e+07 15 7 1.21581e+09 21.5546 176.857 3176.14
1.57791e+08 7.46977e+08 9.25719e+07 2.15181e+07 15 7 1.38858e+09 64.5307 101.429 3301.94
2.66838e+08 1.42042e+09 9.123e+07 1.88722e+08 15 7 1.36845e+09 7.25113 206.857 3823.5
2.53891e+08 9.73429e+08 8.11981e+07 1.26954e+07 15 7 1.21797e+09 95.938 366.857 4697.91
2.67526e+08 7.45524e+08 8.24281e+07 1.8744e+07 12 7 9.89137e+08 52.7709 183.714 2848.8
2.71819e+08 9.205e+08 9.09697e+07 1.83838e+08 17 7 1.54649e+09 8.41222 61.7143 2903.49
3.80717e+08 1.48491e+09 9.15229e+07 3.92275e+08 15 7 1.37284e+09 3.4997 131.429 3227.96
3.38018e+08 1.24661e+09 9.299e+07 8.64478e+07 17 7 1.58083e+09 18.2865 236 3859.19
3.59169e+08 1.24711e+09 8.87843e+07 1.10163e+08 19 7 1.6869e+09 15.3127 37.7143 2813.34
3.30202e+07 1.26835e+09 7.43364e+07 1.1311e+07 13 7 9.66374e+08 85.4363 157.714 2719.69
1.83614e+09 2.36176e+09 8.12928e+07 1.96891e+06 14 7 1.1381e+09 578.035 86 3021.04
1.11256e+08 8.85688e+08 8.51038e+07 3.93949e+07 16 7 1.36166e+09 34.5644 136 2907.86
3.04755e+08 1.60956e+09 8.81298e+07 4.36692e+07 13 7 1.14569e+09 26.2356 113.714 3005.01
2.29674e+08 1.36347e+09 8.64832e+07 2.2741e+07 13 7 1.12428e+09 49.4386 207.429 12032.5
3.31274e+08 1.67656e+09 8.60543e+07 3.39786e+07 15 7 1.29081e+09 37.9891 185.429 3161.51
3.73719e+08 1.74576e+09 8.50216e+07 1.22319e+07 17 7 1.44537e+09 118.164 162 3520.77
2.54748e+08 1.51619e+09 8.91267e+07 6.13155e+07 15 7 1.3369e+09 21.8037 124.857 3123.34
6.71607e+07 2.828e+08 8.33067e+07 2.37659e+06 13 7 1.08299e+09 455.689 579.714 4901.19
1.10883e+08 1.22276e+09 8.17891e+07 2.98193e+07 14 7 1.14505e+09 38.3995 219.714 4023.46
2.54099e+08 1.82808e+09 8.76151e+07 2.95658e+07 17 7 1.48946e+09 50.3778 38.8571 3044.12
1.99698e+08 1.27288e+09 9.00905e+07 3.86994e+07 15 7 1.35136e+09 34.9193 158.857 3320.78
3.53795e+08 2.1336e+09 8.71178e+07 9.19859e+06 14 7 1.21965e+09 132.591 109.429 3080.67
5.14962e+07 7.58015e+08 8.27396e+07 6.41268e+06 10 7 8.27396e+08 129.025 366.857 4260.44
2.92042e+08 1.42449e+09 9.10144e+07 2.78189e+08 12 7 1.09217e+09 3.926 249.714 3376.05
3.57124e+08 1.99014e+09 9.05694e+07 1.25541e+08 14 7 1.26797e+09 10.1 123.714 3389.09
3.52268e+08 1.33726e+09 8.90948e+07 1.58718e+08 15 7 1.33642e+09 8.42008 86.8571 3162.18
3.42143e+08 1.70677e+09 7.9252e+07 1.18614e+07 17 7 1.34728e+09 113.585 117.429 2668.1
8.46704e+07 6.76352e+08 8.44925e+07 2.2188e+07 13 7 1.0984e+09 49.5043 117.714 2605.35
1.67794e+08 1.36635e+09 8.99874e+07 1.30493e+07 14 7 1.25982e+09 96.5432 252.857 3754.75
4.56137e+08 2.23797e+09 8.26464e+07 6.41687e+07 15 7 1.2397e+09 19.3193 170.857 3273.14
9.0253e+07 1.55846e+09 8.24966e+07 7.29295e+06 14 7 1.15495e+09 158.366 126.857 3523.96
2.38213e+08 1.21538e+09 8.78656e+07 2.44997e+08 13 7 1.14225e+09 4.66231 140.857 3098.33
2.43264e+08 9.75472e+08 8.4974e+07 5.09533e+07 16 7 1.35958e+09 26.683 74.8571 3094.77
2.55239e+08 1.23862e+09 7.99635e+07 4.13822e+08 14 7 1.11949e+09 2.70524 294.857 3291.74
9.5502e+07 7.42569e+08 8.15335e+07 1.30982e+08 10 7 8.15335e+08 6.22479 266.857 3719.13
3.18425e+08 1.2082e+09 7.84459e+07 1.39411e+07 14 7 1.09824e+09 78.7776 345.714 3978.65
1.71711e+08 1.37484e+09 7.83919e+07 5.22423e+07 15 7 1.17588e+09 22.5082 162.857 2914.16
1.85671e+08 9.47616e+08 8.18784e+07 2.71236e+07 17 7 1.39193e+09 51.3182 111.714 2960.29
2.27302e+08 1.32072e+09 8.82682e+07 1.62977e+07 17 7 1.50056e+09 92.0716 114 3362.14
1.89899e+08 1.67625e+09 8.60281e+07 8.1308e+07 14 7 1.20439e+09 14.8127 91.4286 3299
1.05881e+09 1.29477e+09 8.11302e+07 4.31527e+07 12 7 9.73562e+08 22.5609 365.429 4081.06
1.68244e+08 1.01012e+09 8.16893e+07 9.37139e+06 16 7 1.30703e+09 139.47 221.714 3188.54
1.6309e+08 1.19505e+09 8.72524e+07 4.83369e+06 15 7 1.30879e+09 270.763 183.429 3598.05
8.59366e+07 1.19666e+09 8.73372e+07 5.22299e+07 13 7 1.13538e+09 21.7382 175.429 3494.29
2.11549e+08 1.49325e+09 8.91659e+07 2.40199e+07 14 7 1.24832e+09 51.9704 153.714 3160.06
1.71437e+08 1.1908e+09 8.01671e+07 2.58996e+06 13 7 1.04217e+09 402.389 286 3867.44
2.77609e+08 1.27392e+09 8.54153e+07 8.32383e+07 15 7 1.28123e+09 15.3923 194.857 3419.78
2.43921e+08 9.79833e+08 8.49491e+07 8.72638e+07 16 7 1.35919e+09 15.5756 168 3427.48
6.11201e+07 1.41185e+09 8.70054e+07 5.5008e+07 13 7 1.13107e+09 20.5619 242.857 3607.19
