2.02723e+08 9.46134e+08 9.03662e+07 2.53036e+07 13 8 1.17476e+09 46.4266 166 2749.8
1.92145e+08 1.64153e+09 7.67732e+07 1.37742e+07 15 8 1.1516e+09 83.6054 81.875 2457.79
1.33578e+08 2.10776e+09 8.52449e+07 3.90298e+07 15 8 1.27867e+09 32.7615 153.5 2719.73
8.58744e+07 5.19133e+08 8.39507e+07 8.15685e+06 16 8 1.34321e+09 164.673 419.875 3863.96
1.76095e+08 1.09164e+09 8.22073e+07 5.40792e+06 17 8 1.39752e+09 258.421 90 2853.34
2.34053e+08 1.74536e+09 8.40149e+07 1.69111e+07 15 8 1.26022e+09 74.5203 145.5 2890
2.82579e+08 1.33533e+09 7.52054e+07 1.16665e+07 14 8 1.05288e+09 90.248 259.5 3263.74
7.10643e+07 1.53738e+09 9.23882e+07 6.60328e+07 10 8 9.23882e+08 13.9913 196 2846.94
3.12916e+08 1.04214e+09 8.97963e+07 1.54688e+08 16 8 1.43674e+09 9.28801 84 2978.91
6.47142e+08 1.49335e+09 7.38745e+07 2.52436e+06 11 8 8.1262e+08 321.912 279.5 3295.89
5.31536e+08 1.19879e+09 7.61661e+07 2.94988e+06 15 8 1.14249e+09 387.301 351.875 4704.06
8.66972e+07 9.53537e+08 8.2737e+07 2.18587e+07 15 8 1.24105e+09 56.7762 161.875 2729.51
2.11295e+08 1.91015e+09 8.73589e+07 1.19019e+08 15 8 1.31038e+09 11.0099 106 2860.64
1.78517e+08 1.1597e+09 9.16994e+07 1.35839e+08 13 8 1.19209e+09 8.77575 151.5 2855.67
4.16789e+08 1.0579e+09 9.04198e+07 1.01455e+08 18 8 1.62756e+09 16.0422 62.875 2889.68
1.41088e+08 9.40069e+08 8.7693e+07 7.25426e+07 12 8 1.05232e+09 14.5062 215.5 3155.93
1.06581e+09 1.33056e+09 7.39617e+07 1.32046e+06 18 8 1.33131e+09 1008.22 126.875 2884.96
2.08802e+08 1.75072e+09 8.96535e+07 3.02534e+07 13 8 1.1655e+09 38.5244 130.875 2829.28
1.44743e+08 1.78468e+09 7.70367e+07 4.21368e+06 14 8 1.07851e+09 255.955 72.875 2860.82
1.79117e+08 1.44785e+09 9.50909e+07 1.29895e+08 13 8 1.23618e+09 9.5168 162.875 3174.22
1.2527e+08 8.00065e+08 8.83509e+07 5.9998e+07 13 8 1.14856e+09 19.1434 364.875 4117.75
1.47389e+17 0 8.43143e+07 9.42356e+15 13 8 1.09609e+09 1.16313e-07 245.5 3086.04
2.73825e+08 1.56151e+09 8.88978e+07 2.18539e+08 15 8 1.33347e+09 6.10172 100.875 2879.99
1.85725e+08 1.24206e+09 8.31141e+07 1.30816e+08 17 8 1.41294e+09 10.801 116.875 2337.31
2.24108e+07 8.72886e+08 8.56869e+07 1.53081e+07 10 8 8.56869e+08 55.9748 133.875 2647.57
3.47117e+08 1.65164e+09 8.83672e+07 1.21101e+08 14 8 1.23714e+09 10.2158 113.5 2666.41
1.33187e+08 6.63223e+08 8.8038e+07 3.22079e+07 17 8 1.49665e+09 46.4683 127.875 2668.54
2.77755e+08 2.39546e+09 8.14696e+07 6.64041e+06 10 8 8.14696e+08 122.688 244 3201.67
1.99768e+08 1.72878e+09 8.15961e+07 1.56772e+07 12 8 9.79153e+08 62.4572 346.875 3608.56
2.24412e+08 1.46924e+09 9.26518e+07 4.04507e+08 9 8 8.33866e+08 2.06144 192 2854.59
1.41086e+09 2.19302e+09 8.93401e+07 9.15516e+07 13 8 1.16142e+09 12.686 157.875 2728.24
1.79524e+08 1.72246e+09 8.08307e+07 1.65519e+07 16 8 1.29329e+09 78.1356 91.875 2565.12
3.66616e+08 1.45902e+09 7.90685e+07 1.79924e+06 16 8 1.2651e+09 703.128 168.875 3288.14
1.53455e+08 7.63245e+08 8.16649e+07 7.17827e+06 18 8 1.46997e+09 204.78 360.875 3915.8
1.64112e+08 1.75792e+09 7.93078e+07 1.48427e+07 15 8 1.18962e+09 80.1483 141.5 2617.18
3.83107e+08 1.32417e+09 9.25772e+07 2.6387e+08 15 8 1.38866e+09 5.26266 45.875 2657.77
2.63348e+08 1.35019e+09 8.52283e+07 7.55338e+07 17 8 1.44888e+09 19.1819 88.875 2767.49
2.66613e+08 3.06724e+09 8.04846e+07 8.9356e+06 12 8 9.65815e+08 108.086 216.875 3180.08
2.2865e+08 1.18181e+09 8.6563e+07 1.6934e+08 13 8 1.12532e+09 6.64533 96.875 2537.11
7.06641e+07 8.58775e+08 8.45701e+07 1.93989e+07 11 8 9.30272e+08 47.9549 289.5 3355.41
1.45567e+08 1.25705e+09 8.52636e+07 1.57159e+08 14 8 1.19369e+09 7.59542 108 2394.75
4.58365e+08 1.67596e+09 9.19282e+07 5.35342e+07 17 8 1.56278e+09 29.1922 50.875 2888.94
3.19103e+08 1.71144e+09 9.12354e+07 2.99225e+08 15 8 1.36853e+09 4.57358 126 2987.59
4.09032e+08 1.69357e+09 8.15717e+07 2.22853e+07 18 8 1.46829e+09 65.8862 165.875 3109.23
1.32732e+08 6.78778e+08 6.15262e+07 525707 13 8 7.9984e+08 1521.46 79.5 2537.35
2.14004e+08 1.34309e+09 8.79678e+07 1.79937e+08 14 8 1.23155e+09 6.84432 79.5 2448.59
3.03118e+08 1.36054e+09 8.48431e+07 3.25624e+07 17 8 1.44233e+09 44.2944 91.875 2591.29
4.29157e+08 1.61997e+09 9.09105e+07 2.4207e+07 15 8 1.36366e+09 56.3332 58.875 2731.43
1.31762e+08 1.66316e+09 8.9345e+07 6.31174e+07 15 8 1.34018e+09 21.233 120.875 2826.19
1.12845e+08 5.78695e+08 9.24121e+07 1.12558e+08 12 8 1.10895e+09 9.85221 168.875 3248.39
2.98107e+08 1.3064e+09 8.86397e+07 8.46259e+07 13 8 1.15232e+09 13.6166 187.5 3462.78
9.05964e+07 8.2507e+08 8.04541e+07 8.55461e+06 14 8 1.12636e+09 131.667 273.875 3422.87
1.86825e+09 2.01719e+09 7.46129e+07 1.25013e+07 13 8 9.69968e+08 77.5892 157.875 2548.82
4.44202e+07 1.50208e+09 9.3099e+07 4.73328e+07 10 8 9.3099e+08 19.669 208 2860.31
8.50653e+07 9.32342e+08 8.25719e+07 2.56857e+07 15 8 1.23858e+09 48.2206 120 2496.83
2.34205e+08 1.46399e+09 8.41054e+07 8.16906e+07 16 8 1.34569e+09 16.473 129.875 2874.69
8.73954e+07 9.12492e+08 8.83014e+07 1.48646e+07 15 8 1.32452e+09 89.106 43.875 2743.27
3.0451e+08 1.21356e+09 8.66241e+07 3.46507e+06 15 8 1.29936e+09 374.989 141.5 2989.39
2.23228e+08 1.4638e+09 8.68382e+07 3.19864e+07 14 8 1.21573e+09 38.0078 114 2743.82
2.19731e+08 8.22217e+08 8.85313e+07 1.45132e+07 17 8 1.50503e+09 103.701 76 2799.29
