1.62549e+08 1.12651e+09 8.70674e+07 4.15165e+07 12 9 1.04481e+09 25.1661 204.889 2635.97
1.74949e+08 1.58306e+09 9.05997e+07 1.17138e+08 13 9 1.1778e+09 10.0547 133.556 2620.02
3.71995e+08 1.20392e+09 8.41276e+07 1.07916e+07 18 9 1.5143e+09 140.322 71.5556 2708.88
2.27412e+08 2.06889e+09 8.58749e+07 2.53849e+08 13 9 1.11637e+09 4.39779 136 2516.6
3.85751e+08 1.53827e+09 8.87274e+07 2.61252e+07 15 9 1.33091e+09 50.9436 38 2133.73
1.76625e+08 8.82504e+08 8.44349e+07 9.52415e+06 16 9 1.35096e+09 141.846 212 2832.38
1.63965e+08 1.41687e+09 9.23256e+07 8.35513e+07 12 9 1.10791e+09 13.2602 244 3282.51
1.73599e+08 1.36926e+09 8.91737e+07 8.80485e+07 11 9 9.80911e+08 11.1406 201.556 2650.09
1.90784e+08 1.21021e+09 8.74908e+07 1.26366e+08 13 9 1.13738e+09 9.00068 194.222 2891.12
1.34919e+08 7.19625e+08 8.94999e+07 2.59973e+07 13 9 1.1635e+09 44.7547 283.556 2942.46
1.67831e+08 1.85649e+09 9.0851e+07 8.35047e+06 11 9 9.99361e+08 119.677 160.889 2550.31
3.04072e+09 2.74395e+09 8.31184e+07 3.43607e+06 14 9 1.16366e+09 338.66 113.556 2826.92
1.8084e+08 1.10916e+09 9.00283e+07 1.8072e+08 13 9 1.17037e+09 6.47613 168.889 2839.93
5.1739e+16 0 7.36422e+07 6.16543e+14 9 9 6.6278e+08 1.07499e-06 93.5556 2247.98
2.94064e+08 1.48531e+09 8.91507e+07 4.48702e+07 12 9 1.06981e+09 23.8423 104.222 3082.03
2.07433e+08 1.33055e+09 8.98403e+07 5.98945e+07 15 9 1.3476e+09 22.4996 189.556 2870.11
4.18858e+08 1.36883e+09 9.10099e+07 4.09628e+08 18 9 1.63818e+09 3.99919 144 2612.08
2.46634e+08 1.45427e+09 8.68743e+07 2.28997e+08 15 9 1.30312e+09 5.69053 132 2701.12
9.05422e+07 1.18578e+09 8.63971e+07 2.15609e+07 13 9 1.12316e+09 52.0925 192.889 2591.35
6.12565e+08 1.48455e+09 8.56097e+07 1.13929e+08 12 9 1.02732e+09 9.01717 133.556 2566.18
3.16147e+08 1.3415e+09 8.9283e+07 1.46723e+08 17 9 1.51781e+09 10.3447 133.556 2681.39
1.558e+09 2.08863e+09 8.35064e+07 1.9713e+06 16 9 1.3361e+09 677.778 92.8889 2563.48
1.22091e+09 1.83669e+09 8.32641e+07 3.19687e+07 15 9 1.24896e+09 39.0683 58 2486.83
1.90702e+08 1.53618e+09 8.81175e+07 8.47919e+07 13 9 1.14553e+09 13.5099 56 2194.83
4.06223e+07 5.07649e+08 9.40666e+07 5.90165e+06 7 9 6.58466e+08 111.573 154 2437.41
3.49095e+08 1.55414e+09 8.98403e+07 9.9424e+06 15 9 1.3476e+09 135.541 100.889 2586.68
2.28711e+08 1.69858e+09 8.89617e+07 1.51859e+08 15 9 1.33442e+09 8.78729 116 2397.51
1.32471e+08 1.42647e+09 9.08432e+07 2.81224e+07 14 9 1.27181e+09 45.2239 258 2942.64
2.64198e+08 1.50725e+09 9.13966e+07 2.35996e+08 14 9 1.27955e+09 5.42192 108.889 2779.41
1.23638e+08 8.43074e+08 7.76472e+07 5.78681e+06 14 9 1.08706e+09 187.851 124.889 2445.94
1.61082e+08 8.05484e+08 8.09205e+07 3.20392e+07 16 9 1.29473e+09 40.4107 172.889 2600.67
1.71217e+08 8.24889e+08 8.94683e+07 3.66331e+07 14 9 1.25256e+09 34.1919 196.889 3001.57
1.52217e+09 1.58186e+09 8.47125e+07 4.88056e+07 15 9 1.27069e+09 26.0357 255.556 3006.66
2.92038e+08 1.69487e+09 8.87615e+07 1.77881e+08 17 9 1.50895e+09 8.48289 68.8889 2357.25
3.47983e+09 3.27099e+09 7.67945e+07 1.83526e+07 15 9 1.15192e+09 62.7658 260 3278.37
1.64202e+08 9.14203e+08 8.38552e+07 5.04495e+06 15 9 1.25783e+09 249.324 406.889 3778.3
3.33596e+08 1.5761e+09 8.25785e+07 2.66193e+07 17 9 1.40383e+09 52.7374 78 2454.09
3.30705e+08 1.2635e+09 8.93326e+07 1.39882e+08 18 9 1.60799e+09 11.4953 112 2686.8
2.26688e+08 1.22053e+09 8.74144e+07 2.98065e+07 14 9 1.2238e+09 41.0582 84 2385.74
3.4533e+08 1.81374e+09 9.02822e+07 1.46276e+08 15 9 1.35423e+09 9.25805 122 2234.63
1.95842e+08 3.51013e+09 7.8463e+07 1.17103e+07 14 9 1.09848e+09 93.805 164 2450.42
2.40119e+08 1.34988e+09 9.19808e+07 7.02544e+07 15 9 1.37971e+09 19.6388 127.556 2610.74
9.87183e+07 6.61163e+08 8.1826e+07 1.48296e+07 13 9 1.06374e+09 71.7305 198.889 2685.89
2.92157e+08 1.32987e+09 8.37487e+07 1.00176e+08 15 9 1.25623e+09 12.5402 88.2222 2344.21
1.84822e+08 1.27076e+09 8.87837e+07 1.09819e+08 14 9 1.24297e+09 11.3184 212.222 2876.37
1.76598e+09 1.64995e+09 8.56274e+07 1.63183e+07 18 9 1.54129e+09 94.4519 158.889 2727.55
6.16916e+08 1.27496e+09 8.44484e+07 5.08207e+08 17 9 1.43562e+09 2.82488 73.5556 2610.69
3.75897e+08 1.59015e+09 8.66425e+07 3.65952e+07 17 9 1.47292e+09 40.2491 200.889 3038.49
2.68142e+08 2.12124e+09 8.89948e+07 4.16664e+08 14 9 1.24593e+09 2.99024 136.222 2619.76
1.9181e+09 2.5717e+09 8.1521e+07 1.77586e+07 14 9 1.14129e+09 64.2671 115.556 2594.05
2.51313e+08 1.48689e+09 8.36861e+07 2.37827e+06 16 9 1.33898e+09 563.006 186 2951.79
2.15189e+08 1.33929e+09 8.62005e+07 1.4011e+08 13 9 1.12061e+09 7.99805 153.556 2957.11
2.43022e+08 1.35462e+09 8.70054e+07 1.2915e+08 13 9 1.13107e+09 8.75783 259.556 2745.51
2.11818e+08 9.19984e+08 8.71206e+07 7.28832e+07 16 9 1.39393e+09 19.1255 118.889 2520.31
1.54541e+08 5.79509e+08 7.66068e+07 2.47001e+06 17 9 1.30232e+09 527.252 89.5556 2204.74
1.36736e+18 0 4.45905e+07 2.58908e+14 11 9 4.90495e+08 1.89448e-06 36.2222 1932.27
1.80344e+08 1.44954e+09 8.52636e+07 1.07456e+07 16 9 1.36422e+09 126.956 130.222 3009.55
3.09602e+08 1.79173e+09 8.8525e+07 2.25176e+08 18 9 1.59345e+09 7.07647 132 2716.07
3.78489e+08 1.31874e+09 8.94702e+07 5.96307e+07 18 9 1.61046e+09 27.0073 126 2839.75
1.92954e+08 1.65761e+09 8.83044e+07 2.72418e+07 14 9 1.23626e+09 45.381 194.222 3183.32
