3.50103e+07 1.58235e+09 8.80032e+07 5.2779e+07 5 17 4.40016e+08 8.33696 141.765 847.717
6.39416e+06 8.06186e+07 6.70927e+07 5.45994e+06 7 14 4.69649e+08 86.0172 85.5 1077.05
6.06762e+08 1.00065e+09 7.04153e+07 1.70698e+06 15 13 1.05623e+09 618.773 49.6923 1779.74
1.3664e+08 1.25012e+09 8.92905e+07 6.73716e+06 12 13 1.07149e+09 159.041 110.923 1890.87
1.26663e+07 6.3875e+08 7.72022e+07 8.06081e+06 7 15 5.40415e+08 67.0423 63.6 1109.76
5.08571e+09 5.04251e+09 7.91349e+07 2.18257e+07 13 11 1.02875e+09 47.1349 207.636 2552.8
1.81938e+09 4.84319e+09 7.07554e+07 5.42848e+06 7 17 4.95288e+08 91.2387 75.7647 833.415
9.72042e+07 9.29399e+08 8.35463e+07 1.28935e+06 7 15 5.84824e+08 453.581 75.7333 1132.23
3.74452e+07 3.77198e+08 8.55931e+07 1.9887e+07 8 16 6.84744e+08 34.4318 36.9375 1040.78
1.18287e+09 1.48808e+09 7.88139e+07 1.80636e+07 12 11 9.45767e+08 52.3575 66.9091 2103.33
1.22098e+09 4.50037e+09 5.53834e+07 3.19636e+06 5 18 2.76917e+08 86.635 109.778 673.305
425777 1.85198e+06 4.43024e+07 1.80152e+06 3 18 1.32907e+08 73.7751 69.7778 441.681
2.61111e+08 1.55419e+09 9.0197e+07 2.68769e+08 15 11 1.35296e+09 5.0339 116.909 2619.99
2.61069e+07 8.16347e+08 8.64417e+07 1.91734e+08 4 18 3.45767e+08 1.80336 37.1111 546.098
1.58142e+09 3.97616e+09 5.36969e+07 198649 7 17 3.75879e+08 1892.18 98 869.342
3.90471e+07 5.91561e+08 8.42918e+07 1.09183e+08 9 15 7.58626e+08 6.94819 57.7333 1195.09
1.79372e+09 2.33738e+09 8.27766e+07 3.57327e+07 11 11 9.10543e+08 25.4821 179.636 2378.39
0 0 0 0 0 0 0 0 0 0
0 0 0 0 0 0 0 0 0 0
4.83224e+08 1.13763e+09 8.08573e+07 8.79556e+07 15 9 1.21286e+09 13.7894 149.556 3257.39
5.79798e+08 2.42837e+09 7.42812e+07 1.54583e+08 5 18 3.71406e+08 2.40263 70.2778 551.551
8.36776e+07 1.48753e+09 8.38544e+07 8.52422e+07 7 16 5.86981e+08 6.88604 57.75 929.981
4.01356e+07 3.20706e+08 5.79772e+07 2.26019e+06 8 16 4.63818e+08 205.212 77.75 950.24
6.11037e+07 7.09003e+08 8.89111e+07 3.86601e+07 12 9 1.06693e+09 27.5978 392.222 4707.58
1.05117e+08 1.52963e+09 8.83241e+07 3.2727e+07 11 12 9.71565e+08 29.687 122.667 2161.22
0 0 0 0 0 0 0 0 0 0
2.52607e+08 1.22714e+09 8.13365e+07 8.51292e+07 9 16 7.32029e+08 8.59903 48.4375 1063.62
8.21345e+12 0 3.89577e+07 5.75203e+13 4 15 1.55831e+08 2.70914e-06 203.6 1233.35
1.35796e+08 9.94414e+08 9.30431e+07 1.15664e+07 10 11 9.30431e+08 80.4423 210.727 2974.98
1.55168e+08 1.14715e+09 7.6684e+07 1.61596e+07 12 13 9.20208e+08 56.9448 108.308 1657.48
2.20212e+09 3.39193e+09 5.22794e+07 463784 13 15 6.79633e+08 1465.41 113.333 1503.9
5.38073e+07 7.68961e+08 5.43331e+07 315722 8 17 4.34665e+08 1376.73 97.0588 936.659
8.26928e+08 2.27182e+09 5.35486e+07 567057 7 17 3.7484e+08 661.027 114.941 930.059
3.04968e+09 3.24264e+09 7.81363e+07 5.82884e+06 15 10 1.17204e+09 201.077 164.9 3280.02
2.97138e+09 4.6006e+09 7.51234e+07 7.55529e+07 11 13 8.26358e+08 10.9375 146.308 1730.19
2.11072e+09 5.05225e+09 7.27065e+07 2.55534e+06 7 15 5.08946e+08 199.169 63.7333 1131.58
1.22817e+08 5.11905e+08 7.93587e+07 1.14602e+07 14 12 1.11102e+09 96.9465 92.9167 1979.16
1.71567e+09 1.8158e+09 7.34824e+07 1.44851e+06 15 11 1.10224e+09 760.945 170.727 2798.37
1.49261e+09 2.2578e+09 7.47727e+07 4.00542e+06 13 10 9.72045e+08 242.682 128.5 2439.31
1.76237e+09 2.17289e+09 6.17741e+07 1.35654e+06 17 10 1.05016e+09 774.145 74.1 2124.75
1.38005e+09 3.20774e+09 5.9395e+07 3.19096e+06 8 14 4.7516e+08 148.908 106.857 1410.41
1.43099e+08 1.17618e+09 8.69808e+07 3.99427e+08 10 13 8.69808e+08 2.17764 113.692 1742.03
2.49307e+08 8.2261e+08 8.15065e+07 3.72505e+07 13 11 1.05958e+09 28.4448 130 2204.16
1.95782e+12 0 8.33333e+06 3.52407e+13 3 18 2.5e+07 7.09406e-07 37.1111 548.946
2.7556e+07 5.84469e+08 7.47764e+07 573996 5 18 3.73882e+08 651.366 60 583.561
1.92446e+09 1.92446e+10 2.11661e+07 1.86084e+10 2 20 4.23323e+07 0.0022749 96.8 118.914
1.43805e+08 1.20353e+09 8.62962e+07 1.11686e+07 14 11 1.20815e+09 108.174 146 2556.8
1.29316e+06 3.99156e+07 5.52316e+07 190810 4 19 2.20927e+08 1157.84 38.7368 303.912
1.89738e+09 7.42984e+09 7.38818e+07 1.9275e+08 5 18 3.69409e+08 1.91652 47.6111 559.742
1.23213e+08 1.42079e+09 8.8738e+07 8.64128e+07 11 11 9.76118e+08 11.296 141.636 2193.88
2.85287e+08 1.44142e+09 7.63678e+07 762075 8 17 6.10942e+08 801.683 45.7647 848.56
2.10767e+16 0 6.27729e+07 8.80548e+14 12 11 7.53275e+08 8.55462e-07 140.909 2464.19
6.7295e+07 4.21226e+08 7.24223e+07 5.6447e+06 11 13 7.96645e+08 141.132 40.9231 1614.92
2.47049e+07 4.17478e+08 7.17823e+07 656897 7 16 5.02476e+08 764.923 41.75 924.793
2.34622e+08 8.61908e+08 8.90469e+07 6.89916e+07 15 7 1.3357e+09 19.3604 183.429 4495.4
7.90986e+08 2.33733e+09 7.32428e+07 1.40054e+06 9 16 6.59185e+08 470.666 129 1142.9
4.68406e+07 1.4278e+09 9.0655e+07 2.9946e+08 4 18 3.6262e+08 1.21091 38.9444 576.496
5.46728e+06 1.33286e+08 8.36861e+07 4.8151e+07 4 18 3.34744e+08 6.95197 32.4444 504.681
9.50794e+07 1.21884e+09 8.93171e+07 1.27002e+08 8 15 7.14537e+08 5.62617 77.7333 1323.34
7.27134e+08 1.58015e+09 6.67547e+07 923871 13 13 8.67812e+08 939.321 55.2308 1372.86
1.73517e+08 1.8214e+09 9.16613e+07 5.25962e+08 10 13 9.16613e+08 1.74274 171.231 2132.12
1.27024e+12 0 2.77778e+06 1.77833e+13 9 14 2.5e+07 1.40581e-06 92.9286 1456.05
6.22826e+09 5.65449e+09 7.67142e+07 9.07939e+07 13 9 9.97284e+08 10.984 104.889 2518.13
6.7192e+08 1.40859e+09 8.35641e+07 4.35412e+07 18 12 1.50415e+09 34.5455 68.9167 2532.38
31002.9 206686 2.5e+07 194143 3 20 7.5e+07 386.313 59.2 109.274
6.96011e+08 1.23908e+09 7.20248e+07 1.54236e+06 12 13 8.64297e+08 560.374 54.3077 1589.54
1.75346e+06 1.01198e+08 7.33626e+07 9.32583e+06 4 15 2.9345e+08 31.4664 41.7333 918.53
2.4059e+08 8.21799e+08 6.86302e+07 2.13353e+06 8 15 5.49042e+08 257.339 71.7333 1290.39
4.62633e+07 8.07943e+08 7.10763e+07 491429 8 17 5.6861e+08 1157.06 43.7647 847.984
5.35719e+06 2.48487e+08 8.32268e+07 1.01787e+08 2 19 1.66454e+08 1.63532 82.9474 368.54
1.16927e+08 1.26883e+09 8.36661e+07 1.52362e+07 10 14 8.36661e+08 54.9128 142.857 1561.05
2.43972e+07 8.56515e+08 8.73403e+07 8.14912e+07 4 18 3.49361e+08 4.2871 22 528.679
1.54593e+08 2.10398e+09 8.36117e+07 2.248e+08 11 12 9.19728e+08 4.09132 116.917 1888.83
1.03532e+08 1.28659e+09 8.54052e+07 1.73892e+06 11 13 9.39457e+08 540.253 114.308 2157.41
1.45042e+13 0 2.5e+07 4.33956e+13 10 14 2.5e+08 5.76095e-06 140.857 1639.6
1.16648e+08 8.74198e+08 7.45664e+07 2.63847e+06 14 12 1.04393e+09 395.656 82.9167 1975.95
0 0 0 0 0 0 0 0 0 0
1.52234e+07 4.67647e+08 8.46246e+07 6.66526e+07 4 18 3.38498e+08 5.07855 41.6111 555.009
0 0 0 0 0 0 0 0 0 0
1.01163e+08 1.33628e+09 9.03654e+07 1.8869e+08 8 15 7.22923e+08 3.83127 128.933 1578.73
1.79156e+08 1.4491e+09 8.33067e+07 1.9549e+07 13 11 1.08299e+09 55.3985 114.545 2604.2
1.61316e+09 1.66633e+09 7.3777e+07 3.417e+07 16 10 1.18043e+09 34.5458 140.9 2402.16
6.39587e+07 6.41225e+08 7.80591e+07 1.00299e+07 10 11 7.80591e+08 77.8264 188.909 2609.19
0 0 0 0 0 0 0 0 0 0
1.42937e+08 1.08227e+09 8.53891e+07 3.11715e+07 14 12 1.19545e+09 38.3506 68.9167 1946.88
1.03011e+08 1.34279e+09 9.12496e+07 8.22661e+07 9 13 8.21246e+08 9.9828 77.6923 1775.87
8.12514e+07 1.33798e+09 8.96699e+07 6.46507e+07 6 17 5.38019e+08 8.32194 109.059 911.53
2.48954e+09 2.85294e+09 8.30671e+07 5.83423e+06 16 11 1.32907e+09 227.806 104 2823.52
1.01e+09 1.88099e+09 8.55525e+07 3.67708e+07 17 10 1.45439e+09 39.553 110.1 2829.51
1.11651e+07 7.31958e+08 6.79313e+07 2.51485e+06 4 17 2.71725e+08 108.048 89.8824 594.332
1.35296e+09 2.20428e+09 6.21565e+07 5.14598e+06 10 13 6.21565e+08 120.787 94.9231 1544.04
1.0378e+08 1.52078e+09 8.22974e+07 5.86707e+06 11 13 9.05272e+08 154.297 188 1822.44
3.16409e+09 4.84981e+09 6.9939e+07 5.14492e+06 11 12 7.69329e+08 149.532 108.917 1960.18
1.43439e+06 4.2795e+07 6.80831e+07 2.57025e+06 5 16 3.40415e+08 132.445 62 782.001
3.21625e+06 2.7983e+08 7.8115e+07 1.03471e+07 9 12 7.03035e+08 67.9453 195 2219.25
1.84446e+06 5.66447e+07 8.71805e+07 3.50447e+07 2 19 1.74361e+08 4.97539 37.6842 289.034
1.52536e+12 0 7.5e+06 1.03798e+13 10 15 7.5e+07 7.22556e-06 63.7333 1278.95
9.56842e+07 5.9194e+08 7.81749e+07 1.5136e+06 12 14 9.38099e+08 619.778 94.8571 1660.97
3.81537e+07 1.05871e+09 8.5004e+07 7.37846e+07 4 18 3.40016e+08 4.60822 146.5 574.21
4.80447e+07 7.61783e+08 7.67935e+07 1.10463e+06 11 14 8.44728e+08 764.718 95.4286 1385.33
4.05657e+08 1.01381e+09 7.49651e+07 2.87146e+06 16 11 1.19944e+09 417.711 286.545 3375.15
6.88636e+07 1.22304e+09 9.18397e+07 1.03741e+08 6 16 5.51038e+08 5.31165 143.938 1212.51
0 0 0 0 0 0 0 0 0 0
111669 2.30211e+06 6.58147e+07 247355 3 19 1.97444e+08 798.221 36.4211 294.858
3.06525e+07 6.89971e+08 8.17991e+07 9.68982e+07 8 14 6.54393e+08 6.75341 143.714 1533.45
1.19842e+08 1.35177e+09 8.58693e+07 2.64226e+08 12 13 1.03043e+09 3.89981 60.3077 1757.86
11007.3 220146 2.5e+07 220146 1 20 2.5e+07 113.561 46.95 115.501
7.77834e+06 5.21507e+08 8.41454e+07 1.47788e+08 2 19 1.68291e+08 1.13873 38.4211 288.254
1.45495e+09 5.08391e+09 4.80431e+07 261403 6 18 2.88259e+08 1102.74 58.5 632.55
1.87721e+08 1.38156e+09 8.75621e+07 1.93095e+07 18 8 1.57612e+09 81.6241 143.875 3799
1.83821e+08 1.27227e+09 8.10891e+07 2.29813e+07 17 8 1.37851e+09 59.9842 220.875 3728.95
4.13271e+07 1.17337e+09 8.70807e+07 3.7103e+08 4 18 3.48323e+08 0.938798 61.1111 572.483
1.16655e+08 1.26459e+09 8.08706e+07 2.31271e+07 12 12 9.70447e+08 41.9614 112.25 2118.03
1.06678e+09 1.75157e+09 7.57417e+07 357450 14 10 1.06038e+09 2966.52 218.9 3241.95
8.38081e+08 2.17217e+09 7.53727e+07 1.22918e+06 12 13 9.04473e+08 735.837 227.077 2050.05
1.47611e+07 4.14039e+08 6.59425e+07 313770 5 17 3.29712e+08 1050.81 90.2353 907.09
2.30589e+07 2.14134e+08 5.94848e+07 1.83895e+06 8 15 4.75879e+08 258.778 137.333 1356.55
1.51612e+08 1.77221e+09 9.19249e+07 4.43938e+08 10 15 9.19249e+08 2.07067 93.3333 1545.13
7.92957e+07 7.6071e+08 8.03568e+07 1.32178e+07 15 9 1.20535e+09 91.1916 258.222 3820.89
5.68149e+07 1.27992e+09 8.4992e+07 3.55634e+07 10 9 8.4992e+08 23.8987 242.222 4368.5
1.58431e+09 2.23328e+09 6.08917e+07 2.23114e+06 11 15 6.69808e+08 300.21 87.7333 1442.16
3.36793e+11 0 6.25e+06 6.06227e+12 4 18 2.5e+07 4.12387e-06 72 584.459
2.26525e+08 1.82284e+09 8.8525e+07 3.38249e+07 12 12 1.0623e+09 31.4059 177 2447.53
8.55654e+07 7.78321e+08 7.0647e+07 374559 8 16 5.65176e+08 1508.91 77.9375 1064.97
1.4398e+08 1.33863e+09 8.57428e+07 2.6177e+07 12 10 1.02891e+09 39.3061 162.4 3085.44
8.54503e+07 8.11435e+08 8.30471e+07 1.36737e+06 8 16 6.64377e+08 485.879 79.75 1005.65
7.27723e+06 2.77833e+08 8.47244e+07 1.13024e+07 4 18 3.38898e+08 29.9847 70 634.068
2.38459e+16 0 3.80032e+07 2.92268e+15 15 9 5.70048e+08 1.95043e-07 192.222 3645.2
2.8901e+09 2.56677e+09 7.24601e+07 3.57731e+06 15 9 1.0869e+09 303.832 84.2222 2963.92
9.7068e+07 1.13924e+09 9.04872e+07 5.30073e+07 10 15 9.04872e+08 17.0707 239.6 1798.9
1.96729e+08 1.24391e+09 8.79343e+07 2.60983e+07 16 9 1.40695e+09 53.9097 190.222 3646.44
2.38624e+09 5.43706e+09 6.46052e+07 1.3228e+07 7 15 4.52236e+08 34.1878 79.7333 1099.25
2.96059e+08 1.26756e+09 7.7031e+07 2.69712e+07 14 10 1.07843e+09 39.9847 100.9 2134.22
2.03502e+08 1.11288e+09 8.59869e+07 1.77684e+08 9 16 7.73882e+08 4.35538 75.9375 1218.95
2.17026e+08 1.09355e+09 7.71049e+07 1.5991e+07 17 9 1.31078e+09 81.97 120 2911.05
1.2181e+09 1.91617e+09 7.70404e+07 1.0293e+06 11 13 8.47444e+08 823.322 109.692 1823.48
2844.68 54049 2.5e+07 54049 1 19 2.5e+07 462.543 63.7895 371.75
2.37722e+09 2.23545e+09 7.54526e+07 8.69749e+06 15 10 1.13179e+09 130.128 150.4 2910.31
1.68336e+09 2.59576e+09 7.76051e+07 1.44618e+07 13 13 1.00887e+09 69.7605 185.692 2154.72
1.04669e+08 1.84693e+09 8.04559e+07 4.92596e+07 13 9 1.04593e+09 21.233 210 2897.04
1.05526e+08 1.41288e+09 8.28985e+07 2.85801e+07 9 13 7.46086e+08 26.1051 126.308 1905.27
2116.7 40217.2 2.5e+07 40217.2 1 19 2.5e+07 621.624 32.5263 357.007
5.94108e+06 2.35969e+08 8.70208e+07 1.1288e+08 2 19 1.74042e+08 1.54182 40.6316 332.025
2.51796e+08 1.54945e+09 8.22069e+07 1.0222e+07 13 10 1.06869e+09 104.548 274.1 3675.23
0 0 0 0 0 0 0 0 0 0
9.09191e+07 1.29856e+09 8.31825e+07 4.55571e+06 9 15 7.48642e+08 164.33 35.3333 1344.11
1.41201e+09 3.96332e+09 7.11775e+07 1.74368e+07 7 16 4.98243e+08 28.5743 46.4375 926.581
8.82947e+07 1.16306e+09 8.80891e+07 2.03314e+08 8 16 7.04712e+08 3.46613 77.75 1027.86
1.69089e+08 1.79657e+09 8.01917e+07 1.55093e+07 10 15 8.01917e+08 51.7055 113.6 1537.45
1.39978e+08 1.33281e+09 8.59869e+07 3.56968e+06 9 14 7.73882e+08 216.793 53.7143 1466.16
5.13157e+06 3.79724e+08 8.67412e+07 9.74999e+07 2 19 1.73482e+08 1.77931 66.4211 315.303
6.96791e+07 8.65843e+08 6.61442e+07 472655 8 16 5.29153e+08 1119.53 60 1048.34
7.10733e+07 6.18844e+08 6.40575e+07 1.05557e+07 5 17 3.20288e+08 30.3427 30.1176 591.695
9.33871e+07 9.69544e+08 8.36741e+07 2.36363e+07 10 14 8.36741e+08 35.4007 72.9286 1513.84
2.27652e+09 2.83208e+09 6.60236e+07 2.01759e+06 13 13 8.58307e+08 425.413 86.3077 1723.29
1.62292e+08 1.54365e+09 8.56783e+07 2.81733e+06 13 14 1.11382e+09 395.346 53.2143 1657.72
6.59308e+07 5.74345e+08 7.91933e+07 2.66916e+06 14 12 1.10871e+09 415.377 70.6667 1942.65
0 0 0 0 0 0 0 0 0 0
3.04749e+16 0 5.46834e+07 2.40083e+14 11 9 6.01518e+08 2.50545e-06 206 2815.01
5.66031e+07 8.36689e+08 8.43679e+07 1.07889e+07 14 12 1.18115e+09 109.478 86.9167 2133.69
1.94537e+07 5.2492e+08 7.46486e+07 1.87723e+06 5 18 3.73243e+08 198.826 79.1111 571.78
9.52495e+07 9.29526e+08 8.72684e+07 4.97125e+07 10 15 8.72684e+08 17.5546 108.4 1380.61
1.76312e+09 1.99664e+09 7.00049e+07 650453 13 12 9.10064e+08 1399.12 94.25 2139.61
1.80129e+09 5.04757e+09 6.04518e+07 824225 7 16 4.23163e+08 513.407 43.75 983.925
5.08305e+07 1.21912e+09 7.28168e+07 1.01126e+07 15 8 1.09225e+09 108.01 93.875 2786.13
2.03059e+08 1.46313e+09 8.88339e+07 5.8848e+07 15 10 1.33251e+09 22.6432 208 3659.98
4.04251e+08 1.06209e+09 8.19945e+07 2.80933e+07 14 12 1.14792e+09 40.8611 125 2283.83
2.04228e+07 1.25629e+09 8.4094e+07 7.02112e+06 7 15 5.88658e+08 83.841 136.933 1444.26
1.83387e+08 1.78651e+09 7.72509e+07 2.80241e+07 11 13 8.4976e+08 30.3225 115.231 2052.81
4.94726e+07 1.01751e+09 8.24281e+07 3.40024e+07 9 15 7.41853e+08 21.8177 80.9333 1218.28
1.95831e+08 1.79288e+09 8.92681e+07 6.32679e+07 11 12 9.81949e+08 15.5205 30.6667 1833.85
1.37584e+09 2.21088e+09 7.82385e+07 9.93649e+06 11 12 8.60623e+08 86.6123 57.6667 1716.08
4.87263e+07 1.497e+09 9.21126e+07 3.10634e+08 4 18 3.6845e+08 1.18612 69.7778 594.373
216265 9.30764e+06 6.40575e+07 261942 3 19 1.92173e+08 733.644 34.6316 326.434
2.13943e+08 7.40741e+08 8.99925e+07 1.96633e+07 17 8 1.52987e+09 77.8033 113.875 3205.99
5.67797e+07 1.49727e+09 8.63875e+07 1.85699e+08 7 16 6.04712e+08 3.25641 109.938 1118.85
1.55157e+08 1.16489e+09 8.72547e+07 2.77478e+07 14 12 1.22157e+09 44.0238 72.9167 2182.86
5.43595e+07 1.08253e+09 8.76837e+07 3.68366e+08 5 17 4.38419e+08 1.19017 56 760.981
1.21297e+08 1.58903e+09 8.74201e+07 2.14705e+07 8 12 6.99361e+08 32.5731 151 2045.03
1.32364e+08 1.30668e+09 8.75266e+07 7.20248e+07 12 11 1.05032e+09 14.5827 94.9091 2265.64
7.82829e+08 1.44656e+09 7.45474e+07 9.61197e+06 15 10 1.11821e+09 116.335 240.1 3250.2
6.66317e+06 4.29572e+08 8.84585e+07 1.266e+08 2 19 1.76917e+08 1.39745 88.7368 302.003
5.25739e+07 4.60187e+08 7.52212e+07 960194 13 14 9.77875e+08 1018.41 79.7143 1650.06
0 0 0 0 0 0 0 0 0 0
0 0 0 0 0 0 0 0 0 0
1988.3 39766 2.5e+07 39766 1 20 2.5e+07 628.678 38.55 130.144
2.48621e+12 0 4.16667e+06 3.97794e+13 6 16 2.5e+07 6.28466e-07 65 1010.04
6.3741e+07 9.14964e+08 7.93245e+07 9.24121e+06 7 16 5.55272e+08 60.0865 71 1011.41
1.22337e+08 1.33442e+09 7.73003e+07 5.20081e+06 10 15 7.73003e+08 148.631 100.4 1568.46
1.18776e+09 1.44891e+09 7.10691e+07 2.64423e+06 14 11 9.94968e+08 376.279 42 2212.18
3.67519e+07 1.03461e+09 7.36901e+07 5.93868e+06 5 16 3.6845e+08 62.0425 139.938 873.97
19386.6 193866 2.5e+07 92138.6 2 20 5e+07 542.661 42.95 128.171
64276.8 4.94482e+06 5.77742e+07 226221 3 19 1.73323e+08 766.166 58.7368 318.266
1.8678e+09 1.36825e+09 7.11379e+07 1.21581e+07 17 9 1.20935e+09 99.4684 260.222 3478.24
1.63251e+08 9.04545e+08 7.96181e+07 997042 11 8 8.75799e+08 878.397 460.875 4922.6
7.55028e+17 0 3.46874e+06 9.81536e+18 7 13 2.42812e+07 2.47379e-12 129.077 1690.67
1.16272e+08 1.2768e+09 8.31558e+07 7.97157e+06 9 14 7.48403e+08 93.8839 91.2143 1569.38
1.24517e+07 6.98199e+08 7.89492e+07 1.20965e+07 9 15 7.10543e+08 58.7395 56.4 1112.08
6.87608e+09 6.7167e+09 6.24667e+07 604403 12 11 7.49601e+08 1240.23 132.909 2493.04
1.31365e+08 1.43532e+09 7.87417e+07 4.49356e+06 13 10 1.02364e+09 227.802 124.4 2843.82
5.16935e+06 3.87619e+08 8.57428e+07 9.82176e+07 2 19 1.71486e+08 1.74598 50.5263 357.108
1.0501e+09 2.44363e+09 8.03514e+07 6.86789e+07 15 7 1.20527e+09 17.5494 224 4083.7
651360 7.2336e+07 8.53035e+07 1.23758e+07 2 19 1.70607e+08 13.7855 51.1579 341.755
6.69699e+07 1.06889e+09 8.77796e+07 7.44049e+07 8 16 7.02236e+08 9.43804 32.9375 972.899
1.24197e+09 4.04249e+09 7.12194e+07 2.5914e+06 6 16 4.27316e+08 164.898 57.4375 894.92
21815.2 436303 2.5e+07 436303 1 20 2.5e+07 57.2996 76.95 121.022
209793 1.38885e+07 8.50639e+07 3.98607e+06 2 19 1.70128e+08 42.6806 74.4211 363.052
1.57447e+09 2.4411e+09 8.1037e+07 8.6333e+06 12 12 9.72444e+08 112.639 107 2080.33
1.55714e+09 2.15127e+09 7.44067e+07 8.97677e+06 14 9 1.04169e+09 116.043 138.889 2936.48
1.75169e+09 3.50338e+10 2.18051e+07 3.50338e+10 1 20 2.18051e+07 0.000622402 62.95 110.573
5.96885e+08 1.66706e+09 7.98472e+07 1.64552e+07 16 10 1.27756e+09 77.6385 120.1 2710.81
5.07142e+06 1.45725e+08 6.46432e+07 246907 3 19 1.9393e+08 785.438 43.1579 375.311
4.79594e+12 0 2.27273e+06 6.23472e+13 11 13 2.5e+07 4.0098e-07 65.6923 1786.64
1.62917e+09 3.04418e+09 8.05603e+07 5.20619e+06 13 14 1.04728e+09 201.161 76.8571 1686.37
0 0 0 0 0 0 0 0 0 0
1.35579e+07 3.29322e+08 6.4976e+07 750401 6 18 3.89856e+08 519.531 39.7778 568.49
2.36859e+12 0 2.77778e+06 3.07917e+13 9 13 2.5e+07 8.11908e-07 54.9231 1403.34
1.34156e+08 1.38953e+09 8.91312e+07 5.49867e+07 13 11 1.15871e+09 21.0725 90.1818 2355.91
2.9811e+08 5.69327e+08 6.04583e+07 5.00562e+06 16 12 9.67332e+08 193.249 74.6667 1937.53
1.04006e+09 1.45758e+09 8.5148e+07 1.96576e+07 19 9 1.61781e+09 82.2994 148.222 3184.58
1.49039e+08 1.16005e+09 8.35224e+07 1.2864e+07 10 11 8.35224e+08 64.9272 176.909 2348.34
