2.32627e+08 9.4639e+08 8.79493e+07 5.31621e+07 16 7 1.40719e+09 26.4698 414 5148.93
4.61239e+08 2.10133e+09 7.46113e+07 1.72525e+07 15 5 1.11917e+09 64.8699 293.2 6301.2
1.96332e+08 1.72229e+09 8.76731e+07 8.17715e+07 18 8 1.57812e+09 19.2991 135.875 3609.95
2.43591e+08 1.28791e+09 8.76712e+07 1.53113e+08 14 5 1.2274e+09 8.01627 116.8 5753.66
1.7245e+08 1.99199e+09 7.74361e+07 8.97049e+06 16 7 1.23898e+09 138.117 327.714 6024.28
3.18179e+08 1.27938e+09 8.43291e+07 1.0976e+08 15 9 1.26494e+09 11.5246 158 2862.41
1.28177e+08 1.12058e+09 8.50692e+07 4.39074e+07 15 8 1.27604e+09 29.0621 245.875 3986.49
3.88781e+08 2.05885e+09 7.26571e+07 4.40295e+06 15 5 1.08986e+09 247.529 116.8 4901.89
2.23717e+08 1.5617e+09 8.58946e+07 1.74616e+08 15 5 1.28842e+09 7.37857 202 5220.38
8.17503e+08 1.22186e+09 8.60174e+07 1.67587e+08 16 7 1.37628e+09 8.21234 289.714 5158.25
3.13137e+08 1.97124e+09 8.44349e+07 1.49225e+08 16 7 1.35096e+09 9.05316 349.714 5989.03
2.67738e+09 2.47884e+09 7.93717e+07 8.32214e+06 15 9 1.19058e+09 143.061 184.222 3620.98
2.28198e+08 1.0851e+09 8.54176e+07 9.00836e+07 14 6 1.19585e+09 13.2749 35.3333 3968.63
1.00245e+08 1.07494e+09 8.67212e+07 7.31333e+07 12 7 1.04065e+09 14.2296 311.714 4797.81
1.5278e+09 2.03127e+09 8.0639e+07 1.23485e+06 15 9 1.20958e+09 979.541 139.556 2886.49
4.17713e+08 1.77519e+09 8.61868e+07 1.47687e+08 17 6 1.46518e+09 9.92079 158 4776.96
3.86655e+08 1.04661e+09 8.80622e+07 2.90244e+08 13 7 1.14481e+09 3.94429 77.4286 3507.5
1.70865e+09 1.72117e+09 7.73363e+07 5.69653e+06 16 8 1.23738e+09 217.216 106 3264.58
9.05916e+08 1.6739e+09 7.63885e+07 3.98532e+06 13 10 9.93051e+08 249.177 196.1 3125.73
3.44779e+08 1.45823e+09 8.50075e+07 2.02951e+08 17 6 1.44513e+09 7.12059 38 4238.02
2.43534e+09 1.60986e+09 7.23642e+07 2.93335e+06 14 7 1.0131e+09 345.373 186 4547.63
1.27736e+09 1.66039e+09 6.72417e+07 4.77488e+06 15 8 1.00863e+09 211.236 204 3581.15
1.14648e+08 1.24823e+09 8.80924e+07 9.35283e+07 12 9 1.05711e+09 11.3026 98.8889 3096.42
2.43354e+08 1.1538e+09 6.77716e+07 1.2049e+06 10 8 6.77716e+08 562.468 319.5 5175.86
2.54515e+08 1.31864e+09 8.66332e+07 2.8507e+07 17 9 1.47276e+09 51.6632 118 3513.91
1.30311e+08 1.31745e+09 8.22113e+07 2.18912e+07 14 7 1.15096e+09 52.5764 102.857 3657.25
2.1555e+08 1.58309e+09 8.81973e+07 9.53226e+07 13 5 1.14657e+09 12.0283 172.8 15357.3
2.52391e+08 1.06345e+09 8.21042e+07 2.17798e+07 18 7 1.47788e+09 67.8553 61.7143 3525.6
1.20272e+08 5.8875e+08 9.1254e+07 8.0053e+07 14 5 1.27756e+09 15.9589 198.8 5881.15
2.55936e+08 1.36094e+09 8.05777e+07 6.68013e+07 18 6 1.4504e+09 21.7121 192 4710.72
2.0683e+09 1.71567e+09 6.86262e+07 762154 15 8 1.02939e+09 1350.64 143.5 3456.38
2.56467e+08 1.2368e+09 7.52537e+07 6.58858e+06 17 7 1.27931e+09 194.171 153.429 3926.5
3.63342e+09 3.33961e+09 8.42252e+07 3.25629e+07 14 7 1.17915e+09 36.2115 139.429 3777.68
1.82067e+08 9.54269e+08 8.65872e+07 8.38998e+07 14 6 1.21222e+09 14.4484 220.833 4898.39
2.21632e+08 1.35337e+09 8.59575e+07 2.75435e+07 16 7 1.37532e+09 49.9325 110.857 3808.9
9.13842e+08 1.75024e+09 8.12132e+07 4.49161e+07 19 8 1.54305e+09 34.354 109.5 3588.5
3.06481e+08 1.73977e+09 8.96794e+07 2.72322e+08 14 6 1.25551e+09 4.6104 103.333 3901.9
4.05776e+08 1.9854e+09 8.59482e+07 2.14378e+08 14 5 1.20327e+09 5.61288 150 5355.15
2.83474e+08 1.52664e+09 8.49734e+07 1.59262e+07 15 6 1.2746e+09 80.0317 152 4579.26
9.08648e+08 1.29782e+09 7.2832e+07 1.34452e+07 14 8 1.01965e+09 75.8375 246 4095.8
1.89566e+08 1.42862e+09 8.85726e+07 3.93924e+07 14 7 1.24002e+09 31.4785 170.857 4207.41
4.03545e+08 1.97433e+09 8.42481e+07 1.0332e+07 14 6 1.17947e+09 114.157 95.3333 4008.44
3.27366e+08 1.38715e+09 8.61981e+07 3.67217e+08 15 7 1.29297e+09 3.521 109.714 3877.46
1.53587e+08 1.48401e+09 8.21824e+07 2.57335e+07 13 8 1.06837e+09 41.5167 314 4824.71
3.86665e+08 1.389e+09 8.07558e+07 3.32975e+08 16 9 1.29209e+09 3.88045 71.5556 2578.7
2.85022e+09 2.8557e+09 7.82703e+07 1.63881e+08 18 7 1.40887e+09 8.59689 135.714 3926.72
3.05919e+08 8.7942e+08 8.21086e+07 4.15547e+07 18 6 1.47796e+09 35.5665 78.8333 4715.23
2.7526e+08 1.23691e+09 8.99853e+07 1.58195e+08 13 6 1.16981e+09 7.39473 211.5 4951.82
3.14581e+08 1.276e+09 9.01573e+07 2.53563e+08 13 6 1.17204e+09 4.62231 61.3333 4224.63
3.09208e+08 1.51101e+09 9.0145e+07 2.50986e+08 13 6 1.17188e+09 4.66912 179.5 4769.9
2.86441e+08 1.23484e+09 9.09894e+07 1.31511e+08 16 7 1.45583e+09 11.07 118 4190.38
1.58688e+08 1.26304e+09 8.92226e+07 5.01082e+07 15 6 1.33834e+09 26.709 195.5 4988.22
2.73765e+09 3.03287e+09 7.80801e+07 9.26996e+07 16 8 1.24928e+09 13.4767 62.875 3112.08
4.35965e+08 2.31174e+09 7.87417e+07 6.74663e+07 13 4 1.02364e+09 15.1727 77 6712.52
2.0352e+08 1.39341e+09 9.05005e+07 9.71198e+07 15 5 1.35751e+09 13.9777 86.8 5260.99
2.36864e+08 1.85607e+09 9.12597e+07 2.45223e+08 14 7 1.27764e+09 5.21009 157.714 4215.62
1.51862e+08 1.61958e+09 8.89149e+07 1.66667e+08 14 8 1.24481e+09 7.46885 55.875 3008.93
6.94091e+07 1.04256e+09 7.82195e+07 2.22106e+06 13 7 1.01685e+09 457.824 196 4086.37
3.22264e+08 1.55965e+09 7.63933e+07 1.68106e+08 18 5 1.37508e+09 8.17986 237.2 6148.6
4.16014e+08 1.59715e+09 8.76947e+07 2.25361e+08 16 7 1.40312e+09 6.22608 57.4286 3474.88
4.38912e+08 1.04065e+09 8.82268e+07 1.17726e+08 15 7 1.3234e+09 11.2414 81.7143 3845.5
5.26635e+07 6.39279e+08 8.24452e+07 4.59052e+07 14 6 1.15423e+09 25.1439 218.833 4801.76
6.87821e+08 2.79216e+09 7.29819e+07 6.05008e+06 15 7 1.09473e+09 180.944 104.857 3930.87
3.9533e+08 1.29015e+09 8.27299e+07 1.37964e+08 18 8 1.48914e+09 10.7937 234 4104.08
3.74018e+07 6.83329e+08 7.65544e+07 1.32161e+07 13 10 9.95208e+08 75.3024 109.6 2261.95
4.4667e+08 1.81469e+09 8.55804e+07 3.23507e+08 15 7 1.28371e+09 3.96809 99.7143 3936.05
4.00802e+08 1.99955e+09 7.67572e+07 3.77289e+06 17 5 1.30487e+09 345.855 90 4922.73
2.06285e+08 1.18964e+09 8.10916e+07 1.69579e+06 15 9 1.21637e+09 717.291 129.556 2731.87
2.50501e+08 1.35202e+09 8.88122e+07 7.83924e+07 14 6 1.24337e+09 15.8609 42.8333 3820.94
2.37348e+09 2.80739e+09 8.39407e+07 1.9506e+07 16 8 1.34305e+09 68.8534 123.5 3685.56
2.09291e+08 1.55546e+09 8.05059e+07 3.38561e+07 15 9 1.20759e+09 35.6683 178 3327.43
1.59468e+09 2.10479e+09 7.75653e+07 2.0287e+08 17 7 1.31861e+09 6.49979 143.429 3511.56
2.38793e+08 1.73599e+09 9.13805e+07 1.17483e+07 12 4 1.09657e+09 93.3378 114.75 6531.69
4.17198e+09 2.40716e+09 8.01118e+07 1.48755e+07 11 5 8.8123e+08 59.2403 135.2 4634.21
2.2533e+08 9.53702e+08 9.08573e+07 2.20234e+07 15 6 1.36286e+09 61.8824 184 5067.12
3.03413e+08 1.92954e+09 8.86315e+07 1.91913e+08 15 5 1.32947e+09 6.92749 26.8 4775.02
3.72697e+08 1.68513e+09 7.4953e+07 1.98293e+06 17 9 1.2742e+09 642.587 67.5556 3238.65
2.04718e+08 1.11339e+09 9.34628e+07 8.842e+07 13 6 1.21502e+09 13.7414 260 6203.38
2.73151e+08 1.02489e+09 8.98676e+07 2.99238e+07 14 6 1.25815e+09 42.045 193.5 5460.3
3.21553e+08 1.58103e+09 8.97551e+07 2.64963e+07 15 7 1.34633e+09 50.8119 183.714 3957.57
4.38048e+08 3.23359e+09 7.14e+07 4.40594e+06 14 8 9.99601e+08 226.876 228 3361.04
3.04411e+09 2.72504e+09 7.7132e+07 2.24242e+07 13 8 1.00272e+09 44.7159 225.875 3425.29
1.81785e+08 7.4268e+08 8.61821e+07 3.39956e+07 17 6 1.4651e+09 43.0966 193.5 4501.19
4.65153e+08 1.21629e+09 7.77822e+07 3.07497e+06 12 11 9.33387e+08 303.543 238.545 2921.41
7.3832e+08 1.70321e+09 8.77945e+07 5.37734e+07 16 8 1.40471e+09 26.1228 117.5 3686.28
1.41281e+08 1.38544e+09 7.46965e+07 1.90684e+07 15 7 1.12045e+09 58.7594 179.714 5328.1
6.41985e+08 1.40881e+09 8.68211e+07 9.22953e+07 18 8 1.56278e+09 16.9324 141.875 3471.49
2.92328e+08 1.54309e+09 8.69382e+07 3.47107e+07 15 7 1.30407e+09 37.5698 238.857 4456.4
2.47693e+09 2.61956e+09 7.89231e+07 3.64778e+07 17 10 1.34169e+09 36.7811 82.4 3575.26
2.66344e+08 7.86825e+08 8.37368e+07 301439 13 6 1.08858e+09 3611.27 281.333 4955.11
1.60963e+08 1.47146e+09 7.20554e+07 7.76869e+06 15 6 1.08083e+09 139.126 374.833 5907.14
1.31573e+09 1.65834e+09 8.45527e+07 6.10628e+07 15 6 1.26829e+09 20.7703 230.833 4971.61
1.44293e+09 1.7224e+09 8.71006e+07 4.00023e+07 8 5 6.96805e+08 17.4191 230.8 7196.43
1.82009e+08 1.77116e+09 8.13419e+07 8.75966e+06 15 8 1.22013e+09 139.289 145.5 3430.81
3.70684e+08 2.23819e+09 8.93983e+07 2.28832e+08 15 9 1.34097e+09 5.86007 170 3946.9
2.94707e+08 1.17492e+09 8.29135e+07 1.89428e+07 13 6 1.07788e+09 56.9017 97.3333 5225.45
1.65713e+08 5.49571e+08 7.65708e+07 1.35301e+07 15 6 1.14856e+09 84.8895 359.5 18894.2
1.65958e+08 7.47285e+08 7.78707e+07 1.95007e+07 17 6 1.3238e+09 67.8849 269.333 5052.49
3.47771e+17 0 2.56083e+07 2.25985e+14 13 10 3.32907e+08 1.47314e-06 230.1 3313.28
1.99441e+08 1.77924e+09 8.31517e+07 2.49632e+07 17 7 1.41358e+09 56.6264 167.429 4083.51
3.61257e+09 3.47466e+09 8.10826e+07 1.7557e+08 13 8 1.05407e+09 6.00371 152.875 3676.31
3.49184e+08 8.53026e+08 8.69276e+07 2.82672e+07 15 6 1.30391e+09 46.1281 225.333 5876.13
1.92371e+09 2.01302e+09 7.76358e+07 4.09019e+07 13 5 1.00927e+09 24.6753 203.2 4952.77
1.74116e+08 1.36061e+09 8.44622e+07 6.01057e+06 15 8 1.26693e+09 210.784 222 4056.55
2.54014e+08 1.70328e+09 8.70296e+07 1.18896e+07 18 8 1.56653e+09 131.756 119.875 3899.21
1.18981e+08 1.05741e+09 8.77282e+07 1.39932e+07 14 7 1.22819e+09 87.771 188.857 4536.68
1.46485e+08 1.47658e+09 8.81447e+07 2.59739e+07 14 7 1.23403e+09 47.5102 324 5041.5
2.8965e+08 1.33769e+09 8.63247e+07 1.24556e+08 14 5 1.20855e+09 9.70285 113.2 14582.5
3.33357e+08 1.76396e+09 8.92073e+07 5.32255e+07 16 7 1.42732e+09 26.8164 187.714 4785.3
1.85239e+08 1.70697e+09 9.17789e+07 1.41407e+08 14 6 1.2849e+09 9.08658 102.833 5155.83
1.32554e+09 1.68921e+09 8.40362e+07 1.08233e+07 15 7 1.26054e+09 116.465 174.857 4877.01
9.96539e+07 1.35955e+09 7.4377e+07 1.45506e+07 15 7 1.11565e+09 76.6743 351.714 6523.95
3.99049e+08 1.54144e+09 7.88527e+07 1.01519e+07 17 6 1.3405e+09 132.043 80 4363.44
4.41974e+07 1.04727e+09 8.52902e+07 4.72721e+06 12 6 1.02348e+09 216.509 202 5081.04
3.38309e+08 2.32578e+09 9.0599e+07 1.03059e+07 10 5 9.0599e+08 87.9101 158.8 6238.6
3.45173e+08 1.23134e+09 8.76997e+07 1.04212e+08 16 6 1.40319e+09 13.4648 89.3333 4463.54
1.95005e+09 2.62387e+09 8.14297e+07 1.83545e+08 10 9 8.14297e+08 4.43651 289.556 4505.5
1.01404e+08 8.18078e+08 8.21486e+07 4.52948e+07 14 7 1.15008e+09 25.391 185.429 3181.33
2.5877e+08 1.55924e+09 8.72627e+07 2.94095e+07 17 8 1.48347e+09 50.4417 137.875 4131.09
1.28326e+09 2.42751e+09 7.42521e+07 2.16375e+07 11 5 8.16773e+08 37.7481 395.2 5940.94
2.50912e+08 8.03912e+08 8.50339e+07 7.4893e+06 16 6 1.36054e+09 181.665 114.833 4521.01
1.62037e+09 1.57829e+09 8.62338e+07 2.43495e+07 17 7 1.46597e+09 60.2056 253.714 5234.21
1.72438e+08 1.50738e+09 8.16636e+07 4.97396e+07 14 8 1.14329e+09 22.9855 204 5824.39
2.66422e+08 1.57475e+09 8.57889e+07 1.98041e+07 13 5 1.11526e+09 56.3145 191.2 5452.84
3.92951e+08 1.16289e+09 8.84984e+07 3.20343e+08 14 6 1.23898e+09 3.86766 287.5 7485.67
5.75964e+07 9.4381e+08 8.8404e+07 2.97292e+07 11 7 9.72444e+08 32.71 108.857 3709.26
3.39228e+08 2.252e+09 8.46695e+07 1.2788e+07 16 7 1.35471e+09 105.936 146.857 4009.12
2.18843e+08 1.55348e+09 8.88818e+07 2.0074e+08 15 8 1.33323e+09 6.64157 144 3307.16
3.18145e+09 1.91861e+09 8.24187e+07 1.05645e+07 17 7 1.40112e+09 132.625 96 3452.56
1.37701e+09 1.65801e+09 8.47387e+07 5.35372e+06 14 7 1.18634e+09 221.592 178.857 3986.44
1.7202e+09 1.56896e+09 8.48988e+07 1.20743e+08 15 7 1.27348e+09 10.5471 305.714 4970.77
2.29469e+08 1.28383e+09 8.16494e+07 2.06615e+06 16 10 1.30639e+09 632.283 89.6 2859.68
8.15445e+08 2.00102e+09 7.406e+07 1.06483e+06 13 5 9.6278e+08 904.162 258.8 7148.12
4.722e+08 1.72503e+09 7.25589e+07 1.72021e+07 16 6 1.16094e+09 67.4884 86.8333 4347.8
1.9989e+09 2.03914e+09 6.52769e+07 4.15083e+06 15 8 9.79153e+08 235.894 179.875 3570.48
2.42969e+09 3.17635e+09 8.55186e+07 2.62563e+08 13 9 1.11174e+09 4.23418 84.8889 2902.36
1.81817e+08 1.34016e+09 8.38658e+07 2.0955e+07 15 6 1.25799e+09 60.0328 243.5 4209.18
4.05956e+09 3.36648e+09 7.93416e+07 7.93529e+06 14 7 1.11078e+09 139.98 159.714 3690.98
1.21162e+08 8.12616e+08 8.52657e+07 2.48753e+07 19 6 1.62005e+09 65.1269 236.833 5462.12
2.41795e+08 1.30636e+09 8.09763e+07 1.71499e+07 17 7 1.3766e+09 80.2687 139.714 5445.08
2.62087e+08 1.11723e+09 8.30982e+07 1.13956e+07 18 8 1.49577e+09 131.258 170.875 4594.03
6.89016e+08 2.13643e+09 8.19198e+07 1.76462e+06 11 7 9.01118e+08 510.658 403.429 7686.64
2.89496e+08 1.62006e+09 8.89643e+07 1.2401e+08 12 7 1.06757e+09 8.60877 234.857 4128.01
8.23606e+08 1.42485e+09 8.20447e+07 1.96271e+08 15 6 1.23067e+09 6.27027 188.833 13981.2
2.86755e+08 1.54708e+09 8.28168e+07 6.06718e+07 15 7 1.24225e+09 20.4749 179.714 5105.5
5.2574e+08 1.60971e+09 8.10348e+07 1.7596e+07 18 8 1.45863e+09 82.8953 142 5084.85
1.98655e+08 1.60659e+09 8.98163e+07 3.14806e+07 16 7 1.43706e+09 45.649 185.429 4926.9
2.76541e+08 1.64465e+09 8.5871e+07 1.3899e+08 19 7 1.63155e+09 11.7386 78.8571 4998.21
1.35505e+08 1.44468e+09 8.71897e+07 1.53011e+07 13 7 1.13347e+09 74.0775 159.429 4874.03
6.36031e+07 1.14218e+09 7.90895e+07 1.69411e+07 15 6 1.18634e+09 70.0274 51.3333 4722.41
1.09711e+08 1.69755e+09 8.91664e+07 1.14974e+08 11 9 9.80831e+08 8.53091 246.222 4717
1.33898e+09 2.00167e+09 8.51131e+07 1.18406e+08 13 10 1.10647e+09 9.34474 211.6 4312.42
2.00609e+08 8.80244e+08 8.81225e+07 3.5291e+07 17 7 1.49808e+09 42.4495 250.857 5674.07
2.13974e+08 1.40579e+09 8.3398e+07 2.68664e+07 14 8 1.16757e+09 43.4584 156.875 4361.82
2.66117e+08 1.4698e+09 8.91558e+07 2.8775e+07 13 7 1.15903e+09 40.2789 130 4736.41
1.41641e+08 1.23161e+09 8.62291e+07 1.30913e+07 17 7 1.46589e+09 111.974 121.714 4417.47
1.80654e+09 1.97913e+09 7.46349e+07 1.48772e+07 14 8 1.04489e+09 70.2342 217.5 3540.93
2.42232e+08 1.2437e+09 8.72204e+07 7.87296e+07 16 6 1.39553e+09 17.7256 197.333 4786.36
2.46991e+08 1.92823e+09 7.7506e+07 9.72239e+07 16 7 1.2401e+09 12.755 364.857 5408.16
9.8171e+08 1.60283e+09 8.10403e+07 1.28816e+07 16 8 1.29665e+09 100.659 84.875 3520.53
1.32234e+09 1.65532e+09 7.74978e+07 1.97008e+06 11 8 8.52476e+08 432.712 78 2451.19
1.49857e+09 1.78225e+09 8.34026e+07 3.05445e+07 15 6 1.25104e+09 40.9579 244.833 4371.1
2.61902e+08 1.36592e+09 8.82887e+07 7.4389e+07 16 6 1.41262e+09 18.9896 99.3333 4508.61
7.10668e+08 2.09027e+09 8.50284e+07 2.15311e+08 18 9 1.53051e+09 7.10839 130 3395.8
1.22761e+08 1.37174e+09 8.22214e+07 3.23001e+07 17 6 1.39776e+09 43.2743 175.333 4950.31
2.68726e+09 2.6852e+09 7.61182e+07 2.93269e+06 12 9 9.13419e+08 311.461 126 2820.23
1.02374e+08 8.80059e+08 8.03614e+07 1.74641e+07 16 7 1.28578e+09 73.6243 273.429 5581.62
1.93291e+08 2.82499e+09 8.07189e+07 1.19352e+07 10 6 8.07189e+08 67.6307 346.833 5201.94
3.47493e+09 3.13369e+09 8.00919e+07 8.53699e+06 16 7 1.28147e+09 150.108 151.714 4005.13
2.29322e+08 9.7968e+08 9.01529e+07 8.44089e+07 14 6 1.26214e+09 14.9527 168 6456.7
1.55019e+09 1.52171e+09 6.50213e+07 1.01129e+06 15 9 9.75319e+08 964.435 178.222 3510.24
1.46504e+09 1.61112e+09 7.89506e+07 1.12178e+08 13 5 1.02636e+09 9.14934 262 1.46084e+06
4.37924e+09 3.34024e+09 6.53454e+07 1.1976e+06 16 8 1.04553e+09 873.015 227.5 4699.47
1.3809e+08 1.24626e+09 8.52087e+07 1.03888e+08 16 6 1.36334e+09 13.1231 174 4675.82
2.27287e+08 1.2047e+09 8.55488e+07 4.40109e+07 14 8 1.19768e+09 27.2133 233.5 4319.67
9.77549e+07 1.70561e+09 8.62804e+07 5.721e+07 13 5 1.12165e+09 19.6058 143.2 4891.57
3.47579e+08 1.94013e+09 8.48942e+07 2.30951e+07 16 7 1.35831e+09 58.8135 203.714 4766.61
5.32364e+09 3.51051e+09 7.42545e+07 3.76602e+06 15 8 1.11382e+09 295.755 93.875 2987.01
2.28275e+08 1.54864e+09 8.94369e+07 1.80059e+08 12 6 1.07324e+09 5.96052 208.833 14443.1
2.86893e+08 1.82848e+09 7.12011e+07 3.93127e+06 16 9 1.13922e+09 289.783 184.222 3379.87
2.75383e+08 1.14489e+09 9.0016e+07 1.53337e+07 17 8 1.53027e+09 99.7976 77.875 3914.83
2.23785e+08 1.20223e+09 8.11768e+07 1.65017e+07 15 6 1.21765e+09 73.7895 77.5 3294.77
3.07075e+08 1.41712e+09 8.62009e+07 1.95091e+07 17 7 1.46542e+09 75.1143 93.4286 4235.86
7.66403e+08 1.49978e+09 8.27053e+07 1.02498e+07 17 8 1.40599e+09 137.173 169.875 3497.5
2.76135e+09 2.61842e+09 7.14207e+07 4.62691e+06 16 7 1.14273e+09 246.975 105.429 3181.43
2.11104e+08 9.7565e+08 8.43942e+07 1.28876e+08 13 6 1.09712e+09 8.513 94 4999.09
3.32349e+08 8.69955e+08 8.87025e+07 3.47261e+07 18 7 1.59665e+09 45.9782 166 4009.04
2.65392e+08 1.24844e+09 8.84085e+07 1.51014e+08 16 7 1.41454e+09 9.36692 97.4286 4139.68
2.30854e+09 2.75191e+09 8.18462e+07 1.05865e+07 14 8 1.14585e+09 108.236 93.875 3901.88
1.43817e+08 1.20405e+09 9.0229e+07 3.14387e+07 15 7 1.35343e+09 43.0499 182.857 4210.33
1.58033e+08 2.73795e+09 7.26038e+07 7.7337e+06 16 5 1.16166e+09 150.208 223.2 5396.36
1.46261e+08 8.82679e+08 8.61172e+07 1.32984e+08 16 7 1.37788e+09 10.3612 232.857 4376.16
2.56255e+09 3.38577e+09 8.17707e+07 5.84153e+08 13 6 1.06302e+09 1.81976 220 5393.91
5.34944e+09 4.68859e+09 6.97684e+07 1.02412e+08 12 6 8.3722e+08 8.17504 254.833 4693.1
4.44568e+08 1.70504e+09 8.15542e+07 1.57763e+08 17 6 1.38642e+09 8.78802 46.8333 4286.6
8.30641e+07 1.29083e+09 8.02183e+07 9.19513e+06 15 7 1.20327e+09 130.86 238 3619.45
9.76684e+07 9.06145e+08 7.72945e+07 1.07682e+06 11 7 8.5024e+08 789.585 131.429 12929.2
8.70393e+07 8.1731e+08 7.2508e+07 2.55088e+06 10 7 7.2508e+08 284.247 47.4286 3441.76
3.73451e+08 1.46166e+09 8.83475e+07 1.79692e+08 18 6 1.59026e+09 8.84991 118 4678.32
2.48146e+08 1.04328e+09 8.7918e+07 1.00166e+08 15 7 1.31877e+09 13.1659 253.429 4928.52
1.86272e+08 1.43031e+09 8.20887e+07 1.07008e+07 16 8 1.31342e+09 122.741 118 3301.13
5.9006e+07 1.13225e+09 8.48186e+07 5.40659e+06 14 7 1.18746e+09 219.632 223.714 4400.37
1.78482e+09 1.49121e+09 8.22868e+07 8.33603e+07 13 5 1.06973e+09 12.8326 234 4410.25
4.76551e+08 2.06239e+09 8.77529e+07 2.02508e+08 12 5 1.05304e+09 5.19997 75.2 5399.62
3.86997e+08 1.15434e+09 8.35749e+07 1.09034e+08 14 7 1.17005e+09 10.7311 222.857 4691.12
2.21505e+08 2.3615e+09 7.95078e+07 1.25178e+07 16 6 1.27212e+09 101.626 138.833 4692.69
2.49012e+08 2.41844e+09 8.99121e+07 2.65734e+07 10 9 8.99121e+08 33.8353 192 3308.03
2.25808e+08 1.52107e+09 9.14337e+07 5.67088e+06 12 8 1.0972e+09 193.48 176 3568.16
1.33573e+08 8.15265e+08 8.63618e+07 1.76733e+07 16 8 1.38179e+09 78.185 149.875 3048.83
2.42915e+08 1.48823e+09 7.87646e+07 4.50978e+07 15 5 1.18147e+09 26.1979 265.2 4937.34
2.0539e+08 1.29339e+09 8.5607e+07 1.84835e+07 15 8 1.28411e+09 69.4732 164.875 3896.36
1.68696e+08 2.1638e+09 8.46645e+07 3.12865e+07 16 6 1.35463e+09 43.2976 154.833 4737.79
1.85679e+08 1.33189e+09 8.45474e+07 1.95333e+06 15 8 1.26821e+09 649.257 132 3846.64
1.30883e+09 1.52062e+09 6.54153e+07 4.74147e+07 15 7 9.8123e+08 20.6947 245.714 4219.72
4.19079e+08 2.2945e+09 8.74301e+07 2.55577e+08 16 8 1.39888e+09 5.47342 28.875 3274.48
6.26219e+08 1.80399e+09 8.14048e+07 1.36214e+08 16 7 1.30248e+09 9.56199 99.7143 3846.85
7.06149e+08 2.08325e+09 7.85258e+07 9.37967e+06 14 5 1.09936e+09 117.207 195.2 6021.43
2.27536e+08 1.40163e+09 8.99611e+07 4.88842e+07 16 6 1.43938e+09 29.4446 134 3721.81
1.97841e+09 1.91565e+09 7.9256e+07 2.81715e+07 14 7 1.10958e+09 39.3867 161.714 3925.42
6.78319e+08 2.38137e+09 8.0398e+07 8.56693e+06 12 7 9.64776e+08 112.616 254 4296.31
