3.80722e+08 2.23407e+09 8.72512e+07 4.76575e+07 13 5 1.13427e+09 23.8003 145.2 5346.04
2.41162e+08 1.40387e+09 7.86741e+07 1.48841e+08 17 5 1.33746e+09 8.98585 97.2 6192.36
3.57713e+08 6.18674e+08 6.5422e+07 5.71351e+06 12 6 7.85064e+08 137.405 299.333 4859.5
2.83853e+08 2.10365e+09 8.25719e+07 1.40992e+08 15 4 1.23858e+09 8.78471 38 5656.49
1.95143e+08 1.31293e+09 8.43793e+07 1.22022e+08 14 4 1.18131e+09 9.68114 131 4871.8
2.5899e+08 1.48166e+09 8.20858e+07 3.03525e+07 14 4 1.1492e+09 37.8618 42.75 15734.2
3.47109e+08 1.54235e+09 8.4442e+07 1.45658e+07 14 5 1.18219e+09 81.1622 57.2 4638.62
5.63185e+07 1.04314e+09 8.37184e+07 5.50104e+07 13 5 1.08834e+09 19.7842 374 9298.47
3.51932e+08 2.04208e+09 8.16905e+07 4.0477e+07 17 6 1.38874e+09 34.3093 110.833 3951.56
2.55607e+08 1.51414e+09 9.01511e+07 2.3794e+08 13 6 1.17196e+09 4.92546 169.333 5364.06
1.01059e+08 1.42881e+09 8.51504e+07 1.39566e+07 12 5 1.02181e+09 73.2129 273.2 6598.56
1.51563e+08 6.44505e+08 8.7287e+07 9.83351e+07 12 4 1.04744e+09 10.6518 131 6784.55
1.94184e+08 1.09131e+09 8.94814e+07 1.41281e+07 13 5 1.16326e+09 82.3365 114.8 6546.96
1.31004e+08 1.52749e+09 8.52436e+07 1.76477e+07 16 6 1.3639e+09 77.2845 184 4889.68
1.24869e+08 1.07393e+09 7.82698e+07 1.82373e+07 16 5 1.25232e+09 68.6678 168.8 5233.34
1.27135e+08 1.52971e+09 8.58626e+07 2.06728e+07 13 6 1.11621e+09 53.9943 154.833 4023.46
3.09245e+08 2.02184e+09 7.93644e+07 1.84858e+08 14 5 1.1111e+09 6.01058 214 6307.12
4.0715e+08 1.9777e+09 9.0655e+07 9.14513e+07 14 5 1.26917e+09 13.8781 34.8 4889.64
1.63745e+08 1.87682e+09 8.46584e+07 9.56786e+06 13 4 1.10056e+09 115.027 218 6796.78
2.10962e+08 2.23926e+09 7.85357e+07 1.3832e+07 15 5 1.17804e+09 85.1675 170 5194.57
1.9669e+08 1.64035e+09 8.70058e+07 1.55968e+08 16 6 1.39209e+09 8.92549 262.833 5342.09
2.98577e+08 1.59314e+09 8.88548e+07 2.3184e+08 13 6 1.15511e+09 4.98238 204.833 4989.03
1.76105e+08 5.73203e+08 7.9741e+07 3.40312e+07 14 4 1.11637e+09 32.8044 105 14901.6
2.73149e+08 1.58386e+09 8.27626e+07 3.8518e+07 16 7 1.3242e+09 34.3787 85.4286 3715.45
2.09981e+08 1.31248e+09 8.53887e+07 4.95752e+07 15 5 1.28083e+09 25.8361 284.8 5817.72
3.03598e+08 1.57614e+09 8.4574e+07 1.15401e+08 15 5 1.26861e+09 10.9931 88 4386.18
3.60276e+08 1.03865e+09 8.46867e+07 8.32774e+07 18 5 1.52436e+09 18.3046 34 5457.29
2.3197e+08 8.74142e+08 8.62449e+07 1.33376e+08 14 5 1.20743e+09 9.05278 174.8 4770.41
2.17905e+08 8.00804e+08 8.88312e+07 1.33385e+08 12 4 1.06597e+09 7.9917 224.75 7771.54
4.18155e+08 2.11014e+09 8.21778e+07 2.29779e+08 15 4 1.23267e+09 5.36458 96.75 7062.9
2.29937e+08 7.91164e+08 7.96625e+07 1.11551e+08 16 4 1.2746e+09 11.4262 26 5865.25
3.28101e+08 2.16584e+09 8.70668e+07 1.38762e+08 13 6 1.13187e+09 8.15693 203.333 4862.76
1.92909e+08 1.15368e+09 8.27335e+07 7.20339e+07 17 5 1.40647e+09 19.5251 82 5222.59
2.09184e+08 1.22928e+09 8.62335e+07 6.04288e+07 14 4 1.20727e+09 19.9784 43 6538.95
2.77318e+08 1.39192e+09 8.51526e+07 4.63807e+07 18 6 1.53275e+09 33.0471 191.5 4798.78
8.5171e+07 1.20289e+09 8.07508e+07 1.00852e+07 11 4 8.88259e+08 88.0757 170 5783.69
2.32839e+08 2.15684e+09 8.11036e+07 10355.7 12 4 9.73243e+08 93981.3 122.75 5250.86
1.6307e+08 1.45528e+09 6.78448e+07 6.29205e+06 12 6 8.14137e+08 129.392 131.333 4276.6
