2.73691e+08 1.08047e+09 8.6901e+07 1.6891e+08 15 5 1.30351e+09 7.71721 170.8 203498
1.70652e+09 2.11872e+09 6.70927e+07 7.48017e+06 16 10 1.07348e+09 143.511 78.5 199858
2.02222e+08 1.73244e+09 7.8987e+07 2.753e+07 12 5 9.47843e+08 34.4294 44.8 222334
5.28991e+09 3.56601e+09 6.729e+07 3.70632e+07 17 9 1.14393e+09 30.8643 91.5556 185340
4.43851e+09 4.50753e+09 6.48791e+07 4.89599e+07 14 6 9.08307e+08 18.5521 138.833 253106
2.29645e+08 1.34471e+09 8.23146e+07 8.24687e+06 19 7 1.56398e+09 189.645 61.4286 196019
8.88949e+07 1.78472e+09 7.38868e+07 1.36229e+07 16 5 1.18219e+09 86.7794 18.8 172679
1.20338e+09 1.39896e+09 7.40661e+07 1.97583e+07 13 8 9.62859e+08 48.7318 312.875 268109
4.79676e+08 1.86389e+09 7.29149e+07 9.52683e+06 19 7 1.38538e+09 145.419 111.429 150715
3.09857e+08 1.2675e+09 8.8967e+07 1.92083e+08 15 6 1.3345e+09 6.94753 143.5 212748
1.82239e+08 1.61358e+09 8.02145e+07 4.13833e+07 14 8 1.123e+09 27.1366 212 144064
5.81692e+08 3.07207e+09 7.05964e+07 1.19286e+07 15 7 1.05895e+09 88.7735 119.714 256018
1.35511e+08 3.09999e+09 7.44865e+07 1.33736e+07 14 8 1.04281e+09 77.9755 57.875 167069
6.66723e+09 4.1888e+09 6.93823e+07 1.16594e+07 12 6 8.32588e+08 71.4089 123.5 226605
2.30136e+08 1.52404e+09 8.41796e+07 5.61498e+07 14 7 1.17851e+09 20.9887 147.429 195039
1.63533e+09 1.34415e+09 5.86876e+07 1.30001e+07 13 9 7.62939e+08 58.6871 136 43005.5
9.43375e+07 1.19029e+09 8.71976e+07 8.24533e+06 14 7 1.22077e+09 148.055 78.8571 142252
1.37858e+08 1.91121e+09 7.96839e+07 5.51147e+07 14 5 1.11558e+09 20.241 206.8 517958
2.91559e+18 0 4.81297e+07 2.16977e+17 12 7 5.77556e+08 2.66183e-09 70.8571 195370
2.89032e+08 1.67184e+09 7.75666e+07 1.56318e+07 15 7 1.1635e+09 74.4316 76 217528
2.53101e+08 1.43396e+09 8.1618e+07 4.10708e+07 14 5 1.14265e+09 27.8215 44 302514
2.46939e+09 2.23633e+09 6.66374e+07 3.19534e+06 10 6 6.66374e+08 208.546 275.333 184983
2.84719e+08 1.48968e+09 7.72524e+07 9.84002e+06 15 8 1.15879e+09 117.763 81.5 226720
2.10598e+08 2.04861e+09 8.65575e+07 3.26452e+07 10 4 8.65575e+08 26.5146 68.75 199989
2.02839e+08 1.81449e+09 8.49511e+07 3.15235e+07 17 7 1.44417e+09 45.8124 133.429 306919
1.11534e+08 1.30898e+09 7.88795e+07 4.14613e+07 14 7 1.10431e+09 26.6348 212 99248.8
4.03678e+09 2.96044e+09 8.55897e+07 2.79993e+06 12 5 1.02708e+09 366.823 57.2 185451
3.65744e+09 3.80059e+09 6.82036e+07 5.1175e+07 11 8 7.5024e+08 14.6603 291.875 209407
1.38946e+09 2.12822e+09 8.45048e+07 7.62439e+07 16 7 1.35208e+09 17.7336 89.7143 204946
1.16417e+09 1.56043e+09 7.71316e+07 6.81552e+07 16 5 1.23411e+09 18.1073 250.8 343034
2.47824e+09 2.49648e+09 7.23056e+07 1.26822e+07 15 8 1.08458e+09 85.5202 75.875 153589
1.31664e+08 1.31764e+09 8.24167e+07 1.44649e+07 14 5 1.15383e+09 79.768 110 136769
1.56812e+08 1.34947e+09 7.68653e+07 4.22578e+07 17 6 1.30671e+09 30.9223 157.5 228949
2.6655e+08 1.33073e+09 8.65815e+07 1.77833e+08 17 8 1.47188e+09 8.27676 117.5 211462
2.9834e+08 3.14456e+09 7.06127e+07 1.333e+06 14 5 9.88578e+08 741.617 108.8 232778
1.24619e+18 0 1.73722e+06 1.12157e+19 12 9 2.08466e+07 1.8587e-12 28.2222 90371.5
7.95977e+08 1.61137e+09 7.24867e+07 5.61135e+06 15 5 1.0873e+09 193.768 153.2 167192
2.61297e+08 1.12443e+09 8.18584e+07 8.80854e+07 15 6 1.22788e+09 13.9396 86.8333 481102
2.1209e+18 0 4.39912e+07 5.9565e+16 13 7 5.71885e+08 9.60102e-09 141.714 183869
1.91264e+09 1.69826e+09 7.37753e+07 9.07774e+07 12 4 8.85304e+08 9.75247 62.75 210132
2.95242e+09 4.30606e+09 6.23574e+07 2.17451e+07 14 9 8.73003e+08 40.147 98.8889 152626
8.55993e+08 1.29967e+09 7.25183e+07 5.2862e+06 14 7 1.01526e+09 192.058 139.714 121024
3.36119e+09 4.32693e+09 7.33113e+07 8.54425e+06 14 9 1.02636e+09 120.123 76.2222 156240
3.8736e+18 0 8.38019e+07 3.05204e+11 15 8 1.25703e+09 0.00411865 142.875 176893
2.49855e+08 2.48576e+09 8.12726e+07 5.62154e+07 15 6 1.21909e+09 21.686 60.8333 221661
2.31029e+08 1.93955e+09 8.36027e+07 1.38218e+07 17 8 1.42125e+09 102.827 118 298335
1.01394e+08 1.35675e+09 8.24032e+07 9.07869e+06 16 8 1.31845e+09 145.225 99.875 183508
3.17481e+08 2.67114e+09 6.72151e+07 3.44239e+06 15 5 1.00823e+09 292.886 142 246672
3.10619e+08 1.34997e+09 8.95082e+07 2.21116e+08 14 5 1.25312e+09 5.66722 174.8 282060
1.86218e+08 1.82105e+09 5.35849e+07 1.81869e+06 17 6 9.10942e+08 500.88 70 59651.6
3.26058e+08 1.9694e+09 8.35996e+07 1.1212e+07 15 7 1.25399e+09 111.844 127.429 164364
2.06318e+08 1.79933e+09 7.23642e+07 5.88259e+06 16 7 1.15783e+09 196.823 29.7143 212066
3.01645e+08 1.68014e+09 8.46166e+07 1.06185e+08 15 6 1.26925e+09 11.9532 90.8333 269550
1.21439e+08 2.80299e+09 8.57827e+07 1.03581e+06 13 8 1.11518e+09 1076.62 46 249358
1.24335e+09 1.7917e+09 6.34984e+07 1.33569e+06 18 6 1.14297e+09 855.714 136 202628
2.10381e+08 2.41433e+09 8.23764e+07 1.62185e+08 17 7 1.4004e+09 8.63458 113.429 243498
1.25078e+09 2.75953e+09 6.10889e+07 2.40571e+07 12 8 7.33067e+08 30.472 172.875 113368
6.96161e+08 1.85228e+09 8.29024e+07 2.18445e+07 16 9 1.32644e+09 60.7218 144.222 354633
1.71994e+08 2.79244e+09 7.78938e+07 1.80784e+07 13 6 1.01262e+09 56.0127 107.333 248744
4.65708e+09 3.45803e+09 6.66773e+07 3.24647e+06 15 6 1.00016e+09 308.076 297.5 149504
3.80182e+08 2.93273e+09 7.90792e+07 3.41004e+07 14 6 1.10711e+09 32.4662 143.333 191155
1.21012e+08 1.7048e+09 7.73163e+07 9.75281e+06 14 8 1.08243e+09 110.986 123.5 235347
2.30576e+09 2.55873e+09 7.38326e+07 8.79237e+07 13 8 9.59824e+08 10.9166 75.875 153460
2.53462e+08 1.48081e+09 8.25985e+07 8.38856e+07 15 7 1.23898e+09 14.7698 70 222672
2.19965e+08 1.9458e+09 8.63533e+07 1.42031e+08 14 6 1.20895e+09 8.51187 55.3333 198643
9.78465e+08 1.69745e+09 7.31257e+07 4.53757e+07 15 6 1.09688e+09 24.1734 239.333 129292
8.04691e+08 1.55034e+09 8.20487e+07 3.7325e+06 12 6 9.84585e+08 263.787 215.333 147073
3.11628e+08 1.67698e+09 7.98476e+07 4.60724e+07 13 10 1.03802e+09 22.5302 178.9 150456
4.71026e+08 1.68933e+09 7.21922e+07 1.39587e+07 13 8 9.38498e+08 67.2337 147.5 113592
6.2241e+09 4.76121e+09 6.97883e+07 1.89411e+07 16 9 1.11661e+09 58.9519 74.2222 152855
1.97967e+08 1.81513e+09 8.74487e+07 2.9501e+07 14 6 1.22428e+09 41.4997 67.3333 330057
3.19366e+09 2.70414e+09 8.20656e+07 2.12617e+07 13 8 1.06685e+09 50.1772 159.5 135809
2.07976e+08 2.48654e+09 6.97284e+07 5.83263e+07 14 6 9.76198e+08 16.7368 58.8333 147484
1.89915e+08 1.32124e+09 8.25194e+07 5.73503e+07 14 9 1.15527e+09 20.1441 120 197423
2.14058e+08 1.19473e+09 8.41568e+07 1.95853e+07 14 7 1.17819e+09 60.157 162.857 115723
3.99178e+09 3.47497e+09 8.31416e+07 9.32144e+07 15 8 1.24712e+09 13.3791 93.5 220427
6.34902e+18 0 7.2918e+07 2.09573e+17 15 7 1.09377e+09 5.21903e-09 94 228483
1.06802e+09 1.52673e+09 7.60517e+07 7.33067e+06 12 6 9.1262e+08 124.493 279.5 164271
3.72765e+08 1.75797e+09 8.09172e+07 1.34088e+07 12 6 9.71006e+08 72.4156 63.3333 235624
3.18153e+08 2.6085e+09 8.09575e+07 2.53445e+07 17 9 1.37628e+09 54.3028 108.889 182564
2.18777e+08 1.1705e+09 8.26254e+07 1.82482e+07 17 6 1.40463e+09 76.9738 52 273267
3.56305e+08 2.66906e+09 8.07721e+07 1.38652e+07 15 6 1.21158e+09 87.383 28.8333 221330
2.7692e+08 1.15886e+09 8.66942e+07 1.13881e+08 17 7 1.4738e+09 12.9416 85.4286 338511
2.34476e+08 1.87879e+09 8.00413e+07 3.39469e+07 17 8 1.3607e+09 40.0833 28 166537
1.45504e+08 8.49765e+08 7.93017e+07 2.84161e+06 14 8 1.11022e+09 390.703 99.5 159280
1.88588e+08 1.08398e+09 8.11608e+07 3.83237e+07 15 9 1.21741e+09 31.7665 90 160153
2.08877e+07 1.25934e+09 7.85697e+07 6.54656e+06 13 7 1.02141e+09 156.022 120.857 205792
4.57517e+18 0 6.74977e+07 4.58776e+10 14 9 9.44968e+08 0.0205976 77.5556 143627
1.99905e+08 1.33562e+09 8.72204e+07 7.57575e+07 17 7 1.48275e+09 19.5723 168.857 271800
1.01628e+08 1.64042e+09 7.78298e+07 8.60923e+06 14 9 1.08962e+09 126.564 74.2222 154089
1.16008e+09 2.06413e+09 7.72112e+07 1.05116e+08 19 8 1.46701e+09 13.9561 113.875 216453
6.34461e+08 1.42704e+09 7.38207e+07 2.27725e+07 17 9 1.25495e+09 55.1083 134 156216
1.65383e+08 3.0801e+09 7.1885e+07 7.20967e+06 16 6 1.15016e+09 159.53 70 152353
1.96675e+09 2.53738e+09 7.85635e+07 3.09672e+07 13 7 1.02133e+09 32.9808 131.714 111546
1.28753e+08 1.87155e+09 7.83405e+07 5.89069e+06 17 6 1.33179e+09 226.084 58.8333 227400
2.4015e+08 1.19337e+09 8.85836e+07 1.83344e+08 15 6 1.32875e+09 7.24732 173.333 193114
2.37191e+08 1.50268e+09 8.90119e+07 6.92526e+07 14 8 1.24617e+09 17.9945 241.5 193001
1.37176e+08 1.72719e+09 8.0075e+07 1.42007e+07 13 7 1.04097e+09 73.3045 176.857 150096
7.58646e+08 2.60278e+09 7.95834e+07 1.11049e+07 13 7 1.03458e+09 93.1647 201.429 207677
8.60067e+07 2.30624e+09 8.50306e+07 3.10408e+07 12 6 1.02037e+09 32.8718 46.8333 228451
2.25395e+08 7.51922e+09 7.90935e+07 2.77093e+07 16 7 1.2655e+09 45.6704 93.4286 250733
9.8446e+08 1.17867e+09 7.57048e+07 3.37394e+07 17 8 1.28698e+09 38.1448 85.875 207529
5.08439e+09 4.15558e+09 7.15102e+07 1.08112e+07 13 8 9.29633e+08 85.9879 119.875 64559.7
3.37118e+08 2.39075e+09 8.44363e+07 6.24323e+07 14 6 1.18211e+09 18.9343 139.333 228147
2.63342e+08 2.05737e+09 8.62121e+07 4.13457e+07 16 6 1.37939e+09 33.3625 21.3333 202132
1.00699e+09 1.76936e+09 6.59117e+07 6.32808e+06 14 8 9.22764e+08 145.82 132.875 170229
1.72516e+08 8.79045e+08 8.26038e+07 3.61581e+07 15 6 1.23906e+09 34.2677 62.8333 180682
2.26325e+08 1.43869e+09 7.97551e+07 1.52739e+08 15 7 1.19633e+09 7.83249 110.857 213022
1.66276e+08 2.05534e+09 9.2492e+07 740692 10 5 9.2492e+08 1248.72 153.2 269366
1.47802e+18 0 2.23519e+07 1.25025e+17 13 8 2.90575e+08 2.32414e-09 117.875 231255
1.28082e+08 1.80472e+09 8.62402e+07 5.27676e+07 11 6 9.48642e+08 17.9777 265.333 120519
3.2343e+09 3.20044e+09 7.19063e+07 6.13163e+06 15 8 1.07859e+09 175.907 136 109257
3.37537e+08 1.5972e+09 7.87916e+07 1.73013e+07 17 7 1.33946e+09 77.4194 103.429 253236
2.78129e+09 2.27963e+09 7.0693e+07 6.74109e+06 13 7 9.1901e+08 136.329 283.429 165442
2.03538e+08 1.70532e+09 8.36861e+07 7.82578e+06 16 6 1.33898e+09 171.098 190 172258
1.83336e+08 1.70818e+09 8.0395e+07 1.08242e+08 11 5 8.84345e+08 8.17004 130.8 201568
1.58541e+08 1.27405e+09 8.5081e+07 1.36268e+07 14 5 1.19113e+09 87.4112 52.8 173818
1.61866e+08 1.77455e+09 7.33284e+07 1.59756e+07 14 6 1.0266e+09 64.2604 55.3333 145823
1.27702e+09 2.725e+09 6.65758e+07 6.38024e+06 17 8 1.13179e+09 177.39 98 168998
3.90969e+18 0 5.78928e+07 2.06439e+17 11 8 6.36821e+08 3.08479e-09 80 165897
6.49285e+09 4.74117e+09 7.34938e+07 1.44613e+07 14 7 1.02891e+09 71.1496 361.714 212002
2.80651e+08 1.65552e+09 7.22494e+07 1.24951e+07 16 6 1.15599e+09 92.5152 33.3333 234566
1.66864e+08 1.76085e+09 7.58957e+07 1.13793e+07 14 6 1.06254e+09 93.3745 144 109221
9.88386e+07 3.97463e+09 5.29766e+07 664217 15 8 7.94649e+08 1196.37 182.875 106921
3.47877e+08 1.79587e+09 8.58955e+07 1.05013e+08 17 7 1.46022e+09 13.9051 95.7143 202769
3.58046e+08 2.82873e+09 7.74405e+07 7.71542e+07 18 7 1.39393e+09 18.0668 40.8571 307547
1.47496e+08 7.47465e+08 7.23129e+07 1.58532e+07 14 9 1.01238e+09 63.8599 106 125875
4.25629e+08 1.55574e+09 7.44124e+07 1.49726e+07 14 10 1.04177e+09 69.5786 147.6 204184
4.95515e+08 1.75642e+09 7.45607e+07 9.99105e+06 14 8 1.04385e+09 104.478 112 108522
1.11685e+09 1.29596e+09 7.15855e+07 1.52579e+07 16 8 1.14537e+09 75.0671 244.875 162879
1.71696e+08 1.32208e+09 8.66556e+07 9.80381e+07 14 7 1.21318e+09 12.3746 101.429 183548
1.46445e+08 1.38617e+09 7.91983e+07 6.44756e+06 16 7 1.26717e+09 196.535 105.714 241686
5.44269e+08 2.85101e+09 8.35014e+07 2.41419e+08 16 6 1.33602e+09 5.53404 68 209599
2.91741e+08 1.94982e+09 8.6272e+07 1.58194e+08 16 8 1.38035e+09 8.72567 148 264599
2.03401e+09 3.98625e+09 7.09265e+07 2.52342e+07 17 9 1.20575e+09 47.7824 104 213547
2.33546e+09 3.10209e+09 8.2689e+07 3.66532e+07 15 7 1.24034e+09 33.8398 91.4286 189469
1.49696e+08 1.36783e+09 7.989e+07 2.91684e+07 18 8 1.43802e+09 49.3006 112.875 169718
5.98704e+08 2.22582e+09 7.42412e+07 1.6018e+07 16 8 1.18786e+09 74.1578 262 195659
1.86936e+08 1.566e+09 8.4598e+07 2.89307e+07 12 9 1.01518e+09 35.0899 165.556 156877
1.36063e+09 2.07816e+09 6.563e+07 2.19977e+07 16 8 1.05008e+09 47.7358 153.875 137806
6.12443e+08 2.159e+09 7.76757e+07 6.39134e+06 14 8 1.08746e+09 170.146 92.875 168682
5.28126e+09 4.8822e+09 7.12767e+07 3.91117e+07 13 9 9.26597e+08 23.691 40.2222 174178
9.28518e+08 1.11973e+09 8.09594e+07 4.87986e+07 18 9 1.45727e+09 29.8629 106 168194
2.60285e+08 2.97207e+09 8.29127e+07 3.48348e+07 15 6 1.24369e+09 35.7025 21.5 150908
5.50139e+08 2.47188e+09 7.60969e+07 2.43936e+08 15 4 1.14145e+09 4.67932 2.75 231980
1.37908e+08 1.10776e+09 8.21086e+07 1.44176e+08 15 6 1.23163e+09 8.54254 198.833 187760
2.33571e+08 1.61565e+09 8.37753e+07 5.42379e+07 15 5 1.25663e+09 23.1688 102.8 344748
2.9326e+09 2.49957e+09 7.68934e+07 1.85298e+07 17 7 1.30719e+09 70.5453 81.4286 207130
8.26803e+09 6.52829e+09 6.86717e+07 2.29161e+07 13 7 8.92732e+08 38.9565 143.714 181048
1.23497e+09 1.49755e+09 6.19309e+07 5.17525e+06 16 8 9.90895e+08 191.468 61.875 125200
9.82361e+07 1.30747e+09 8.21186e+07 7.248e+07 16 7 1.3139e+09 18.1277 169.714 143321
1.82953e+08 9.05144e+08 7.32375e+07 9.24951e+06 15 7 1.09856e+09 118.77 105.429 142664
3.32811e+08 2.35488e+09 7.64316e+07 3.67676e+07 13 7 9.9361e+08 27.024 198 214772
8.33469e+07 6.38321e+08 7.36935e+07 6.56866e+06 14 9 1.03171e+09 157.065 84.8889 168251
6.86586e+09 5.54816e+09 7.07135e+07 4.15569e+07 15 10 1.0607e+09 25.5241 94.5 159622
2.71794e+09 3.21262e+09 7.09695e+07 6.63831e+06 13 10 9.22604e+08 138.982 94.9 146569
2.62066e+09 3.45542e+09 7.64561e+07 7.66057e+07 13 9 9.9393e+08 12.9746 160.889 190353
7.29375e+08 1.61456e+09 7.25489e+07 863569 16 7 1.16078e+09 1344.17 69.4286 150245
1.18959e+09 1.59648e+09 8.29673e+07 7.35675e+07 16 7 1.32748e+09 18.0443 118.857 169156
8.33222e+07 1.22649e+09 6.74464e+07 3.54395e+07 14 4 9.44249e+08 26.644 126 233668
3.80811e+09 3.91764e+09 7.73512e+07 9.85097e+07 16 7 1.23762e+09 12.5634 116 256874
1.84179e+08 1.41234e+09 8.43007e+07 2.73478e+07 18 6 1.51741e+09 55.4856 86 189813
1.79301e+09 1.53712e+09 6.9719e+07 1.35171e+07 17 7 1.18522e+09 87.6834 157.429 196005
1.64477e+08 1.96843e+09 8.14811e+07 1.10357e+07 14 6 1.14073e+09 103.368 225.333 205865
1.39733e+09 2.23882e+09 7.57189e+07 2.58604e+07 17 9 1.28722e+09 49.7757 114 223154
6.23516e+08 1.86908e+09 8.18918e+07 1.55454e+06 14 6 1.14649e+09 737.51 69.5 159794
3.07028e+08 1.88773e+09 8.16408e+07 4.28956e+07 14 6 1.14297e+09 26.6454 100.833 191907
9.7767e+07 2.56088e+09 6.67609e+07 5.69221e+06 13 8 8.67891e+08 152.47 45.875 99396.4
6.43509e+08 2.01349e+09 8.12673e+07 7.94035e+07 15 8 1.21901e+09 15.3521 115.875 218449
1.59049e+08 2.05674e+09 7.47604e+07 1.07553e+07 12 6 8.97125e+08 83.4123 21.5 134323
2.12786e+08 1.92622e+09 7.87023e+07 8.04671e+06 17 6 1.33794e+09 166.272 62.8333 323943
1.58314e+08 9.37546e+08 7.29633e+07 4.34244e+06 16 6 1.16741e+09 268.838 200 144057
9.28143e+08 1.86506e+09 7.12161e+07 2.14725e+07 16 7 1.13946e+09 53.0658 50 144370
1.04243e+09 3.19406e+09 8.15205e+07 9.9055e+07 11 7 8.96725e+08 9.0528 217.714 150965
2.25902e+08 1.38799e+09 8.40948e+07 3.53506e+07 15 6 1.26142e+09 35.6832 101.333 161037
4.56528e+07 4.02129e+09 6.04832e+07 6.20551e+06 16 6 9.67732e+08 155.947 94 182210
1.1516e+09 1.91156e+09 7.63179e+07 4.08806e+07 12 6 9.15815e+08 22.4022 130 140980
4.71124e+08 2.69365e+09 7.51819e+07 1.50254e+07 18 6 1.35327e+09 90.066 183.333 272367
1.6609e+08 2.26279e+09 7.711e+07 1.50941e+07 12 7 9.25319e+08 61.3034 107.429 187278
2.29239e+08 1.64447e+09 8.62993e+07 1.2419e+07 15 6 1.29449e+09 104.235 55.3333 258548
4.65081e+07 9.17765e+08 7.86155e+07 9.81743e+06 15 6 1.17923e+09 120.116 178 124639
6.26228e+07 1.0497e+09 8.09105e+07 1.41101e+07 12 6 9.70927e+08 68.8108 258.833 258418
1.55643e+08 1.33331e+09 8.06659e+07 2.02152e+07 16 7 1.29065e+09 63.8456 116 100546
2.29302e+08 1.30175e+09 8.5031e+07 7.50531e+07 17 6 1.44553e+09 19.2601 221.333 224548
6.94723e+07 1.93174e+09 8.57517e+07 1.15871e+07 18 6 1.54353e+09 133.211 20.8333 208700
5.88591e+09 4.54113e+09 8.00565e+07 1.88726e+08 13 6 1.04073e+09 5.51452 146.833 192657
2.81253e+08 3.57267e+09 7.4803e+07 3.00504e+06 15 7 1.12204e+09 373.387 25.7143 229645
2.43078e+08 1.21845e+09 8.65069e+07 5.80764e+07 15 7 1.2976e+09 22.3431 106.857 190578
8.60281e+07 1.96905e+09 7.82548e+07 1.28206e+07 12 7 9.39058e+08 73.2459 135.714 128483
8.41745e+09 5.73742e+09 6.45234e+07 4.11297e+06 12 7 7.74281e+08 188.254 126.857 189872
1.13044e+08 1.3587e+09 8.48992e+07 8.17111e+07 16 7 1.35839e+09 16.6243 107.429 281171
7.89409e+08 2.15412e+09 8.0395e+07 1.76521e+07 11 12 8.84345e+08 50.0987 132.917 117047
2.80417e+08 1.77649e+09 6.33054e+07 2.56092e+06 12 6 7.59665e+08 296.637 21.3333 166686
4.04198e+09 4.37204e+09 6.06666e+07 1.18324e+07 11 7 6.67332e+08 56.3988 127.429 236650
6.37506e+07 2.52026e+09 7.20447e+07 2.15555e+06 13 7 9.36581e+08 434.498 77.4286 220260
1.58116e+08 1.41e+09 7.35723e+07 4.04622e+06 16 7 1.17716e+09 290.928 112.857 171182
3.18344e+08 1.78078e+09 7.06248e+07 8.60461e+06 18 8 1.27125e+09 147.74 101.875 171423
1.45951e+09 2.47149e+09 7.93717e+07 8.15557e+07 15 8 1.19058e+09 14.5983 114 230689
2.78732e+08 3.17797e+09 7.37163e+07 5.83689e+07 14 4 1.03203e+09 17.6811 2 214505
1.80448e+08 1.10338e+09 8.30371e+07 1.59894e+07 16 7 1.32859e+09 83.0923 45.7143 179148
2.11746e+09 2.6444e+09 7.22263e+07 2.00649e+06 11 9 7.94489e+08 395.96 168.889 192902
5.13125e+09 3.74116e+09 5.56218e+07 1.97573e+06 13 8 7.23083e+08 365.983 136.875 137605
3.30226e+08 1.92699e+09 7.99787e+07 2.53489e+07 18 8 1.43962e+09 56.7921 119.875 193676
1.56759e+08 1.14566e+09 8.95367e+07 1.41252e+08 9 4 8.05831e+08 5.70492 150.75 293940
5.68392e+08 1.68709e+09 7.71794e+07 1.05281e+07 14 7 1.08051e+09 102.631 100 175661
1.94169e+08 1.09757e+09 8.01278e+07 4.08736e+07 15 8 1.20192e+09 29.4057 87.5 225930
1.45924e+08 1.10942e+09 8.12247e+07 6.37328e+06 15 8 1.21837e+09 191.169 49.5 144330
2.28474e+08 1.46622e+09 8.60965e+07 6.52415e+07 14 5 1.20535e+09 18.4752 101.2 246460
9.50938e+07 7.94738e+08 7.98437e+07 2.1368e+06 14 9 1.11781e+09 523.125 256.222 229456
3.9415e+08 2.07574e+09 9.082e+07 1.91977e+08 15 8 1.3623e+09 7.09615 76.875 188213
2.34157e+08 1.32695e+09 7.75909e+07 2.91628e+06 16 6 1.24145e+09 425.697 196 142066
3.5193e+08 9.95971e+08 5.55857e+07 7.91916e+06 15 9 8.33786e+08 105.287 90 119054
2.74082e+08 1.37086e+09 8.24187e+07 1.04928e+07 17 6 1.40112e+09 133.531 93.3333 179929
2.99883e+08 1.99707e+09 8.5652e+07 1.00539e+08 11 4 9.42173e+08 9.37124 49 174249
8.10062e+08 1.79787e+09 7.87294e+07 1.15525e+07 13 7 1.02348e+09 88.594 72 140034
8.23251e+08 1.95663e+09 8.48995e+07 5.64555e+07 17 9 1.44329e+09 25.5651 74.8889 186086
2.73873e+09 3.00903e+09 7.88089e+07 2.12614e+07 16 9 1.26094e+09 59.3066 132 168446
2.47141e+08 4.49536e+09 5.82019e+07 1.94366e+07 16 6 9.3123e+08 47.9111 139.333 175569
9.13075e+07 1.90645e+09 8.18444e+07 4.82473e+06 13 4 1.06398e+09 220.526 78.75 176219
2.17234e+08 1.81917e+09 8.6391e+07 1.31134e+07 13 6 1.12308e+09 85.644 91.5 222326
4.2328e+08 1.18115e+09 6.40642e+07 7.74046e+06 12 10 7.6877e+08 99.3184 104.9 103287
2.95141e+09 3.64678e+09 8.11273e+07 5.58475e+07 14 9 1.13578e+09 20.3372 38.8889 153207
1.91757e+09 2.13928e+09 7.86618e+07 1.75203e+07 13 6 1.0226e+09 58.3667 188.833 371949
3.67264e+09 3.71177e+09 6.79884e+07 1.03002e+07 14 9 9.51837e+08 92.4099 142 150314
1.28385e+09 2.58478e+09 6.77931e+07 5.00552e+07 13 7 8.8131e+08 17.6068 153.714 107224
2.55349e+08 1.82865e+09 7.14488e+07 8.06512e+06 13 5 9.28834e+08 115.167 149.2 125964
1.05471e+08 2.00974e+09 8.53834e+07 3.09325e+07 14 6 1.19537e+09 38.6444 67.3333 159293
8.14517e+07 1.30267e+09 8.89457e+07 2.26648e+07 10 7 8.89457e+08 39.2441 203.714 154529
2.17286e+18 0 3.58227e+07 1.55194e+17 10 9 3.58227e+08 2.30826e-09 98.8889 94107.8
5.73628e+07 1.29393e+09 8.45219e+07 3.17544e+07 14 7 1.18331e+09 37.2643 140.857 175562
7.74574e+08 2.54737e+09 7.03305e+07 5.99269e+06 13 7 9.14297e+08 152.569 183.714 146387
1.06695e+08 1.0974e+09 8.10233e+07 8.27179e+07 17 7 1.3774e+09 16.6517 70.8571 173404
4.44852e+08 2.97836e+09 6.7882e+07 1.02253e+07 17 8 1.15399e+09 112.857 99.5 209793
1.63383e+08 1.45618e+09 8.26395e+07 3.82954e+07 17 8 1.40487e+09 36.6851 99.875 154257
2.56611e+08 1.34818e+09 8.29606e+07 2.85694e+07 15 7 1.24441e+09 43.5574 82 106796
6.32989e+07 1.54221e+09 7.95433e+07 4.41507e+07 17 6 1.35224e+09 30.6277 21.5 153206
1.70995e+08 2.2336e+09 8.90518e+07 1.40141e+07 14 5 1.24673e+09 88.962 12.8 270573
1.7217e+08 1.41872e+09 8.61944e+07 1.98815e+08 13 11 1.12053e+09 5.63604 90.9091 158696
2.02893e+08 1.93231e+09 8.12112e+07 8.83706e+06 17 6 1.38059e+09 156.227 110.833 231502
6.35301e+07 1.54934e+09 7.79307e+07 6.22011e+06 13 6 1.0131e+09 162.875 137.5 161899
2.06086e+08 1.70787e+09 8.21304e+07 21046.2 11 5 9.03435e+08 42926.2 128.8 238829
2.86258e+08 1.86862e+09 8.68869e+07 2.4085e+08 17 9 1.47708e+09 6.13276 86 253214
8.13686e+07 1.61578e+09 8.53435e+07 8.04352e+07 12 8 1.02412e+09 12.7322 129.5 161730
1.31717e+08 2.9412e+09 7.33706e+07 8.42148e+06 15 6 1.10056e+09 130.685 94 238809
5.30142e+08 2.28032e+09 8.55731e+07 3.66109e+08 16 6 1.36917e+09 3.73979 88.8333 259457
2.20229e+08 1.75807e+09 8.81618e+07 2.48919e+07 14 7 1.23427e+09 49.5849 97.4286 240906
1.7328e+08 1.53053e+09 6.71725e+07 1.31535e+07 14 6 9.40415e+08 71.4954 40.8333 227782
4.77804e+07 1.13356e+09 8.23908e+07 2.00094e+07 15 4 1.23586e+09 61.7642 64.75 337461
6.69209e+08 1.14957e+09 7.01145e+07 1.35178e+08 12 9 8.41374e+08 6.22419 110.889 115938
1.10818e+09 2.04801e+09 7.39457e+07 1.73128e+07 15 8 1.10919e+09 64.0673 83.5 255403
3.05356e+08 1.94444e+09 8.08928e+07 8.18615e+07 18 6 1.45607e+09 17.787 100.833 212701
2.80602e+08 1.45943e+09 9.01522e+07 1.85573e+08 17 8 1.53259e+09 8.25866 82.875 349574
9.75508e+09 6.18263e+09 6.89359e+07 3.53892e+07 13 6 8.96166e+08 25.3232 62 143791
3.07761e+08 3.15833e+09 6.20527e+07 7.95071e+06 10 4 6.20527e+08 78.0467 25 235200
2.05397e+08 1.22352e+09 8.64927e+07 5.38433e+07 18 7 1.55687e+09 28.9148 137.714 197190
1.31097e+09 4.09965e+09 7.33676e+07 2.50399e+06 16 8 1.17388e+09 468.805 122.875 232592
3.63592e+09 2.74577e+09 8.0027e+07 1.05258e+08 16 8 1.28043e+09 12.1647 79.5 299830
2.54025e+08 1.88037e+09 7.80884e+07 554509 12 7 9.37061e+08 1689.89 129.429 214055
2.91534e+07 1.46671e+09 7.32981e+07 1.46527e+07 13 8 9.52875e+08 65.0305 122 133124
