1.60635e+09 5.48348e+09 4.70767e+07 3.35223e+06 5 17 2.35383e+08 70.2169 56.4706 98236.7
2.56012e+09 3.04833e+09 6.91816e+07 973308 13 11 8.99361e+08 924.025 94.7273 162299
2.39728e+09 4.63405e+09 4.19928e+07 282166 8 15 3.35942e+08 1190.58 17.3333 125411
1.73157e+08 1.38389e+09 7.7476e+07 1.25778e+07 13 8 1.00719e+09 80.0768 168 463475
7.21333e+08 1.30348e+09 7.09094e+07 1.00432e+06 14 13 9.92732e+08 988.46 123.077 346234
1.20942e+08 7.79294e+08 8.26464e+07 7.18994e+07 15 11 1.2397e+09 17.2421 181.636 299938
4.05787e+09 2.91022e+09 8.36794e+07 1.46784e+08 18 8 1.50623e+09 10.2616 159.5 393578
1.76118e+09 1.88458e+09 7.67093e+07 3.99754e+07 15 8 1.15064e+09 28.7837 156.875 317433
2.0625e+18 0 4.88108e+07 3.71946e+12 9 14 4.39297e+08 0.000118108 45.7143 224799
2.46222e+09 8.86678e+09 3.97764e+07 141670 5 18 1.98882e+08 1403.84 36.5 67597.3
1.07414e+09 5.09879e+09 5.29353e+07 1.82343e+06 4 18 2.11741e+08 116.122 63.7778 85137.8
1.32531e+07 6.86703e+08 7.46006e+07 533451 7 16 5.22204e+08 978.917 92 282426
2.83755e+09 4.58358e+09 6.74557e+07 604898 11 15 7.42013e+08 1226.67 76.9333 192506
4.0465e+09 8.10762e+09 5.15442e+07 3.39509e+06 9 15 4.63898e+08 136.638 50.9333 142446
9.47945e+17 0 3.05796e+06 1.42192e+19 7 15 2.14058e+07 1.50541e-12 9.73333 186431
1.65181e+18 0 2.46539e+07 1.97173e+17 9 12 2.21885e+08 1.12533e-09 67 604712
1.56409e+09 4.79506e+09 6.63206e+07 530515 6 17 3.97923e+08 750.069 25.7647 117342
4.31408e+09 8.21553e+09 5.99042e+07 6.36114e+06 8 15 4.79233e+08 75.3376 16.9333 149713
2.0222e+09 2.30817e+09 7.72311e+07 1.60738e+08 15 10 1.15847e+09 7.20718 108.1 593170
2.12841e+07 5.95914e+08 7.1388e+07 6.90839e+06 9 14 6.42492e+08 93.0017 121.429 165329
4.13205e+08 1.96579e+09 8.73303e+07 1.82158e+08 16 9 1.39728e+09 7.67075 102 321803
4.3834e+08 1.75336e+09 2.3738e+07 57864.7 5 20 1.1869e+08 2051.16 13.2 15058.9
5.88542e+09 5.71164e+09 6.61342e+07 2.51264e+06 15 13 9.92013e+08 394.81 83.6923 241958
7.49078e+07 8.13688e+08 8.17242e+07 1.47789e+07 16 9 1.30759e+09 88.4765 107.556 600487
6.71275e+08 1.26988e+09 7.13088e+07 1.584e+07 14 11 9.98323e+08 63.0255 120 388084
5.11637e+08 1.99348e+09 7.60041e+07 2.92332e+07 7 17 5.32029e+08 18.1995 97.7647 124615
3.65328e+09 5.49311e+09 7.76025e+07 3.02043e+08 12 14 9.3123e+08 3.0831 59.7143 348991
3.43544e+09 3.81669e+09 6.5016e+07 9.16521e+06 15 12 9.7524e+08 106.407 106.917 414606
1.51043e+09 1.51043e+10 2.31629e+07 343909 2 20 4.63259e+07 134.704 53.2 6555.32
1.36126e+09 4.18671e+09 5.43397e+07 5.83112e+06 6 18 3.26038e+08 55.9135 26.9444 41383
3.12594e+09 5.44893e+09 7.30976e+07 1.06713e+08 11 15 8.04073e+08 7.53495 46.9333 148693
1.44863e+18 0 4.03914e+07 1.13221e+17 10 10 4.03914e+08 3.56749e-09 246.4 261616
1.14122e+09 2.14928e+09 7.42102e+07 1.01608e+08 9 14 6.67891e+08 6.57322 44.9286 221085
2.06072e+09 2.67339e+09 7.2934e+07 6.55674e+06 15 11 1.09401e+09 166.853 86.1818 348980
2.4775e+09 2.67821e+09 7.00053e+07 1.09751e+06 15 9 1.05008e+09 956.783 147.556 412845
4.31872e+09 4.03499e+09 7.7573e+07 1.27379e+07 14 10 1.08602e+09 85.2589 72.4 356983
1.56175e+09 1.87772e+09 7.31696e+07 1.02687e+07 12 13 8.78035e+08 85.5061 20.7692 143143
1.01747e+09 1.59301e+09 7.66933e+07 9.52416e+06 15 9 1.1504e+09 120.787 156 482419
2.81126e+09 4.04412e+09 7.00111e+07 1.57219e+07 13 14 9.10144e+08 57.8901 129.214 295473
4.78548e+08 1.48769e+09 7.61874e+07 3.95375e+07 15 11 1.14281e+09 28.9045 82.5455 281095
4.82042e+09 9.19378e+09 6.96585e+07 4.88139e+07 8 15 5.57268e+08 11.4162 45.7333 162130
5.60097e+08 1.55698e+09 7.67265e+07 2.76608e+07 13 8 9.97444e+08 36.0599 126 322925
6.53806e+08 2.11625e+09 6.24734e+07 1.56268e+07 12 14 7.49681e+08 47.974 183.429 156699
4.20149e+09 4.93274e+09 6.29792e+07 1.31637e+07 12 12 7.55751e+08 57.4116 240.667 163658
2.72633e+09 4.07064e+09 6.20208e+07 283911 10 12 6.20208e+08 2184.51 96.6667 213179
2.63405e+09 4.87873e+09 7.22045e+07 6.01964e+06 10 16 7.22045e+08 119.948 72.4375 148226
3.83264e+09 8.21831e+09 6.5006e+07 1.68644e+07 8 16 5.20048e+08 30.837 61.4375 175242
2.6736e+09 9.68499e+09 4.6278e+07 5.77509e+07 5 18 2.3139e+08 4.00669 51.6111 131344
1.88384e+09 1.88384e+10 2.11661e+07 3.64325e+09 2 20 4.23323e+07 0.0116194 15.8 19199.9
1.6178e+09 2.08649e+09 6.59231e+07 8.44884e+06 14 13 9.22923e+08 109.237 46.3077 268957
7.42329e+08 3.71164e+09 2.39417e+07 141892 4 20 9.57668e+07 674.927 17.8 14891.3
2.33161e+13 0 5e+06 3.96373e+14 5 17 2.5e+07 6.30718e-08 26.4706 96817.3
9.32731e+08 4.12368e+09 6.99348e+07 1.71061e+07 12 13 8.39217e+08 49.0596 64.7692 257262
2.46634e+08 1.13873e+09 7.14058e+07 1.54055e+07 6 17 4.28435e+08 27.8104 19.5294 56891.8
4.62824e+09 1.23534e+10 3.0804e+07 6.01876e+06 6 16 1.84824e+08 30.708 35.75 135580
1.35222e+08 1.36016e+09 7.67055e+07 5.97167e+06 17 10 1.30399e+09 218.363 77.6 357131
1.18051e+18 0 4.13448e+07 2.02985e+17 11 10 4.54792e+08 2.24052e-09 72.9 435582
1.57403e+18 0 2.76358e+07 1.81597e+16 8 12 2.21086e+08 1.21745e-08 243 417047
7.84238e+17 0 2.1104e+07 1.89542e+18 9 14 1.89936e+08 1.00208e-10 34.8571 228526
1.53878e+13 0 3.125e+06 2.30817e+14 8 15 2.5e+07 1.08311e-07 51.6 148633
3.76966e+09 5.19067e+09 5.32385e+07 3.39666e+06 11 13 5.85623e+08 172.412 44.9231 162006
1.428e+09 9.52002e+09 2.39084e+07 102350 3 20 7.17252e+07 700.783 20.95 20663.8
9.94131e+08 4.7345e+09 5.4393e+07 1.51256e+06 4 19 2.17572e+08 143.843 23.6842 44395.7
2.26132e+08 8.94164e+08 6.47564e+07 1.16551e+07 8 15 5.18051e+08 44.4484 91.7333 122558
1.50922e+08 1.31742e+09 7.50436e+07 9.89846e+06 11 13 8.25479e+08 83.3947 69.2308 300450
5.60936e+09 9.49562e+09 6.29233e+07 3.65503e+07 10 16 6.29233e+08 17.2156 41.75 108572
8.79623e+12 0 2.77778e+06 1.4074e+14 9 16 2.5e+07 1.77633e-07 16 154923
3.36482e+07 2.98956e+09 6.67173e+07 1.20513e+07 10 14 6.67173e+08 55.3613 62.8571 180796
2.91122e+09 8.40084e+09 6.29526e+07 4.92071e+07 6 17 3.77716e+08 7.67603 44.1176 112583
3.40122e+09 1.05227e+10 5.32907e+07 1.33062e+06 5 15 2.66454e+08 200.248 11.3333 185814
2.26024e+09 2.53432e+09 8.29934e+07 1.48237e+08 13 10 1.07891e+09 7.27831 152.4 545997
1.13902e+08 1.4437e+09 8.62407e+07 6.46877e+07 15 8 1.29361e+09 19.9978 116 377924
3.29536e+09 4.7043e+09 5.55603e+07 1.07896e+07 13 13 7.22284e+08 66.9426 59.0769 254638
4.11439e+09 1.16653e+10 4.68371e+07 1.93896e+06 5 14 2.34185e+08 120.779 93.4286 108648
1.79166e+09 4.13725e+09 5.89115e+07 1.57205e+07 7 13 4.1238e+08 26.2321 44.7692 278813
1.75147e+18 0 2.33082e+07 2.83201e+17 11 11 2.5639e+08 9.05329e-10 29.6364 360970
7.73079e+07 4.67869e+08 7.5e+07 5.37222e+06 12 13 9e+08 167.528 135.077 322086
1.72069e+09 1.72069e+10 2.33227e+07 70449.7 2 20 4.66454e+07 662.108 51.75 11892.8
2.22825e+09 3.54881e+09 7.34758e+07 5.12321e+07 12 14 8.81709e+08 17.2101 85.2143 214065
1.31554e+13 0 6.25e+06 2.23642e+14 4 17 2.5e+07 1.11786e-07 29.0588 99001.4
1.15659e+09 1.99329e+09 7.88769e+07 2.57179e+07 13 12 1.0254e+09 39.871 163.667 274912
3.76473e+07 7.78155e+08 5.97299e+07 1.14963e+07 11 14 6.57029e+08 57.1515 77.7143 130125
864550 2.62309e+07 5.64896e+07 325761 4 19 2.25958e+08 693.633 29.1579 37934.8
8.04602e+08 2.86233e+09 8.04998e+07 2.89038e+07 7 16 5.63498e+08 19.4957 48 131154
4.80249e+09 1.16678e+10 4.03241e+07 2.42484e+06 7 17 2.82268e+08 116.407 23.8824 172429
3.74173e+06 1.03438e+09 5.42953e+07 5.76931e+06 9 13 4.88658e+08 84.6996 66.3077 55319.4
9.74976e+08 2.23594e+09 6.44619e+07 4.82944e+06 16 9 1.03139e+09 213.563 91.5556 415199
6.07864e+08 2.11775e+09 8.02031e+07 2.12024e+07 14 9 1.12284e+09 52.9583 185.556 451034
7.17662e+17 0 2.66573e+06 1.14826e+19 8 16 2.13259e+07 1.85723e-12 47.9375 130171
1.07562e+09 7.17079e+09 2.38818e+07 185393 3 20 7.16454e+07 386.452 17.8 14713
2.60048e+08 1.65645e+09 8.67241e+07 1.9753e+08 14 11 1.21414e+09 6.1466 134.545 437759
1.35809e+08 8.99005e+08 8.21033e+07 8.50963e+06 15 10 1.23155e+09 144.724 108.4 289623
1.36185e+18 0 2.1246e+06 1.90659e+19 10 14 2.1246e+07 1.11435e-12 47.4286 60688.8
1.12333e+18 0 2.71565e+06 1.46033e+19 8 13 2.17252e+07 1.48769e-12 63.6923 235920
1.32414e+08 8.90931e+08 7.77855e+07 2.72511e+08 8 15 6.22284e+08 2.28352 177.333 160097
2.44725e+09 2.60469e+09 7.73363e+07 2.91997e+08 16 10 1.23738e+09 4.23764 90.9 301631
4.02061e+09 4.96433e+09 6.40908e+07 1.90598e+07 12 11 7.69089e+08 40.3515 166.545 349014
4.03054e+09 3.92636e+09 5.84357e+07 3.15949e+06 13 9 7.59665e+08 240.439 171.556 286677
7.91762e+17 0 3.58759e+07 2.64479e+17 12 10 4.30511e+08 1.62777e-09 28.9 356036
9.65574e+17 0 1.80378e+06 1.44836e+19 12 15 2.16454e+07 1.49447e-12 26.9333 190491
2.09157e+09 9.93665e+09 3.74401e+07 3.96163e+06 4 19 1.4976e+08 37.8028 16.6316 24537.1
1.67207e+08 1.43594e+09 8.30871e+07 1.40802e+07 12 10 9.97045e+08 70.812 116.1 208143
1.91047e+09 3.08444e+09 4.65001e+07 9.85138e+06 11 13 5.11502e+08 51.9218 82.7692 165159
1.48714e+08 2.6376e+09 7.87806e+07 6.89132e+06 12 11 9.45367e+08 137.182 34.7273 262054
118621 3.34882e+06 4.27117e+07 214171 4 17 1.70847e+08 797.713 99.5294 21708.6
3.19995e+09 6.20968e+09 5.90555e+07 1.4846e+07 8 15 4.72444e+08 31.8229 63.3333 162580
2.1902e+09 3.40853e+09 7.17805e+07 5.33148e+07 13 11 9.33147e+08 17.5026 152 362732
3.91373e+07 6.76373e+08 5.48522e+07 1.25304e+06 4 19 2.19409e+08 175.101 40.9474 39009.1
1.54658e+09 5.21e+09 6.46033e+07 2.38447e+07 6 18 3.8762e+08 16.256 49.1111 83020.1
1.84166e+09 2.55082e+09 6.79344e+07 1.37676e+06 13 12 8.83147e+08 641.469 98.9167 174159
4.96369e+09 6.04737e+09 7.12061e+07 2.39401e+08 12 12 8.54473e+08 3.5692 104.667 230402
1.28455e+08 1.36377e+09 8.52396e+07 9.45616e+07 15 10 1.27859e+09 13.5213 130.9 267944
6.95603e+09 1.19783e+10 5.22719e+07 1.06981e+08 9 15 4.70447e+08 4.3975 25.3333 205543
5.93722e+08 2.23449e+09 6.44968e+07 633381 6 18 3.86981e+08 610.976 96.5 74752.7
3.29507e+09 2.96249e+09 7.20504e+07 3.72708e+07 14 9 1.00871e+09 27.0642 152.222 554352
0 0 0 0 0 0 0 0 0 0
7.18403e+17 0 2.80551e+06 1.00576e+19 8 14 2.24441e+07 2.23155e-12 86.3571 234350
1.61602e+09 4.80111e+09 6.00905e+07 968956 6 17 3.60543e+08 372.094 20.4706 84562.5
1.08446e+09 3.44178e+09 4.36635e+07 238113 6 19 2.61981e+08 1100.24 24.5263 41024.2
1.08936e+08 1.44453e+09 8.35796e+07 7.09821e+07 12 12 1.00296e+09 14.1297 103.667 327371
2.75027e+09 2.57142e+09 6.55237e+07 1.73519e+07 14 12 9.17332e+08 52.8664 90.9167 163095
3.04709e+07 6.35744e+08 4.34733e+07 2.96105e+06 7 17 3.04313e+08 102.772 27.0588 50139.6
7.0886e+07 1.60511e+09 8.0442e+07 8.55329e+06 15 9 1.20663e+09 141.072 196.889 214130
1.68615e+16 0 4.51438e+07 3.30085e+14 5 12 2.25719e+08 6.8382e-07 42.9167 204560
3.24087e+09 4.34084e+09 7.82881e+07 9.54259e+07 12 12 9.39457e+08 9.84489 78.25 365413
242546 9.13142e+06 6.54952e+07 1.1598e+06 3 19 1.96486e+08 169.413 4.10526 21727.3
2.80375e+09 4.3619e+09 5.29952e+07 2.9435e+06 10 14 5.29952e+08 180.042 71.2143 159089
1.30709e+18 0 3.12643e+06 1.96063e+19 7 15 2.1885e+07 1.11622e-12 12.9333 299700
4.02446e+08 1.43915e+09 6.79567e+07 1.5553e+06 11 13 7.47524e+08 480.629 62.3077 410370
1.89655e+09 1.26437e+10 2.21512e+07 205074 3 20 6.64537e+07 324.048 28 21738.2
1.73808e+09 3.2951e+09 6.14776e+07 666843 10 15 6.14776e+08 921.921 11.3333 272310
1.77029e+09 2.35285e+09 7.46805e+07 1.07939e+07 12 13 8.96166e+08 83.025 48.3077 120570
3.08842e+09 2.05895e+10 2.0607e+07 1.81533e+10 3 20 6.18211e+07 0.0034055 18.95 13134.3
1.40232e+09 9.34883e+09 2.3722e+07 147545 3 20 7.11661e+07 482.334 20 12701.3
2.39002e+09 4.43024e+09 8.47008e+07 2.78478e+07 11 15 9.31709e+08 33.4572 141.6 213994
5.93155e+08 2.27246e+09 7.32109e+07 6.06296e+07 5 18 3.66054e+08 6.03756 82.5 77804.6
1.43769e+09 1.86159e+09 6.53405e+07 1.31238e+06 16 12 1.04545e+09 796.604 94.9167 177644
1.06686e+09 5.11613e+09 5.42133e+07 560955 4 19 2.16853e+08 386.579 30.7368 50138.5
2.33265e+09 4.8228e+09 6.71226e+07 2.05711e+07 8 15 5.36981e+08 26.1037 35.3333 136996
1.27665e+18 0 3.55431e+06 1.91498e+19 6 15 2.13259e+07 1.11363e-12 17.3333 174179
4.59282e+09 8.96122e+09 6.95864e+07 7.36432e+06 9 16 6.26278e+08 85.0422 73.75 269870
1.35732e+08 1.30912e+09 7.65518e+07 6.0077e+07 7 17 5.35863e+08 8.91959 92.1176 71204.1
4.47236e+09 9.83842e+09 6.78614e+07 1.12314e+07 8 16 5.42891e+08 48.337 40 131655
4.34022e+09 6.71792e+09 5.1808e+07 1.34876e+06 11 16 5.69888e+08 422.527 33 167695
7.87778e+08 1.74479e+09 5.39587e+07 2.11412e+06 16 11 8.63339e+08 408.367 89.6364 381074
4.70921e+09 5.73801e+09 6.94356e+07 2.3191e+07 12 13 8.33227e+08 35.9288 78.7692 257267
1.74888e+09 6.65506e+09 3.8738e+07 363264 5 19 1.9369e+08 533.194 42.1053 52308.6
1.65546e+18 0 2.69768e+07 1.58427e+17 12 9 3.23722e+08 2.04335e-09 149.556 174759
1.7356e+09 2.20254e+09 7.75509e+07 2.01714e+07 16 12 1.24081e+09 61.5136 64.9167 397345
6.99787e+08 1.84758e+09 7.17891e+07 5.45153e+06 15 9 1.07684e+09 197.529 264 321539
1.3547e+09 1.97894e+09 7.83178e+07 1.25591e+08 13 14 1.01813e+09 8.10675 125.214 146505
1.9638e+09 3.05357e+09 6.84069e+07 4.72633e+06 11 15 7.52476e+08 159.209 163.6 135442
5.60988e+09 5.47092e+09 7.68616e+07 1.47937e+07 13 11 9.99201e+08 67.5425 73.6364 286245
1.53047e+09 2.34383e+09 7.09265e+07 1.11488e+07 14 13 9.92971e+08 89.0657 105.231 400431
2.64264e+09 6.80502e+09 6.13989e+07 9.36848e+06 7 18 4.29792e+08 45.8764 43.1111 140753
2.05404e+09 2.81186e+09 6.9176e+07 1.59504e+06 12 13 8.30112e+08 520.433 108 271721
1.47084e+09 2.74357e+09 6.71217e+07 790444 11 16 7.38339e+08 934.081 86 182292
1.26878e+09 5.36461e+09 7.55911e+07 4.03434e+07 5 18 3.77955e+08 9.36845 51.6111 68725.5
4.84891e+09 2.30323e+10 2.13059e+07 2.2205e+10 4 19 8.52236e+07 0.00383803 32.9474 37520.2
9.47896e+08 1.92807e+09 7.61981e+07 1.76418e+06 10 16 7.61981e+08 431.917 73 212475
2.14157e+09 8.16468e+09 4.64217e+07 3.73484e+07 5 19 2.32109e+08 6.21468 35.7895 36535.1
7.73412e+08 5.15608e+09 2.34824e+07 48795.7 3 20 7.04473e+07 1443.72 28 21208.1
7.21471e+09 8.35512e+09 6.65827e+07 1.80866e+08 13 13 8.65575e+08 4.78574 106.923 394539
3.22724e+11 0 1.25e+07 6.13175e+12 2 19 2.5e+07 4.07714e-06 52.4211 24394.1
1.50179e+09 1.50179e+10 2.33227e+07 249843 2 20 4.66454e+07 186.699 45.8 15551
1.8777e+12 0 8.33333e+06 3.56762e+13 3 19 2.5e+07 7.00747e-07 10.7368 30238.5
1.40266e+09 1.40266e+10 2.30831e+07 102722 2 20 4.61661e+07 449.428 30.95 9679.77
1.41191e+09 3.05933e+09 5.97672e+07 2.20343e+06 7 13 4.18371e+08 189.872 30.3077 91768.3
4.44657e+07 8.64064e+08 7.36954e+07 4.59025e+06 9 15 6.63259e+08 144.493 67.7333 201179
9.10263e+11 0 3.125e+06 1.54745e+13 8 17 2.5e+07 1.61556e-06 27.8824 163663
2.97276e+09 3.00812e+09 6.71476e+07 1.45386e+07 16 11 1.07436e+09 73.897 144.727 448875
7.89341e+08 2.0761e+09 6.72457e+07 6.0252e+06 12 10 8.06949e+08 133.929 155.6 124098
8.02603e+06 2.89236e+08 6.66667e+07 7.25873e+06 3 19 2e+08 27.553 54.4211 36632.9
5.1781e+09 3.45206e+10 2.10863e+07 3.34952e+10 3 20 6.32588e+07 0.00188859 19.75 17122.6
5.21103e+08 1.24255e+09 7.95698e+07 1.95868e+07 14 12 1.11398e+09 56.8738 158.25 375785
1.39977e+09 1.93348e+09 7.25938e+07 2.72924e+06 16 12 1.1615e+09 425.577 92.9167 423345
1.29417e+08 1.38678e+09 6.84824e+07 1.08403e+07 15 8 1.02724e+09 94.7608 144 456818
5.3296e+08 1.20207e+09 5.87859e+07 407875 8 16 4.70288e+08 1153.02 31.9375 64280.8
8.77683e+06 3.33692e+08 6.53887e+07 346931 3 19 1.96166e+08 565.433 43.1579 15489.4
9.92764e+08 2.54428e+09 7.23442e+07 9.02062e+07 8 17 5.78754e+08 6.4159 33.5294 92986.3
1.35867e+09 4.89122e+09 6.42652e+07 600907 5 18 3.21326e+08 534.735 21.1111 93402.6
3.27819e+07 1.72799e+09 8.64072e+07 4.44749e+07 11 10 9.50479e+08 21.3711 191.6 351153
4.51979e+09 6.51044e+09 7.76174e+07 6.80783e+07 13 14 1.00903e+09 14.8215 64.9286 234754
3.22194e+09 3.80005e+09 8.03686e+07 2.01844e+07 14 13 1.12516e+09 55.7439 87.0769 372021
1.89783e+09 3.05192e+09 5.65568e+07 498790 11 17 6.22125e+08 1247.27 51.0588 124150
3.55304e+09 5.82659e+09 4.93291e+07 366932 10 15 4.93291e+08 1344.36 29.3333 166079
3.46244e+09 9.00064e+09 4.03583e+07 425012 7 18 2.82508e+08 664.705 27.1111 86369.6
2.76334e+09 1.24352e+10 2.32428e+07 856934 4 18 9.29712e+07 108.493 38.2778 52973.8
2.25055e+09 3.33693e+09 8.03637e+07 1.78757e+07 13 12 1.04473e+09 58.4441 160.917 242847
7.25499e+17 0 3.50106e+06 9.43149e+18 6 13 2.10064e+07 2.22726e-12 51.0769 427081
9.75969e+08 3.25067e+09 8.16979e+07 3.20159e+08 7 17 5.71885e+08 1.78625 226.941 114126
2.34488e+09 3.05289e+09 7.41693e+07 2.54736e+06 15 10 1.11254e+09 436.743 119.6 380047
9.87555e+08 2.31935e+09 6.17971e+07 3.34714e+06 10 17 6.17971e+08 184.627 118 145360
2.48319e+18 0 3.74829e+07 1.62093e+17 14 12 5.2476e+08 3.2374e-09 160.917 569683
3.28783e+09 6.77671e+09 5.05059e+07 514433 9 17 4.54553e+08 883.6 76.2353 144692
2.60739e+09 2.34497e+09 8.27529e+07 1.81747e+08 15 8 1.24129e+09 6.8298 158 311904
2.75207e+09 2.54917e+09 7.2697e+07 6.92046e+07 18 12 1.30855e+09 18.9084 134.25 696061
1.7395e+08 1.38875e+09 8.0016e+07 2.86555e+07 15 11 1.20024e+09 41.8851 53.6364 286591
6.00081e+12 0 2.77778e+06 8.40113e+13 9 14 2.5e+07 2.97579e-07 54.9286 234387
3.02413e+09 6.16514e+09 5.49965e+07 2.93256e+06 9 17 4.94968e+08 168.783 51.8824 147132
1.2076e+09 2.94928e+09 6.60632e+07 2.63147e+07 9 16 5.94569e+08 22.5946 46.4375 119515
4377.9 108074 2.09665e+07 83180.1 2 19 4.19329e+07 504.122 66.4211 22965.7
2.30703e+09 3.90805e+09 6.41229e+07 6.51541e+06 11 15 7.05351e+08 108.259 54.9333 141673
9.10604e+08 6.07069e+09 2.21246e+07 98725 3 20 6.63738e+07 672.31 22.95 16751.9
1.87988e+09 1.89871e+09 7.63343e+07 1.12161e+08 17 11 1.29768e+09 11.5698 104.182 351962
9.18046e+17 0 1.85884e+06 9.18046e+18 11 10 2.04473e+07 2.22726e-12 106.9 352381
6.27005e+08 3.97103e+09 2.37487e+07 54377.5 3 19 7.1246e+07 1310.21 39.6842 35062.3
5.87379e+07 1.03197e+09 7.45778e+07 2.63373e+06 7 17 5.22045e+08 198.215 65.8824 157344
9.77441e+07 8.02733e+08 8.30521e+07 1.85928e+07 16 10 1.32883e+09 71.4703 112.1 457042
4.7444e+08 1.21902e+09 6.8151e+07 5.54731e+06 12 14 8.17812e+08 147.425 139.429 205671
1.12843e+09 1.98185e+09 6.07987e+07 5.00037e+06 10 13 6.07987e+08 121.588 70 317564
6.09281e+07 8.88241e+08 7.16099e+07 1.9837e+07 9 15 6.44489e+08 32.4892 116.933 167945
1.01732e+08 1.36507e+09 8.33245e+07 2.82571e+07 9 15 7.4992e+08 26.5392 67.7333 130383
2.2744e+09 2.35999e+09 7.08626e+07 6.26083e+06 15 13 1.06294e+09 169.776 123.077 332466
8.73675e+17 0 3.05796e+06 9.61042e+18 7 11 2.14058e+07 2.22735e-12 44.1818 320340
9.27226e+17 0 2.08566e+07 2.9912e+14 8 13 1.66853e+08 5.57813e-07 50.9231 306066
1.51287e+08 1.37123e+09 8.16826e+07 728647 12 12 9.80192e+08 1345.22 89.6667 225924
4.51223e+09 4.41886e+09 5.91239e+07 75407.8 13 11 7.6861e+08 10192.7 44.7273 272473
708444 2.07271e+07 5.40335e+07 277829 4 19 2.16134e+08 777.941 36.7368 48875.9
2.87722e+07 2.28653e+08 7.16236e+07 8.28051e+06 11 13 7.87859e+08 95.1462 102.769 60098.6
2.10424e+09 4.46898e+09 6.2114e+07 735270 9 17 5.59026e+08 760.3 50.1176 178279
1.6597e+08 6.29046e+08 5.91054e+07 279653 7 18 4.13738e+08 1479.47 34.2778 47496.1
1.85962e+09 2.80715e+09 7.44708e+07 2.0148e+07 16 9 1.19153e+09 59.139 150.889 361172
1.74964e+18 0 2.92477e+07 1.03172e+14 11 11 3.21725e+08 3.11835e-06 204.727 518122
