5.13528e+07 6.10935e+08 7.93991e+07 1.95883e+07 13 10 1.03219e+09 52.6942 10 904.423
2.49573e+07 6.9056e+08 7.26894e+07 1.16108e+07 14 6 1.01765e+09 87.647 11.3333 1256.35
4.14891e+07 8.93561e+08 7.95314e+07 9.19913e+06 15 9 1.19297e+09 129.683 21.5556 959.693
1.57246e+08 1.25416e+09 8.77077e+07 5.11615e+06 10 9 8.77077e+08 171.433 23.5556 1056.69
2.26826e+08 9.20825e+08 8.27476e+07 2.78632e+07 16 9 1.32396e+09 47.5166 7.55556 1042.49
2.47675e+08 1.039e+09 8.7713e+07 2.09906e+08 18 9 1.57883e+09 7.52164 17.5556 1100.21
4.36749e+07 7.31728e+08 8.82017e+07 1.32646e+08 7 12 6.17412e+08 4.65457 24.6667 714.156
1.1118e+08 2.15434e+09 5.46155e+07 4.54588e+06 14 9 7.64617e+08 168.2 21.5556 993.04
2.11993e+08 6.46732e+08 8.51171e+07 3.32291e+06 15 7 1.27676e+09 384.228 18.8571 1213.75
9.63759e+07 7.7022e+08 8.45647e+07 2.10415e+07 12 9 1.01478e+09 48.2275 15.5556 998.943
1.99453e+08 4.82514e+08 7.40415e+07 2.44027e+07 17 8 1.25871e+09 51.5805 6 1000.62
2.00605e+09 2.37358e+09 6.56835e+07 4.21739e+06 14 10 9.19569e+08 218.042 18 824.142
8.50297e+07 1.90763e+09 6.93237e+07 1.93589e+06 15 9 1.03986e+09 537.146 15.5556 938.541
2.28767e+08 1.28263e+09 7.67115e+07 2.25097e+07 14 8 1.07396e+09 47.711 10 1002.78
4.91826e+07 9.20252e+08 8.81136e+07 5.91574e+07 11 12 9.69249e+08 16.3842 22.6667 744.757
1.05677e+08 9.42161e+08 7.9547e+07 1.96023e+06 14 9 1.11366e+09 568.127 13.5556 898.027
2.55564e+07 3.96305e+08 6.86751e+07 6.05601e+06 16 9 1.0988e+09 181.44 15.5556 933.074
1.13154e+08 9.55463e+08 7.31322e+07 1.5231e+07 13 10 9.50719e+08 62.4202 12 846.276
2.75201e+08 1.10951e+09 6.15765e+07 761734 16 7 9.85224e+08 1293.4 22.8571 1344.68
1.53353e+08 6.09798e+08 8.13321e+07 7.16467e+06 18 8 1.46398e+09 204.333 12 1136.87
1.54385e+08 6.67102e+08 8.3122e+07 1.81261e+07 16 9 1.32995e+09 73.3721 7.55556 952.91
9.48046e+07 9.26484e+08 7.28742e+07 8.28124e+06 13 10 9.47364e+08 114.399 12 824.279
1.83315e+08 1.01636e+09 8.85669e+07 9.39337e+06 14 11 1.23994e+09 132.001 7.63636 803.649
2.03822e+08 8.22367e+08 7.61182e+07 8.64776e+06 17 10 1.29401e+09 149.635 4 923.769
3.68768e+07 7.00728e+08 7.3722e+07 1.04407e+07 10 7 7.3722e+08 70.6104 18.8571 1065.66
4.50332e+07 4.15599e+08 8.43015e+07 7.36818e+07 11 9 9.27316e+08 12.5854 33.5556 1094.36
2.20541e+09 1.98591e+09 7.57881e+07 4.34489e+07 15 10 1.13682e+09 26.1645 16 872.785
4.04617e+07 6.32551e+08 7.70653e+07 1.78132e+07 14 9 1.07891e+09 60.5682 17.5556 896.92
2.4442e+07 3.99296e+08 5.02396e+07 3.27426e+06 13 8 6.53115e+08 199.469 16 965.721
1.25543e+08 1.51387e+09 8.65176e+07 5.89552e+07 15 10 1.29776e+09 22.0127 12 885.712
1.35019e+08 5.6418e+08 7.86188e+07 4.19801e+07 13 6 1.02204e+09 24.3459 33.3333 1383.62
1.21883e+08 7.31134e+08 8.1483e+07 9.37713e+06 12 9 9.77796e+08 104.274 29.5556 1133.31
8.1811e+07 1.28458e+09 8.53979e+07 1.38355e+08 11 11 9.39377e+08 6.78961 17.6364 781.086
1.64376e+08 9.55442e+08 8.59798e+07 9.73718e+06 15 9 1.2897e+09 132.451 13.5556 978.178
1.93454e+08 1.09863e+09 7.86969e+07 1.10248e+07 14 10 1.10176e+09 99.9347 14 921.758
1.04881e+08 9.71889e+08 8.17492e+07 2.33007e+07 14 8 1.14449e+09 49.1183 28 1055.91
3.11208e+09 2.09955e+09 7.34394e+07 5.1181e+06 13 7 9.54712e+08 186.536 16.8571 1047.97
7.20511e+07 7.92377e+08 8.85383e+07 3.46896e+06 10 11 8.85383e+08 255.23 21.6364 878.098
1.43569e+08 1.02982e+09 8.94635e+07 1.26464e+08 12 10 1.07356e+09 8.48907 16 852.47
5.23235e+07 6.1689e+08 7.84418e+07 8.98586e+06 11 9 8.62859e+08 96.0241 13.5556 943.92
2.04526e+08 1.05423e+09 7.87399e+07 7.56975e+06 17 8 1.33858e+09 176.832 14 1029.77
6.64512e+07 3.87569e+08 7.94978e+07 2.18516e+07 16 7 1.27196e+09 58.2092 10.8571 1039.92
8.09844e+07 6.7346e+08 8.69808e+07 7.43909e+07 13 12 1.13075e+09 15.2001 6.66667 732.189
8.86278e+07 8.17988e+08 7.9895e+07 2.40886e+07 14 7 1.11853e+09 46.4339 14.8571 1053
2.09988e+08 1.47396e+09 6.88765e+07 4.87886e+06 12 9 8.26518e+08 169.408 17.5556 962.115
1.08502e+08 7.26897e+08 8.55102e+07 4.95217e+07 17 11 1.45367e+09 29.3543 3.63636 872.417
2.03969e+09 1.97269e+09 6.25285e+07 1.32147e+07 14 10 8.75399e+08 66.2442 20 848.161
1.68712e+08 1.03526e+09 9.02919e+07 9.652e+07 11 9 9.93211e+08 10.2902 17.5556 959.924
1.21343e+08 7.88734e+08 8.23216e+07 3.60649e+07 15 10 1.23482e+09 34.239 10 903.351
1.45192e+08 9.37786e+08 8.2689e+07 3.35695e+07 15 8 1.24034e+09 36.9483 12 1064.25
1.68549e+09 1.91191e+09 8.31629e+07 7.74965e+07 10 8 8.31629e+08 10.7312 32 1142.13
9.95433e+06 3.84961e+08 8.40988e+07 9.70016e+06 12 9 1.00919e+09 104.038 41.5556 1874.51
8.50895e+07 1.19201e+09 8.51526e+07 3.50422e+07 9 9 7.66374e+08 21.87 41.5556 1920.64
1.14896e+08 1.00231e+09 8.49141e+07 1.2385e+07 16 7 1.35863e+09 109.699 6.85714 1016.09
1.67756e+08 7.55673e+08 8.22364e+07 1.44514e+08 15 8 1.23355e+09 8.53581 14 960.326
1.64472e+08 8.30368e+08 7.29609e+07 5.36726e+06 17 8 1.24034e+09 231.093 8 973.421
9.62439e+07 6.84357e+08 5.36408e+07 3.75021e+06 12 9 6.4369e+08 171.641 23.5556 931.103
1.38784e+08 6.28305e+08 8.11555e+07 9.3846e+06 15 11 1.21733e+09 129.716 15.6364 777.695
7.28584e+07 5.18259e+08 7.94215e+07 2.42749e+06 14 10 1.1119e+09 458.046 12 821.043
1.73146e+08 1.12085e+09 8.76057e+07 3.13377e+07 17 9 1.4893e+09 47.5242 11.5556 915.829
2.23981e+08 9.17643e+08 7.91883e+07 7.75562e+06 16 7 1.26701e+09 163.367 10.8571 1035.98
5.65388e+07 1.12197e+09 7.64434e+07 1.92349e+07 14 8 1.07021e+09 55.6388 20 951.639
6.36412e+07 5.6556e+08 8.24404e+07 8.19693e+07 13 11 1.07173e+09 13.0747 19.6364 762.29
2.89604e+08 1.27892e+09 8.76944e+07 3.36883e+08 15 11 1.31542e+09 3.90467 7.63636 832.289
1.05118e+08 9.3205e+08 7.4798e+07 8.15464e+06 17 8 1.27157e+09 155.932 10 991.644
2.7194e+08 1.30909e+09 8.58156e+07 3.41938e+07 17 10 1.45887e+09 42.6646 6 908.05
9.13378e+07 7.26553e+08 8.05184e+07 5.293e+07 11 11 8.85703e+08 16.7335 15.6364 784.907
2.76123e+08 7.92048e+08 8.46099e+07 6.23079e+07 19 8 1.60759e+09 25.8007 10 1011.07
1.59871e+08 1.10925e+09 7.86065e+07 5.31216e+07 13 11 1.02188e+09 19.2367 15.6364 784.617
7.70974e+07 8.77784e+08 8.49707e+07 1.67371e+07 12 11 1.01965e+09 60.9215 15.6364 794.395
1.11176e+08 9.84247e+08 7.74146e+07 1.63802e+07 13 10 1.00639e+09 61.4394 18 885.436
1.16246e+07 2.61133e+08 8.13598e+07 4.59117e+06 8 8 6.50879e+08 141.767 44 1205.08
8.02484e+07 7.04226e+08 8.67535e+07 7.13049e+07 13 11 1.1278e+09 15.8165 11.6364 885.705
1.62745e+08 8.45076e+08 7.76358e+07 1.63503e+07 16 10 1.24217e+09 75.9724 10 900.603
7.32114e+07 3.37028e+08 7.30964e+07 1.22705e+07 12 11 8.77157e+08 71.485 9.63636 798.89
1.69585e+08 1.29191e+09 8.32854e+07 2.48476e+07 15 10 1.24928e+09 50.2777 14 911.94
1.24049e+08 9.90946e+08 7.69907e+07 3.13969e+07 13 9 1.00088e+09 31.8782 23.5556 1006.45
1.40517e+08 1.28809e+09 7.3128e+07 6.63143e+06 16 8 1.17005e+09 176.44 10 991.776
1.13067e+08 6.76916e+08 8.53887e+07 7.36628e+07 15 11 1.28083e+09 17.3878 9.63636 834.777
1.20757e+08 6.9687e+08 8.33638e+07 4.1999e+07 14 9 1.16709e+09 27.7886 15.5556 941.947
6.67728e+07 6.27775e+08 8.42918e+07 3.1769e+07 12 9 1.0115e+09 31.8393 19.5556 878.041
1.41315e+09 2.06309e+09 7.85201e+07 2.80291e+07 14 11 1.09928e+09 39.2192 9.63636 813.192
7.84603e+07 1.61008e+09 8.18254e+07 9.71458e+06 11 8 9.0008e+08 92.6525 14 1001.16
7.89641e+07 8.46164e+08 7.77464e+07 1.13247e+07 13 10 1.0107e+09 89.2479 16 880.162
2.06579e+08 1.06695e+09 8.71095e+07 4.86068e+07 18 9 1.56797e+09 32.2583 9.55556 955.027
2.15483e+08 7.64022e+08 7.93684e+07 1.27958e+07 13 8 1.03179e+09 80.6352 26 1200.73
1.07379e+08 9.39241e+08 8.42918e+07 2.64431e+07 15 11 1.26438e+09 47.8151 9.63636 795.917
1.7351e+08 1.14813e+09 6.06173e+07 8.14149e+06 14 9 8.48642e+08 104.237 15.5556 928.893
8.31196e+07 1.04829e+09 8.88845e+07 2.64989e+07 12 12 1.06661e+09 40.2513 10.6667 898.364
7.34338e+07 8.0035e+08 8.44467e+07 2.68473e+07 11 9 9.28914e+08 34.5999 19.5556 931.94
8.75778e+07 8.61114e+08 8.57029e+07 1.26199e+07 12 8 1.02843e+09 81.493 20 970.226
3.28456e+07 7.1737e+08 7.60863e+07 1.92122e+07 10 11 7.60863e+08 39.6031 21.6364 744.466
6.21734e+07 6.01201e+08 7.65974e+07 6.41085e+06 11 9 8.42572e+08 131.429 21.5556 947.483
9.69908e+07 4.02547e+08 7.34368e+07 8.76569e+06 14 10 1.02812e+09 117.289 12 854.523
8.28577e+07 9.87198e+08 7.94511e+07 7.24233e+06 11 10 8.73962e+08 120.674 16 797.559
6.23977e+07 6.47784e+08 7.98323e+07 2.17974e+07 10 9 7.98323e+08 36.6247 19.5556 917.091
9.52736e+07 1.28137e+09 8.54705e+07 1.37778e+08 11 10 9.40176e+08 6.82382 24 863.542
1.73114e+08 8.68437e+08 8.7055e+07 1.63648e+07 14 8 1.21877e+09 74.4752 20 1190.99
1.3491e+08 7.81897e+08 7.02809e+07 304112 12 5 8.43371e+08 2773.22 16 1233.52
2.26802e+08 1.12702e+09 8.13099e+07 2.66503e+07 15 11 1.21965e+09 45.765 7.63636 810.521
1.14832e+08 6.13948e+08 7.59679e+07 5.3557e+06 17 9 1.29145e+09 241.136 11.5556 922.727
6.9059e+08 1.50058e+09 7.59026e+07 1.28144e+08 10 10 7.59026e+08 5.92324 44 1782.78
1.07129e+08 8.38352e+08 8.2681e+07 2.7642e+07 12 11 9.92173e+08 35.8937 15.6364 794.384
2.09888e+08 8.82145e+08 8.33409e+07 1.58349e+08 14 11 1.16677e+09 7.36836 13.6364 825.111
1.28737e+08 9.77272e+08 8.22341e+07 1.87214e+07 14 9 1.15128e+09 61.4954 17.5556 995.595
2.34093e+08 7.46017e+08 8.47817e+07 7.4195e+06 15 7 1.27173e+09 171.403 16.8571 1185.17
1.28529e+09 1.85052e+09 6.14402e+07 1.95796e+07 13 10 7.98722e+08 40.7935 24 904.25
1.56514e+08 7.96956e+08 7.44853e+07 1.17206e+07 18 8 1.34073e+09 114.391 8 936.233
1.48875e+08 1.24058e+09 8.68699e+07 1.59051e+08 18 8 1.56366e+09 9.83115 10 1005.54
2.43445e+09 2.58003e+09 8.58679e+07 2.95569e+07 15 10 1.28802e+09 43.5776 10 868.647
3.12256e+09 2.76123e+09 7.46006e+07 5.08786e+07 14 9 1.04441e+09 20.5275 21.5556 1000.08
4.6001e+09 3.53115e+09 7.30774e+07 4.66912e+06 14 8 1.02308e+09 219.117 20 1037.18
6.43423e+07 8.92757e+08 7.74688e+07 1.27134e+07 11 10 8.52157e+08 67.0283 22 932.295
9.34915e+07 7.71161e+08 8.61372e+07 2.68155e+07 16 9 1.37819e+09 51.3955 9.55556 931.511
9.78898e+07 7.86654e+08 7.84744e+07 1.41944e+07 10 10 7.84744e+08 55.2856 26 895.122
1.63726e+08 6.0057e+08 8.05112e+07 9.90706e+06 15 9 1.20767e+09 121.9 23.5556 1016.57
2.25955e+08 1.18853e+09 8.4237e+07 1.85497e+08 17 8 1.43203e+09 7.71996 16 999.351
1.90879e+09 2.02123e+09 8.10392e+07 1.12489e+07 18 10 1.45871e+09 129.675 6 915.295
1.30296e+08 9.05048e+08 8.07653e+07 9.05361e+06 11 11 8.88419e+08 98.1286 15.6364 782.662
2.41011e+07 5.25499e+08 5.67948e+07 1.669e+06 14 8 7.95128e+08 476.41 18 1064.18
4.57524e+07 8.34297e+08 8.54313e+07 3.61879e+07 10 9 8.54313e+08 23.6077 25.5556 976.408
8.25817e+07 4.03747e+08 7.41728e+07 1.36888e+07 14 10 1.03842e+09 75.8588 8 876.655
2.408e+09 1.83383e+09 7.34542e+07 9.95967e+06 17 9 1.24872e+09 125.378 11.5556 898.157
1.06824e+08 3.9265e+08 8.23433e+07 8.43386e+07 16 8 1.31749e+09 15.6215 8 969.488
1.34857e+08 9.39292e+08 8.3677e+07 1.75051e+07 11 11 9.20447e+08 52.5817 11.6364 785.547
1.70183e+08 9.25801e+08 8.95196e+07 2.04877e+08 14 10 1.25327e+09 6.1172 10 881.57
5.68725e+07 1.48395e+09 7.71486e+07 3.30411e+06 10 8 7.71486e+08 233.492 22 1011.95
4.7558e+07 2.38987e+08 5.95367e+07 4.55806e+06 15 10 8.93051e+08 195.928 14 906.274
1.23207e+08 8.75166e+08 7.94196e+07 1.73231e+07 15 7 1.19129e+09 68.769 22.8571 1116.59
1.43219e+08 1.27181e+09 8.73376e+07 9.52686e+07 15 8 1.31006e+09 13.7513 22 1087.28
1.32167e+08 9.30065e+08 9.02126e+07 7.38225e+07 13 11 1.17276e+09 15.8863 9.63636 821.562
6.42084e+07 4.68861e+08 8.16066e+07 3.61363e+07 14 8 1.14249e+09 31.6162 22 1080.65
8.56896e+07 7.33614e+08 8.59159e+07 8.70616e+07 12 9 1.03099e+09 11.8421 41.5556 1967.89
4.72307e+07 2.93326e+08 5.98043e+07 7.94663e+06 16 9 9.56869e+08 120.412 23.5556 1008
7.30912e+07 7.45112e+08 8.38658e+07 1.46954e+07 15 9 1.25799e+09 85.604 15.5556 940.791
1.98636e+08 7.60952e+08 8.49441e+07 3.18955e+07 18 9 1.52899e+09 47.9376 7.55556 1004.29
1.63991e+08 6.9887e+08 7.99148e+07 8.12212e+06 15 10 1.19872e+09 147.587 12 893.221
4.46581e+07 2.79723e+08 6.21805e+07 1.33681e+07 12 10 7.46166e+08 55.817 24 861.121
1.03656e+08 1.14425e+09 8.74534e+07 1.8652e+07 12 11 1.04944e+09 56.2642 13.6364 775.688
2.13243e+08 9.89191e+08 8.59638e+07 1.47744e+07 15 11 1.28946e+09 87.2767 5.63636 835.129
7.40507e+07 6.70938e+08 8.23749e+07 5.49388e+07 12 9 9.88498e+08 17.9927 21.5556 905.278
1.5742e+08 8.75364e+08 8.63818e+07 4.38515e+07 14 10 1.20935e+09 27.5782 14 914.833
5.49549e+07 5.13925e+08 8.38525e+07 3.32418e+07 12 11 1.00623e+09 30.2701 13.6364 793.234
1.37064e+08 7.50511e+08 7.36913e+07 265517 13 8 9.57987e+08 3608 20 1027.17
2.11655e+08 1.26388e+09 8.53514e+07 4.07666e+07 15 9 1.28027e+09 31.4049 11.5556 952.79
2.20724e+08 1.13889e+09 8.66157e+07 1.30812e+07 14 9 1.21262e+09 92.6996 7.55556 955.374
1.4309e+08 9.26755e+08 8.23962e+07 2.92827e+06 15 9 1.23594e+09 422.072 15.5556 982.031
9.74585e+07 1.15139e+09 8.19546e+07 1.03803e+08 14 9 1.14736e+09 11.0533 21.5556 923.015
1.31823e+08 1.02249e+09 7.94569e+07 3.35883e+07 15 11 1.19185e+09 35.4842 7.63636 803.015
2.88185e+08 1.09845e+09 7.16004e+07 1.37856e+08 16 6 1.14561e+09 8.31016 11.3333 1081.44
1.26606e+08 1.02481e+09 8.00453e+07 207165 12 8 9.60543e+08 4636.62 22 1043.63
1.87119e+08 8.67687e+08 7.94981e+07 1.88731e+07 19 8 1.51046e+09 80.0327 6 1012.53
3.16483e+07 9.16855e+08 6.9369e+07 5.57087e+06 12 8 8.32428e+08 149.425 20 999.653
1.58891e+08 8.89888e+08 8.28328e+07 1.0708e+08 15 6 1.24249e+09 11.6034 21.3333 1190.31
4.26678e+08 1.33072e+09 7.34159e+07 1.93493e+07 12 7 8.8099e+08 45.5308 26.8571 1096.79
4.83811e+07 5.15259e+08 8.4365e+07 1.54493e+07 8 9 6.7492e+08 43.6861 25.5556 970.866
2.2984e+07 9.17797e+08 6.60477e+07 530176 12 10 7.92572e+08 1494.92 12 816.034
1.5019e+07 4.84407e+08 7.41899e+07 1.72256e+07 14 10 1.03866e+09 60.2974 14 794.892
3.55606e+07 9.39325e+08 7.40881e+07 2.31119e+07 12 12 8.89058e+08 38.4676 12.6667 672.066
1.71326e+08 8.49023e+08 8.439e+07 1.02166e+08 16 10 1.35024e+09 13.2161 8 915.787
1.70402e+08 8.83298e+08 8.6959e+07 1.0131e+07 11 9 9.5655e+08 94.4177 23.5556 1032.33
6.04907e+07 1.11554e+09 8.79127e+07 311110 9 10 7.91214e+08 2543.2 20 822.634
2.26743e+08 1.01677e+09 8.24234e+07 3.90459e+07 17 8 1.4012e+09 35.8859 8 1049.75
5.38614e+08 5.92688e+08 6.64537e+07 8.10763e+06 18 9 1.19617e+09 147.536 11.5556 911.827
1.05097e+08 7.46393e+08 8.412e+07 9.47412e+06 11 9 9.25319e+08 97.6681 17.5556 930.28
8.71523e+07 9.71152e+08 7.8926e+07 1.54068e+07 13 8 1.02604e+09 66.5963 18 897.523
1.37656e+08 9.61709e+08 8.63578e+07 9.45523e+06 15 9 1.29537e+09 137 15.5556 955.527
1.33174e+08 7.70081e+08 6.75548e+07 2.59869e+06 14 8 9.45767e+08 363.94 20 1046.56
3.11389e+09 3.30732e+09 8.02659e+07 4.55363e+07 14 11 1.12372e+09 24.6775 13.6364 811.15
1.84807e+08 9.07425e+08 8.34665e+07 9.67121e+07 16 10 1.33546e+09 13.8087 12 854.265
1.54005e+07 4.18928e+08 7.91779e+07 3.04007e+07 13 10 1.02931e+09 33.8582 20 837.327
2.58938e+08 8.91859e+08 8.72547e+07 3.73299e+07 14 8 1.22157e+09 32.7235 14 1007.91
1.07875e+08 7.31068e+08 8.37737e+07 2.95797e+06 13 9 1.08906e+09 368.177 17.5556 932.88
2.04282e+08 9.83157e+08 8.652e+07 2.98793e+08 13 11 1.12476e+09 3.76435 9.63636 790.83
1.64637e+08 9.28972e+08 8.86848e+07 7.97452e+07 18 9 1.59633e+09 20.0178 7.55556 961.601
1.96918e+09 2.29342e+09 7.71504e+07 1.3639e+07 13 10 1.00296e+09 73.5358 12 793.973
1.65838e+08 1.44426e+09 8.84071e+07 2.38742e+08 14 10 1.2377e+09 5.18425 16 843.38
2.20048e+18 0 4.51963e+07 3.28726e+17 14 7 6.32748e+08 1.92485e-09 12.8571 1081.71
1.04592e+08 9.43101e+08 7.84132e+07 1.78096e+07 15 10 1.1762e+09 66.0429 10 884.998
2.04988e+09 2.07322e+09 6.83227e+07 8.40061e+06 15 10 1.02484e+09 121.996 18 833.256
3.01075e+08 1.30667e+09 8.84611e+07 4.92778e+07 15 8 1.32692e+09 26.9273 14 1046.04
1.29967e+08 8.73698e+08 8.26489e+07 6.75245e+07 17 7 1.40503e+09 20.8077 18.8571 1093.15
1.09877e+08 1.42712e+09 7.66534e+07 9.01355e+07 10 11 7.66534e+08 8.50424 23.6364 806.52
8.97155e+07 1.11567e+09 8.40256e+07 3.50703e+07 11 12 9.24281e+08 26.3551 12.6667 685.459
1.89403e+08 1.25011e+09 6.85585e+07 7.30954e+06 17 8 1.1655e+09 159.449 14 1013.97
1.15771e+08 1.12012e+09 8.1535e+07 642309 11 12 8.96885e+08 1396.34 10.6667 705.928
1.64092e+08 6.7335e+08 8.39157e+07 1.09308e+08 16 9 1.34265e+09 12.2832 7.55556 973.203
2.00598e+08 1.07442e+09 8.61608e+07 3.64063e+07 15 8 1.29241e+09 35.4997 10 961.03
9.81249e+07 1.01355e+09 8.99434e+07 1.89477e+08 11 9 9.89377e+08 5.22161 21.5556 920.398
2.20347e+08 1.21956e+09 8.57606e+07 1.7112e+08 18 8 1.54369e+09 9.02107 6 1007.52
2.08175e+08 1.50202e+09 7.63635e+07 5.94034e+06 14 10 1.06909e+09 179.971 10 852.28
9.82657e+07 1.97986e+09 6.85189e+07 3.91761e+07 14 9 9.59265e+08 24.486 19.5556 878.912
1.90318e+08 1.16363e+09 8.43051e+07 7.08349e+07 16 7 1.34888e+09 19.0426 34.8571 2151.93
4.57677e+09 2.89471e+09 8.13632e+07 1.56693e+07 15 7 1.22045e+09 77.888 36.8571 2130.72
7.0199e+07 6.77355e+08 6.82375e+07 3.37514e+06 12 7 8.1885e+08 242.612 26.8571 1282.76
6.69828e+07 2.56769e+09 7.29356e+07 3.07126e+07 13 8 9.48163e+08 30.8722 40 2011.37
1.53527e+07 2.93268e+08 7.01094e+07 1.16637e+06 13 12 9.11422e+08 781.42 14.6667 687.292
3.06774e+08 1.26421e+09 8.57314e+07 4.0614e+08 14 8 1.20024e+09 2.95524 14 988.826
1.37548e+08 6.17747e+08 8.35402e+07 2.12101e+07 13 10 1.08602e+09 51.203 16 876.188
2.07461e+08 8.47631e+08 8.46296e+07 1.4827e+07 16 9 1.35407e+09 91.3246 7.55556 939.743
1.23439e+08 7.56346e+08 7.59585e+07 619918 13 10 9.8746e+08 1592.89 10 871.051
8.41029e+07 6.98609e+08 8.13818e+07 1.06226e+07 10 8 8.13818e+08 76.6122 28 1068.74
1.23402e+08 1.33089e+09 8.28275e+07 9.12935e+07 16 8 1.32524e+09 14.5162 20 1022.87
1.55374e+08 8.59282e+08 8.27852e+07 1.14161e+08 17 9 1.40735e+09 12.3277 11.5556 940.909
1.49443e+08 1.09131e+09 8.3573e+07 1.34068e+07 15 10 1.25359e+09 93.5042 10 910.944
1.2014e+08 1.0076e+09 7.72307e+07 1.45417e+07 14 11 1.08123e+09 74.3536 7.63636 805.052
3.95671e+07 4.79916e+08 8.3147e+07 2.79442e+07 15 10 1.2472e+09 44.632 12 892.713
2.25955e+08 1.68266e+09 9.01438e+07 2.85275e+08 15 11 1.35216e+09 4.73983 9.63636 806.103
4.30733e+09 3.04227e+09 8.11546e+07 1.43435e+08 18 8 1.46078e+09 10.1843 22 1034.53
1.36717e+08 8.44771e+08 6.88924e+07 1.33657e+07 15 8 1.03339e+09 77.3163 14 943.805
1.01854e+08 1.23054e+09 7.65475e+07 2.03497e+07 16 9 1.22476e+09 60.1857 11.5556 929.978
7.93527e+07 6.36669e+08 7.80279e+07 4.24341e+07 11 6 8.58307e+08 20.2268 17.3333 1084.51
1.05709e+08 1.11739e+09 8.65349e+07 4.20705e+07 12 10 1.03842e+09 24.6828 16 856.615
1.75791e+08 1.44669e+09 8.79446e+07 2.01807e+08 15 9 1.31917e+09 6.53679 11.5556 929.597
1.11103e+08 9.91945e+08 8.59363e+07 1.18512e+07 13 10 1.11717e+09 94.2669 18 814.983
2.68941e+08 9.1153e+08 8.22398e+07 4.30103e+07 14 8 1.15136e+09 26.7693 10 997.919
1.12246e+08 1.23325e+09 8.39617e+07 3.84645e+07 15 9 1.25942e+09 32.7425 13.5556 901.068
1.57707e+08 1.15876e+09 8.62067e+07 2.32491e+07 13 7 1.12069e+09 48.2035 14.8571 992.121
1.75049e+08 1.18325e+09 8.48813e+07 5.84875e+07 14 9 1.18834e+09 20.3178 13.5556 914.102
1.98264e+08 8.45095e+08 8.39307e+07 1.83765e+08 16 8 1.34289e+09 7.30767 16 935.97
