1.40602e+08 1.12374e+09 8.94692e+07 8.64477e+07 13 8 1.1631e+09 13.4544 164 3507.8
1.84142e+07 1.20379e+09 7.03009e+07 4.18227e+06 12 8 8.4361e+08 201.711 448 4385.61
3.87789e+09 2.72629e+09 7.33165e+07 1.65949e+07 13 6 9.53115e+08 57.4342 278.833 4877.72
3.04235e+08 1.88493e+09 9.10543e+07 3.35835e+08 13 9 1.18371e+09 3.52467 117.556 3174.72
4.22601e+08 2.10479e+09 8.34151e+07 3.08442e+08 14 6 1.16781e+09 3.78616 137.333 4370.04
2.18089e+08 1.49923e+09 8.74151e+07 2.26176e+08 16 6 1.39864e+09 6.18386 143.5 4640.65
1.41629e+09 2.0933e+09 8.51597e+07 8.16462e+07 15 8 1.2774e+09 15.6455 194 3947.07
2.01621e+08 1.16904e+09 8.18519e+07 1.23002e+07 14 7 1.14593e+09 93.1631 221.429 4732.77
2.15946e+08 1.49582e+09 6.82907e+07 1.16773e+06 15 7 1.02436e+09 877.223 275.714 4878.97
4.94682e+08 1.96396e+09 9.08746e+07 3.80686e+08 16 7 1.45399e+09 3.8194 91.7143 4108.54
2.80064e+09 2.29603e+09 7.89191e+07 1.24467e+07 15 9 1.18379e+09 95.1084 204.889 3175.46
3.2713e+08 1.68043e+09 8.79963e+07 5.73856e+07 14 6 1.23195e+09 21.4679 76.8333 4632.42
1.35485e+08 6.06418e+08 7.61511e+07 8.18604e+06 17 7 1.29457e+09 158.143 91.4286 4040.84
3.29669e+08 1.92899e+09 8.0621e+07 2.8182e+07 16 7 1.28994e+09 45.7716 461.714 4806.16
2.08251e+08 1.4448e+09 8.71725e+07 8.80268e+07 15 9 1.30759e+09 14.8544 258 4177.57
2.40882e+08 1.84587e+09 8.45162e+07 1.18568e+08 14 8 1.18323e+09 9.9793 156.875 3412.54
2.9963e+09 2.16965e+09 7.69649e+07 3.7484e+06 15 8 1.15447e+09 307.991 109.5 3223.31
1.41579e+08 1.63199e+09 8.15345e+07 1.36365e+07 16 8 1.30455e+09 95.6664 125.875 3209.05
1.94322e+08 1.23452e+09 8.78309e+07 7.1209e+06 14 7 1.22963e+09 172.679 128.857 4469.5
2.00882e+08 1.83558e+09 9.0267e+07 7.30778e+07 14 9 1.26374e+09 17.293 194 3418.17
3.60049e+08 1.36842e+09 9.04153e+07 2.00565e+08 17 6 1.53706e+09 7.66366 312.833 6825.51
2.3799e+08 1.46065e+09 8.993e+07 1.80982e+08 13 6 1.16909e+09 6.45971 68 4368.78
1.66885e+08 2.85518e+08 8.46246e+07 1.75271e+07 10 4 8.46246e+08 48.2823 312.75 118742
4.11329e+07 1.20894e+09 8.02183e+07 3.30358e+06 12 5 9.6262e+08 291.387 123.2 4171.67
1.92901e+08 1.22863e+09 8.59767e+07 1.68338e+08 14 8 1.20367e+09 7.15036 199.875 2941.16
8.76329e+07 7.43448e+08 8.52091e+07 1.41618e+07 11 6 9.373e+08 66.185 41.3333 3695.02
5.81723e+08 1.97794e+09 8.49291e+07 1.03949e+08 16 5 1.35887e+09 13.0725 98.8 5077.68
2.07769e+08 2.01031e+09 8.5623e+07 6.70001e+07 12 7 1.02748e+09 15.3354 82 4240.49
2.24186e+08 1.01292e+09 8.4927e+07 3.76204e+07 14 8 1.18898e+09 31.6046 218 2981.31
1.80013e+08 9.82132e+08 9.0639e+07 3.1144e+07 15 5 1.35958e+09 43.6548 154 5394.55
1.71522e+08 1.28808e+09 7.88206e+07 2.88514e+07 12 10 9.45847e+08 32.7834 122.1 2569.9
6.02154e+07 1.14614e+09 8.68154e+07 1.5084e+07 14 5 1.21542e+09 80.5765 133.2 4522.12
1.69791e+08 2.71466e+09 8.42013e+07 6.58719e+07 15 10 1.26302e+09 19.1739 308.9 3389.38
4.11405e+07 1.53247e+09 8.00012e+07 9.55975e+06 13 6 1.04002e+09 108.791 97.3333 4369.76
2.38739e+08 1.2542e+09 8.23482e+07 1.02244e+07 17 7 1.39992e+09 136.92 114.857 3408.04
1.95841e+08 1.59922e+09 8.7346e+07 1.76523e+08 14 6 1.22284e+09 6.92739 182 4766.05
2.0408e+08 8.86256e+08 7.48935e+07 2.48245e+07 15 8 1.1234e+09 45.2537 95.5 3310.49
6.67938e+08 1.4993e+09 7.35357e+07 4.23845e+06 15 9 1.10304e+09 260.245 260.222 3343.44
2.05625e+08 1.19957e+09 8.34665e+07 1.76748e+06 12 7 1.0016e+09 566.68 404.857 115172
2.35684e+08 1.26839e+09 8.94391e+07 1.44673e+08 18 9 1.6099e+09 11.1279 252.889 4031.19
2.44587e+08 1.26319e+09 8.61536e+07 6.81025e+07 14 5 1.20615e+09 17.7108 36.8 4045.51
1.56379e+09 1.48067e+09 7.35153e+07 2.29623e+06 17 10 1.24976e+09 544.265 283.6 3490.92
9.39272e+07 1.19073e+09 8.44196e+07 6.61111e+06 15 7 1.26629e+09 191.54 191.714 4006.28
1.51561e+08 2.08611e+09 8.73249e+07 9.55164e+07 13 6 1.13522e+09 11.8851 291.333 6692.6
2.34674e+08 1.25576e+09 9.05865e+07 1.32018e+08 14 5 1.26821e+09 9.60634 138.8 6686.24
1.75155e+08 1.37419e+09 8.7346e+07 8.9274e+07 14 9 1.22284e+09 13.6976 208.222 4008.33
8.90651e+07 8.21845e+08 8.31647e+07 8.98273e+07 18 7 1.49696e+09 16.6649 468.857 5834.55
3.03199e+08 8.33029e+08 8.43143e+07 7.00201e+07 13 8 1.09609e+09 15.6539 348 5261.07
7.11757e+08 1.88241e+09 8.63632e+07 4.57807e+07 15 8 1.29545e+09 28.2968 267.875 4188.62
8.52389e+08 2.26255e+09 8.22389e+07 6.61067e+07 19 8 1.56254e+09 23.6366 127.875 3869.29
2.90913e+08 1.76096e+09 8.21459e+07 2.62242e+07 15 6 1.23219e+09 46.9867 168.833 4453.68
3.49397e+08 2.27624e+09 7.6065e+07 1.28666e+07 18 6 1.36917e+09 106.413 231.5 4397.05
2.57035e+08 1.27207e+09 8.76883e+07 3.36339e+07 14 5 1.22764e+09 36.5 132.8 5126.15
4.55157e+08 1.55231e+09 8.0093e+07 1.89237e+07 17 7 1.36158e+09 71.9512 162.857 4156.41
4.51522e+09 3.07199e+09 7.27542e+07 3.52945e+06 17 9 1.23682e+09 350.429 97.5556 2725.03
1.97228e+07 5.22919e+09 7.29233e+07 3.77791e+06 11 5 8.02157e+08 212.328 493.2 120278
1.40327e+09 1.7448e+09 8.12833e+07 1.05188e+08 18 8 1.4631e+09 13.9094 191.5 3665.6
3.87674e+08 1.92118e+09 8.41994e+07 1.35962e+08 17 5 1.43139e+09 10.5278 60.8 4272.15
5.83803e+09 3.20581e+09 7.96126e+07 1.26448e+07 16 6 1.2738e+09 100.737 63.3333 4533.35
1.13983e+09 3.02573e+09 7.56021e+07 3.91681e+07 13 7 9.82827e+08 25.0925 473.714 13572.4
3.83464e+08 1.67338e+09 8.04439e+07 4.00283e+07 19 7 1.52843e+09 38.1838 155.429 4245.61
3.66867e+08 5.00296e+09 6.97417e+07 5.98955e+07 12 5 8.36901e+08 13.9727 253.2 118112
1.59578e+09 2.25004e+09 8.55384e+07 2.43898e+08 17 8 1.45415e+09 5.96213 147.875 3875.26
7.67605e+08 1.46595e+09 8.43907e+07 1.12515e+08 14 6 1.18147e+09 10.5005 283.333 6864.87
5.05969e+08 1.76715e+09 8.83054e+07 2.53368e+08 12 6 1.05966e+09 4.18232 186 4704.39
9.38926e+07 1.18442e+09 8.18752e+07 1.62126e+07 13 6 1.06438e+09 65.6511 374.833 6167
1.44383e+08 1.39599e+09 8.52817e+07 9.98488e+06 11 8 9.38099e+08 93.9519 306.875 5012.91
1.8122e+08 1.22942e+09 8.02545e+07 4.65948e+07 14 7 1.12356e+09 24.1135 245.714 4221.76
2.56555e+08 1.26583e+09 8.47014e+07 1.16289e+07 13 6 1.10112e+09 94.6883 173.333 4205.34
2.65704e+08 1.70539e+09 8.48509e+07 1.47665e+08 15 7 1.27276e+09 8.61926 303.429 4600.7
2.68683e+08 1.42745e+09 8.88692e+07 4.00616e+08 14 8 1.24417e+09 3.10564 194 3797.02
1.01e+08 7.85712e+08 8.459e+07 4.25108e+07 15 6 1.26885e+09 29.8477 77.3333 3676.56
1.61182e+08 8.55766e+08 8.21885e+07 1.51205e+07 17 8 1.3972e+09 92.4046 201.875 4197.88
1.44398e+08 1.30853e+09 8.00947e+07 6.94414e+07 14 5 1.12133e+09 16.1478 449.2 6804.19
5.1396e+08 1.55074e+09 8.07508e+07 2.64987e+07 14 8 1.13051e+09 42.6629 191.5 3499.37
2.189e+08 1.04759e+09 7.33626e+07 1.60398e+07 16 7 1.1738e+09 73.1804 175.429 4290.06
3.3481e+08 1.73305e+09 7.99698e+07 9.89489e+06 18 6 1.43946e+09 145.475 204.833 4865.25
2.48515e+08 1.79928e+09 8.45675e+07 3.29519e+08 14 8 1.18395e+09 3.59295 133.875 3450.12
5.12134e+08 1.97253e+09 8.39269e+07 7.99957e+07 17 6 1.42676e+09 17.8354 98.8333 4323.88
7.05815e+07 1.00264e+09 7.17452e+07 2.32575e+07 12 8 8.60942e+08 37.0178 102 2935.26
1.68697e+08 9.26465e+08 8.77796e+07 7.43808e+07 11 6 9.65575e+08 12.9815 237.5 5595.14
3.49141e+08 9.93991e+08 6.9393e+07 1.26971e+06 15 5 1.04089e+09 819.787 365.2 6558.21
4.90715e+08 1.49131e+09 6.97484e+07 857851 12 6 8.36981e+08 975.671 135.5 13956.9
1.38618e+08 1.72492e+09 8.4375e+07 4.70139e+07 16 6 1.35e+09 28.7149 147.5 4911.09
2.51258e+08 8.40747e+08 8.87433e+07 1.02837e+08 15 6 1.33115e+09 12.9442 154 4994.32
2.75482e+09 2.04363e+09 8.35641e+07 4.72418e+07 18 7 1.50415e+09 31.8394 156 4217.61
4.63952e+08 1.77287e+09 9.29113e+07 2.92054e+08 12 5 1.11494e+09 3.81757 70.8 4501.83
1.7792e+08 1.25464e+09 9.23904e+07 1.40977e+08 11 7 1.01629e+09 7.20896 211.714 4801.14
3.88483e+08 1.04106e+09 7.82137e+07 1.24123e+08 17 7 1.32963e+09 10.7122 257.714 4747.11
2.06976e+08 8.7702e+08 8.86432e+07 2.97915e+07 16 7 1.41829e+09 47.6072 80 3823.9
3.35247e+08 1.68422e+09 8.27776e+07 1.23375e+08 16 6 1.32444e+09 10.7351 119.333 4519.99
3.31649e+08 1.61167e+09 8.85407e+07 4.6717e+07 17 7 1.50519e+09 32.2194 77.7143 4298.95
1.88236e+08 1.37148e+09 7.98678e+07 5.41705e+06 18 7 1.43762e+09 265.388 112 3953.66
2.56139e+08 9.65441e+08 7.87859e+07 2.062e+07 15 7 1.18179e+09 57.3128 349.714 5188.64
2.72052e+08 1.50646e+09 8.20088e+07 7.23834e+06 12 6 9.84105e+08 135.957 243.5 4932.47
2.61394e+08 2.10011e+09 8.40194e+07 1.77226e+07 13 5 1.09225e+09 61.6305 324.8 8163.97
3.05215e+08 1.18698e+09 8.8583e+07 1.4145e+08 17 8 1.50591e+09 10.6463 65.875 3908.58
8.83581e+08 1.56859e+09 8.1003e+07 2.2535e+08 19 8 1.53906e+09 6.82962 156 3920.38
1.00119e+08 1.05727e+09 7.59585e+07 1.93628e+07 14 7 1.06342e+09 54.9207 147.714 4090.06
2.07159e+08 9.14286e+08 9.05066e+07 5.0048e+07 14 7 1.26709e+09 25.3175 79.4286 3457.61
2.98523e+07 6.26089e+08 8.81912e+07 6.72267e+06 13 6 1.14649e+09 170.54 394.833 4664.66
1.30046e+08 1.64858e+09 8.041e+07 9.22615e+07 15 6 1.20615e+09 13.0732 169.333 4561.4
1.10485e+08 6.61831e+08 8.7736e+07 5.51285e+07 11 6 9.65096e+08 17.5063 537.333 17182
3.08437e+09 2.1506e+09 8.29406e+07 1.24101e+07 12 5 9.95288e+08 80.2 370.8 1.45437e+06
2.16932e+08 1.52954e+09 8.21246e+07 8.32305e+06 15 5 1.23187e+09 148.007 224 5733.98
2.62305e+08 1.26228e+09 8.77097e+07 3.76923e+07 16 6 1.40335e+09 37.2318 205.333 4491.11
5.29166e+08 1.8883e+09 8.66271e+07 3.20218e+08 14 6 1.21278e+09 3.78736 109.333 3985.39
2.10607e+08 1.15865e+09 8.72627e+07 2.03816e+07 17 8 1.48347e+09 72.7845 149.875 4000.19
3.30115e+08 1.11696e+09 8.69057e+07 4.98024e+07 17 6 1.4774e+09 29.6652 115.5 4155.68
2.81021e+08 1.48217e+09 8.8931e+07 2.10012e+08 12 6 1.06717e+09 5.08148 106.833 4384.52
1.45435e+08 1.05652e+09 7.97186e+07 5.51807e+06 13 6 1.03634e+09 187.809 131.333 4209.5
2.21045e+08 2.18172e+09 8.89377e+07 6.71929e+07 14 7 1.24513e+09 18.5307 177.714 4334.76
7.36949e+07 8.31644e+08 8.58688e+07 7.44988e+07 13 7 1.11629e+09 14.9841 409.714 5770.25
1.72136e+08 1.42323e+09 9.02822e+07 2.96223e+07 12 5 1.08339e+09 36.5734 147.2 5118.66
3.67624e+08 1.34037e+09 8.32268e+07 1.73256e+08 14 4 1.16518e+09 6.72515 24 5403.33
2.35926e+08 1.81099e+09 7.87587e+07 7.42068e+06 17 8 1.3389e+09 180.428 170.875 3761.73
2.91827e+08 1.47081e+09 8.24566e+07 3.26533e+07 14 6 1.15439e+09 35.3531 98 4606.71
2.19871e+08 1.75779e+09 8.47867e+07 8.1312e+07 17 7 1.44137e+09 17.7265 256 4444.26
1.39e+08 1.11147e+09 7.60433e+07 1.64998e+07 16 7 1.21669e+09 73.7398 165.429 4067.93
9.78744e+07 7.2014e+08 8.68496e+07 3.10399e+07 14 8 1.21589e+09 39.172 137.5 3325.47
2.37389e+08 1.70551e+09 8.77857e+07 2.07439e+07 13 5 1.14121e+09 55.0144 94 5293.25
3.28262e+18 0 6.38407e+07 1.25012e+17 14 6 8.9377e+08 7.14948e-09 126 4009.91
2.71661e+09 2.05764e+09 8.01068e+07 1.5923e+08 16 7 1.28171e+09 8.0494 92 3590.22
2.0143e+08 1.65537e+09 8.58113e+07 3.86755e+07 14 8 1.20136e+09 31.0625 83.5 3341.98
2.54872e+08 1.05768e+09 8.17359e+07 8.26057e+07 12 9 9.80831e+08 11.8736 171.556 3236.56
1.61449e+08 2.17668e+09 8.68457e+07 1.24574e+08 13 6 1.12899e+09 9.06281 144.833 4842.97
1.30405e+09 2.32169e+09 8.07952e+07 2.33852e+07 18 7 1.45431e+09 62.1896 84.8571 3702.34
1.33703e+08 1.12233e+09 8.47244e+07 3.54397e+07 12 7 1.01669e+09 28.6879 168 3801.74
2.93811e+08 1.34423e+09 8.90353e+07 3.44295e+07 18 8 1.60264e+09 46.5484 144 3916.46
8.8911e+08 9.58725e+08 7.78305e+07 3.15294e+07 16 9 1.24529e+09 39.4961 192 3406.74
1.45441e+08 1.78528e+09 7.73695e+07 1.40612e+07 18 8 1.39265e+09 99.0418 188 3728.38
1.35242e+09 1.9014e+09 8.20288e+07 2.34228e+06 13 8 1.06637e+09 455.271 214 4312.25
4.18773e+09 3.2637e+09 7.43917e+07 5.10418e+07 13 7 9.67093e+08 18.9471 285.714 4698.1
3.1519e+08 1.15679e+09 8.70696e+07 2.26997e+07 18 6 1.56725e+09 69.0428 57.3333 4803.47
5.30029e+09 3.9598e+09 7.30937e+07 6.22961e+06 15 10 1.09641e+09 175.999 195.6 2931.06
5.74985e+09 3.79285e+09 6.69391e+07 1.53085e+07 13 7 8.70208e+08 56.8447 292.857 4152.97
4.15262e+08 1.07213e+09 8.09655e+07 8.88141e+06 16 8 1.29545e+09 145.861 143.5 3676.5
3.34577e+08 1.80876e+09 7.26571e+07 1.01573e+07 12 6 8.71885e+08 85.8382 311.333 5106.81
4.76215e+09 4.73268e+09 8.1483e+07 8.74002e+07 12 7 9.77796e+08 11.1876 153.714 4217.81
1.84085e+08 9.92141e+08 8.72853e+07 1.69526e+07 16 6 1.39657e+09 82.3808 268 5327.37
1.67758e+08 8.83616e+08 8.60556e+07 3.93389e+07 12 5 1.03267e+09 26.2505 206.8 15595.9
1.41959e+08 1.20775e+09 8.71905e+07 3.33594e+07 16 8 1.39505e+09 41.8187 282.875 4097.19
2.7624e+08 1.716e+09 8.89976e+07 2.08237e+08 16 9 1.42396e+09 6.83818 116 3205.05
1.91627e+08 1.20464e+09 8.38544e+07 9.47268e+06 14 6 1.17396e+09 123.931 138.833 4281.61
2.5145e+09 2.40711e+09 7.49251e+07 1.92908e+08 16 6 1.1988e+09 6.21437 279.333 5203.65
2.40064e+08 1.12514e+09 8.60646e+07 5.71294e+07 17 7 1.4631e+09 25.6103 149.429 4368.17
2.2489e+08 1.64002e+09 8.84239e+07 2.42956e+08 15 8 1.32636e+09 5.45926 284 4572.72
8.77917e+08 1.27436e+09 8.29825e+07 1.90177e+08 17 7 1.4107e+09 7.41782 83.7143 3765.57
2.84173e+08 1.6744e+09 8.79038e+07 1.64148e+08 18 8 1.58227e+09 9.63927 103.5 3728.22
2.18258e+08 7.73726e+08 9.09069e+07 4.56268e+07 13 8 1.18179e+09 25.9012 196 3724.63
3.7076e+08 1.61278e+09 8.23376e+07 3.18076e+07 15 8 1.23506e+09 38.8292 133.5 3216.65
2.62275e+08 1.45227e+09 7.86741e+07 9.71358e+06 18 8 1.41613e+09 145.789 241.875 4534.23
2.10906e+08 1.60657e+09 8.7906e+07 5.34528e+07 12 7 1.05487e+09 19.7347 121.429 3580.62
2.07386e+08 1.22305e+09 7.31686e+07 1.81991e+07 14 6 1.02436e+09 56.2863 205.333 4686.63
2.76127e+09 2.50117e+09 6.93598e+07 2.11063e+07 13 10 9.01677e+08 42.7208 182.4 2977.22
1.06487e+18 0 3.09505e+07 1.3249e+15 14 9 4.33307e+08 3.2705e-07 70.8889 3119.32
5.36933e+08 2.35204e+09 8.3244e+07 2.90692e+08 14 5 1.16542e+09 4.0091 66.8 5081.2
4.51846e+08 1.49556e+09 8.48337e+07 4.71907e+07 17 6 1.44217e+09 30.5605 60.8333 4455.38
7.6739e+08 2.13569e+09 7.80633e+07 1.30868e+07 17 6 1.32708e+09 101.406 374.833 5637.78
3.5551e+08 1.58187e+09 8.32268e+07 2.48767e+07 18 8 1.49808e+09 60.2204 107.5 3762.54
2.44839e+08 1.69784e+09 8.67945e+07 6.40669e+07 15 7 1.30192e+09 20.3212 140.857 3889.05
1.5172e+08 1.06355e+09 8.58377e+07 6.5287e+07 16 7 1.3734e+09 21.0364 239.714 4716.22
4.55597e+09 2.98723e+09 8.18291e+07 6.44507e+06 16 8 1.30927e+09 203.142 169.875 4172.07
1.96224e+08 1.29011e+09 8.89605e+07 1.04783e+08 14 7 1.24545e+09 11.886 85.4286 3777.58
1.74196e+08 1.08338e+09 8.14925e+07 1.10796e+08 14 6 1.14089e+09 10.2972 485.5 17248.3
2.60167e+08 1.62848e+09 9.00254e+07 1.51569e+08 17 7 1.53043e+09 10.0973 93.4286 4513.49
5.38818e+09 3.62467e+09 8.07508e+07 1.04208e+07 13 6 1.04976e+09 100.737 247.333 4373.17
2.52913e+09 1.95244e+09 8.06763e+07 8.61517e+07 15 6 1.21014e+09 14.0467 452 6084.13
9.75437e+08 2.01041e+09 7.88285e+07 6.71109e+07 15 9 1.18243e+09 17.619 166.222 3306.27
7.10254e+08 1.37366e+09 8.54923e+07 9.23502e+07 11 10 9.40415e+08 10.1831 163.6 3026.37
5.57563e+08 1.81934e+09 8.34836e+07 4.4655e+07 14 7 1.16877e+09 26.1733 319.429 4974.93
2.11126e+09 2.10463e+09 8.40819e+07 1.70074e+08 17 8 1.42939e+09 8.40453 183.5 4509.63
5.61035e+08 1.44582e+09 8.13713e+07 2.93494e+07 13 6 1.05783e+09 36.0426 154.833 4179.51
1.92566e+08 1.42386e+09 8.3513e+07 3.27416e+07 12 6 1.00216e+09 30.6081 154.833 5021.21
1.64109e+08 1.26422e+09 8.75825e+07 1.87388e+07 15 8 1.31374e+09 70.1078 161.5 3653.94
2.35234e+09 2.89453e+09 6.73589e+07 1.92343e+06 15 11 1.01038e+09 525.304 184.545 2927.55
1.22428e+08 8.64811e+08 8.48642e+07 6.25642e+07 14 7 1.1881e+09 18.9901 575.429 8218.96
2.42366e+08 1.80334e+09 9.10783e+07 1.49064e+08 10 8 9.10783e+08 6.11 416.875 5377.49
1.84973e+08 1.19421e+09 8.31576e+07 1.63372e+07 15 8 1.24736e+09 76.3511 112 3516.21
2.72227e+09 3.10575e+09 8.16663e+07 1.82428e+07 13 7 1.06166e+09 58.1961 219.429 4083.99
2.72939e+08 1.10573e+09 8.72082e+07 7.9318e+07 13 5 1.13371e+09 14.2932 618.8 1.4398e+06
1.75575e+18 0 5.80732e+07 1.07695e+17 13 8 7.54952e+08 7.01007e-09 277.5 4702.8
2.84286e+08 1.50011e+09 8.55854e+07 3.16569e+07 17 8 1.45495e+09 45.96 204 4198.02
3.49488e+08 9.14984e+08 8.79437e+07 1.43244e+08 18 6 1.58299e+09 11.051 122.833 6115.9
1.82778e+08 1.22922e+09 8.34165e+07 1.8224e+07 16 8 1.33466e+09 73.2368 114.875 3742.32
9.98155e+07 1.01803e+09 8.39598e+07 2.80866e+07 17 6 1.42732e+09 50.8185 250 5291.05
4.24868e+08 1.29757e+09 7.10675e+07 1.0604e+07 17 5 1.20815e+09 113.933 146.8 4935.17
3.11627e+08 1.40817e+09 8.82089e+07 1.44923e+08 16 7 1.41134e+09 9.73857 187.714 4431.58
2.55735e+08 1.12155e+09 8.37004e+07 6.15757e+07 14 7 1.17181e+09 19.0303 196.857 4246.87
1.73511e+09 2.00736e+09 8.24175e+07 1.54025e+07 15 8 1.23626e+09 80.2638 131.5 3510.42
1.67583e+08 1.32526e+09 8.37859e+07 4.22792e+07 16 9 1.34058e+09 31.7076 260 3685.62
1.16134e+08 1.55652e+09 6.49054e+07 1.58661e+06 13 10 8.4377e+08 531.808 116.9 2435.11
3.0443e+09 2.59402e+09 8.19888e+07 2.02506e+07 16 7 1.31182e+09 64.7794 60 3016.96
1.78035e+08 2.67245e+09 8.08636e+07 7.06709e+07 17 5 1.37468e+09 19.4519 122 5263.04
1.52705e+09 2.42373e+09 8.09455e+07 2.8076e+06 16 10 1.29513e+09 461.294 119.6 2890.87
3.62536e+08 1.24202e+09 8.59625e+07 2.57736e+08 16 5 1.3754e+09 5.33647 89.2 5162.14
2.20686e+08 1.43012e+09 7.68559e+07 3.93267e+06 17 7 1.30655e+09 332.229 189.714 4249.9
1.43226e+08 1.12463e+09 8.39989e+07 3.15309e+07 12 8 1.00799e+09 31.9683 206.875 3451.33
2.84295e+08 1.76089e+09 7.30708e+07 460509 13 6 9.4992e+08 2062.76 437.333 5414.23
2.67097e+08 2.21349e+09 8.9803e+07 2.82017e+08 12 7 1.07764e+09 3.82117 203.429 3778.28
2.18812e+09 1.82798e+09 8.58045e+07 1.66097e+08 11 6 9.4385e+08 5.68251 283.333 4926.89
9.49931e+07 1.13366e+09 8.49717e+07 1.67083e+07 13 8 1.10463e+09 66.1128 345.5 5199.15
2.27839e+09 2.64021e+09 7.31629e+07 9.71701e+07 8 6 5.85304e+08 6.02349 471.333 5899.98
4.53478e+08 2.01863e+09 8.74551e+07 1.36093e+08 16 6 1.39928e+09 10.2818 68.8333 4820.44
2.71402e+07 6.35619e+08 6.65151e+07 7.46303e+06 13 8 8.64696e+08 115.864 176.875 3686.92
1.56719e+08 8.26773e+08 8.57721e+07 2.05587e+07 15 7 1.28658e+09 62.5809 149.429 4199.49
1.0509e+08 1.30201e+09 9.12448e+07 1.39728e+08 13 9 1.18618e+09 8.48921 226 3427.63
9.52949e+08 1.73664e+09 7.95727e+07 7.05747e+06 12 9 9.54872e+08 135.299 220.222 3374.69
3.07118e+08 2.55231e+09 7.56155e+07 4.45005e+06 17 6 1.28546e+09 288.865 201.333 4554.85
3.59024e+08 1.96983e+09 7.53683e+07 5.27816e+07 18 6 1.35663e+09 25.7027 163.5 4539.6
3.7589e+08 1.53666e+09 8.85883e+07 3.56181e+08 16 6 1.41741e+09 3.97947 95.3333 4274.75
5.66487e+07 1.10671e+09 7.97239e+07 1.25234e+07 14 5 1.11613e+09 89.1238 307.2 6828.55
2.5651e+08 1.45547e+09 8.69295e+07 4.70599e+06 14 6 1.21701e+09 258.609 113.5 4513.74
2.91426e+08 1.76209e+09 7.97764e+07 5.95368e+07 15 5 1.19665e+09 20.0993 90.8 4433.71
9.9745e+08 1.54743e+09 8.12726e+07 8.90158e+06 15 8 1.21909e+09 136.952 98 3381.4
9.57642e+06 1.03782e+09 7.2691e+07 1.68434e+07 11 6 7.99601e+08 47.4726 602.833 9100.73
2.96518e+08 1.47965e+09 9.52658e+07 1.41915e+08 11 6 1.04792e+09 7.38418 203.333 5525.88
3.56458e+08 1.96962e+09 8.65615e+07 1.88532e+08 16 8 1.38498e+09 7.34613 53.5 3424.29
2.48153e+08 1.43632e+09 8.7945e+07 4.27931e+07 14 6 1.23123e+09 28.7717 234.833 5358.74
1.01871e+09 1.37335e+09 7.93807e+07 1.51151e+07 13 10 1.03195e+09 68.2728 108.9 2870.47
