2.88533e+08 1.08225e+09 8.62087e+07 1.99656e+08 18 7 1.55176e+09 7.77216 70.8571 172031
8.31226e+08 2.08446e+09 7.89325e+07 1.94777e+08 17 7 1.34185e+09 6.88917 137.429 204634
2.63579e+08 3.36258e+09 7.53142e+07 1.02894e+08 15 6 1.12971e+09 10.9793 37.5 282560
3.27773e+08 1.03524e+09 7.44622e+07 1.76033e+06 15 9 1.11693e+09 634.503 90 201290
7.65026e+08 1.76305e+09 7.78887e+07 1.28985e+08 18 7 1.402e+09 10.8695 119.714 190295
2.6727e+08 1.47951e+09 8.30978e+07 6.93308e+06 13 6 1.08027e+09 155.814 93.3333 172573
4.80076e+08 1.80104e+09 8.95847e+07 2.4464e+08 15 7 1.34377e+09 5.49285 90.8571 196933
2.47166e+08 1.88108e+09 7.33449e+07 1.93077e+07 18 8 1.32021e+09 68.3773 37.875 218950
3.49774e+08 3.26821e+09 7.20276e+07 1.53124e+07 14 6 1.00839e+09 65.8544 61.5 238326
1.5863e+08 1.92818e+09 8.52982e+07 2.63432e+07 15 7 1.27947e+09 48.5694 25.7143 308836
1.98498e+09 2.33667e+09 8.37007e+07 1.04026e+08 15 7 1.25551e+09 12.0692 155.429 281201
2.25943e+08 1.52277e+09 8.03058e+07 1.59348e+07 14 9 1.12428e+09 70.5551 124.889 145201
7.44532e+08 1.73976e+09 8.35095e+07 1.4269e+08 13 8 1.08562e+09 7.60829 114.875 165640
7.77282e+07 1.27228e+09 7.7902e+07 897952 15 9 1.16853e+09 1301.33 51.5556 231876
1.42008e+08 1.46402e+09 8.41054e+07 2.13004e+07 18 8 1.5139e+09 71.0738 57.5 204873
3.71573e+08 2.091e+09 6.04366e+07 1.53754e+07 15 8 9.0655e+08 58.9609 73.875 158525
1.91282e+08 1.38559e+09 8.34332e+07 4.30703e+07 12 8 1.0012e+09 23.2456 144 207750
1.44793e+08 9.81906e+08 7.36667e+07 2.33798e+07 13 7 9.57668e+08 40.9614 114.857 199206
1.66601e+18 0 2.70567e+06 8.33004e+18 8 5 2.16454e+07 2.59847e-12 105.2 157150
2.51881e+08 2.03744e+09 9.15974e+07 1.59328e+08 10 5 9.15974e+08 5.74899 182 212132
1.42169e+08 2.64291e+09 8.26997e+07 1.02475e+07 10 6 8.26997e+08 80.7026 403.333 176793
6.73087e+07 2.58511e+09 8.08147e+07 6.21232e+06 15 6 1.21222e+09 195.132 67.3333 247881
2.65604e+08 2.49364e+09 6.92492e+07 9.20399e+06 15 5 1.03874e+09 112.857 94.8 411096
9.18351e+09 5.87235e+09 7.32748e+07 1.20133e+08 15 7 1.09912e+09 9.14918 185.714 205363
1.99963e+08 1.13256e+09 7.41094e+07 1.65341e+07 20 7 1.48219e+09 89.6444 108.857 125497
3.84035e+07 1.70488e+09 7.01744e+07 5.67925e+06 12 7 8.42093e+08 148.275 55.7143 157018
3.53563e+09 3.5721e+09 8.10011e+07 2.05858e+08 15 9 1.21502e+09 5.90221 104.889 199799
3.72434e+18 0 5.08187e+07 1.76595e+17 12 7 6.09824e+08 3.45323e-09 81.4286 145014
1.26018e+08 9.42783e+08 8.75899e+07 2.6012e+07 16 7 1.40144e+09 53.8767 97.4286 246399
3.20699e+09 3.54614e+09 6.12553e+07 4.28027e+07 12 8 7.35064e+08 17.1733 70 139535
6.40821e+08 1.98271e+09 7.84794e+07 1.28353e+08 16 8 1.25567e+09 9.78298 294 220778
8.34645e+09 7.02755e+09 7.05087e+07 9.18006e+07 13 9 9.16613e+08 9.98483 101.556 136806
2.48823e+09 2.55512e+09 7.53252e+07 4.10555e+07 14 6 1.05455e+09 25.686 155.333 221906
2.31643e+08 1.53081e+09 8.4969e+07 4.346e+07 16 8 1.3595e+09 31.2818 81.875 201562
9.36451e+08 1.98278e+09 8.15871e+07 2.57145e+08 17 8 1.38698e+09 5.39378 138 211815
2.38922e+08 1.28309e+09 8.22883e+07 2.8466e+07 16 6 1.31661e+09 46.2522 58.8333 225303
1.93481e+08 1.25249e+09 8.28075e+07 2.22681e+07 16 6 1.32492e+09 59.4985 50.8333 172556
8.13026e+07 1.51848e+09 7.17785e+07 2.23942e+06 15 5 1.07668e+09 480.784 44 239549
1.13272e+09 2.08089e+09 8.16144e+07 3.02823e+07 16 9 1.30583e+09 43.1219 98 133369
2.94655e+08 1.82846e+09 8.03165e+07 1.0182e+07 16 7 1.28506e+09 126.21 82.8571 158758
2.45605e+08 1.75305e+09 8.47209e+07 6.82613e+07 17 8 1.44026e+09 21.0992 133.875 301840
1.28434e+08 1.53339e+09 8.49913e+07 5.06874e+06 11 7 9.34904e+08 184.445 127.714 156270
4.57325e+08 2.41657e+09 7.85942e+07 1.78796e+07 18 6 1.4147e+09 79.1237 73.5 195011
1.40982e+09 4.07071e+09 7.23689e+07 1.26072e+07 17 9 1.23027e+09 97.5849 65.5556 233599
8.90845e+07 1.29728e+09 8.4636e+07 6.7791e+07 14 8 1.1849e+09 17.4788 191.875 150267
2.04549e+08 1.86405e+09 7.89537e+07 1.50057e+07 14 6 1.10535e+09 73.6621 216.833 183159
2.09163e+08 1.69536e+09 7.95777e+07 9.71142e+07 16 5 1.27324e+09 13.1108 132.8 226925
6.14948e+07 1.38048e+09 8.38715e+07 4.3666e+07 14 7 1.1742e+09 26.8905 174.857 280534
1.8009e+08 1.91266e+09 7.48517e+07 3.49295e+07 14 7 1.04792e+09 30.0011 132.857 146946
3.94568e+09 2.71954e+09 7.61928e+07 9.35879e+06 15 6 1.14289e+09 122.12 69.3333 178317
2.55911e+09 2.60417e+09 7.07382e+07 4.4598e+06 14 10 9.90335e+08 222.058 145.6 176442
1.28246e+08 1.37969e+09 8.59938e+07 2.72908e+07 14 8 1.20391e+09 44.1144 136 221768
3.69985e+08 1.13112e+09 8.01651e+07 2.82548e+08 15 5 1.20248e+09 4.25583 165.2 264453
1.75461e+09 1.48388e+09 6.96436e+07 1.1974e+08 16 8 1.1143e+09 9.306 158 156232
3.48147e+09 3.24451e+09 8.18041e+07 1.37282e+08 16 7 1.30887e+09 9.53414 62.8571 253228
1.17078e+08 1.95747e+09 8.84642e+07 7.63355e+06 14 6 1.2385e+09 162.244 44 281408
1.46495e+18 0 1.68346e+06 1.17196e+19 13 8 2.1885e+07 1.86738e-12 53.875 146417
5.82173e+08 1.63579e+09 8.26677e+07 1.85838e+07 16 8 1.32268e+09 71.1739 49.5 211577
1.79305e+08 1.14565e+09 7.49151e+07 2.4737e+07 16 6 1.19864e+09 48.4555 161.333 305377
2.51941e+08 1.66072e+09 7.73733e+07 1.84343e+07 14 6 1.08323e+09 58.7616 227.5 224944
1.15018e+07 1.8393e+09 7.73163e+07 6.58273e+06 13 5 1.00511e+09 152.689 95.2 176913
1.60807e+08 1.07053e+09 8.21029e+07 1.55117e+07 14 8 1.14944e+09 74.1015 105.5 153785
5.75025e+08 1.70919e+09 7.51044e+07 1.86433e+07 13 7 9.76358e+08 52.3704 224 192882
6.13709e+07 1.6687e+09 8.6305e+07 3.2637e+07 13 7 1.12196e+09 34.3771 91.7143 235626
2.09013e+08 1.40443e+09 7.93131e+07 1.74015e+07 14 7 1.11038e+09 63.8097 91.7143 230082
3.86607e+09 2.63545e+09 7.61631e+07 1.34382e+08 16 8 1.21861e+09 9.06826 92 136152
1.44554e+09 1.9656e+09 7.27542e+07 8.6643e+07 17 9 1.23682e+09 14.2749 122.222 175129
3.96737e+09 3.92595e+09 8.04663e+07 1.00428e+07 16 9 1.28746e+09 128.198 64.8889 222274
1.33806e+08 1.36436e+09 8.69941e+07 1.92846e+08 12 6 1.04393e+09 5.41328 232 244416
1.86883e+08 1.19932e+09 8.3104e+07 4.0683e+07 13 6 1.08035e+09 26.5554 128.833 200478
8.14991e+07 1.64119e+09 8.04085e+07 1.82123e+07 14 6 1.12572e+09 61.8109 258.833 122744
2.16812e+08 2.39874e+09 8.32196e+07 4.44101e+07 11 5 9.15415e+08 20.6128 86.8 302498
3.99044e+08 1.46125e+09 8.26247e+07 5.76013e+07 13 6 1.07412e+09 18.6475 299.5 200142
4.48115e+09 3.31989e+09 6.80999e+07 7.75063e+06 18 9 1.2258e+09 158.155 73.5556 246221
1.99314e+08 2.12392e+09 8.82348e+07 5.12147e+07 10 6 8.82348e+08 17.2284 221.5 301394
8.53085e+08 2.21402e+09 8.07029e+07 3.27927e+07 15 7 1.21054e+09 36.9151 69.4286 215462
9.54861e+07 1.03818e+09 7.33017e+07 1.53018e+07 19 6 1.39273e+09 91.0174 211.333 97584
2.86875e+08 1.30472e+09 8.66097e+07 1.15105e+08 17 7 1.47236e+09 12.7915 126 252031
1.55762e+08 1.46992e+09 7.71873e+07 3.11474e+07 13 6 1.00343e+09 32.2157 104.833 277566
3.98184e+08 1.51812e+09 8.23233e+07 1.76842e+08 16 5 1.31717e+09 7.4483 61.2 287604
3.04952e+08 1.85067e+09 8.60506e+07 2.00622e+07 17 8 1.46286e+09 72.9162 58.875 199892
3.27463e+08 1.38256e+09 8.39115e+07 1.20242e+08 14 5 1.17476e+09 9.76995 58 141373
3.09463e+08 2.25821e+09 8.32215e+07 7.21522e+07 15 6 1.24832e+09 17.3012 80.8333 185374
2.08228e+08 1.54667e+09 7.26837e+07 8.5025e+06 14 6 1.01757e+09 119.679 115.333 168387
5.93446e+08 4.61574e+09 7.82897e+07 2.76034e+07 16 9 1.25264e+09 45.3797 80 318650
3.15253e+08 2.79245e+09 8.14468e+07 2.23079e+07 14 7 1.14026e+09 51.1144 200 250982
2.72863e+09 3.10555e+09 7.25932e+07 1.70747e+07 15 8 1.0889e+09 63.7727 99.875 183155
8.28889e+07 1.4523e+09 6.95953e+07 2.60615e+07 12 6 8.35144e+08 32.0451 88 119766
3.23919e+08 2.04193e+09 8.55232e+07 7.35883e+07 16 7 1.36837e+09 18.5949 113.429 253981
6.59869e+08 1.30196e+09 8.42595e+07 3.11516e+07 14 8 1.17963e+09 37.8675 182.875 201648
1.95709e+08 1.62426e+09 8.0896e+07 1.71486e+07 11 5 8.89856e+08 51.8908 221.2 242231
3.62035e+08 1.15024e+09 8.87966e+07 7.38859e+07 15 6 1.33195e+09 18.0271 58.8333 223723
1.57056e+09 1.80542e+09 6.96985e+07 8.09356e+06 16 7 1.11518e+09 137.785 41.7143 211047
4.27488e+08 1.99474e+09 8.51371e+07 2.4871e+08 12 5 1.02165e+09 4.10778 244.8 201739
1.21888e+08 1.33718e+09 7.40354e+07 1.88982e+07 13 7 9.6246e+08 50.9288 264 202151
2.81637e+18 0 5.50995e+07 8.13477e+16 13 7 7.16294e+08 8.80534e-09 70.8571 204160
6.72301e+08 3.79205e+09 6.83773e+07 3.53016e+06 12 10 8.20527e+08 232.433 70.5 112080
1.177e+09 2.86709e+09 7.43892e+07 6.69965e+06 17 7 1.26462e+09 188.759 81.7143 276973
5.11745e+08 1.97859e+09 8.24973e+07 1.25374e+07 15 8 1.23746e+09 98.7017 76.875 212635
2.21412e+08 2.06186e+09 8.70171e+07 4.40331e+06 11 7 9.57189e+08 217.379 114.857 138086
6.44284e+08 9.45933e+08 7.86076e+07 9.78182e+07 18 8 1.41494e+09 14.465 62.875 179626
3.42602e+09 2.88845e+09 6.76867e+07 1.90907e+06 16 8 1.08299e+09 567.286 77.5 210175
3.05387e+08 1.35249e+09 6.93868e+07 3.45412e+07 18 6 1.24896e+09 36.1587 53.3333 151239
5.85735e+08 1.38797e+09 6.93855e+07 1.22554e+07 17 9 1.17955e+09 96.2479 280.889 169305
5.04933e+08 2.0387e+09 7.87966e+07 2.8643e+07 15 7 1.18195e+09 41.2649 170.857 236764
1.47006e+08 1.63111e+09 8.3142e+07 1.33809e+07 16 7 1.33027e+09 99.4157 208.857 203801
2.19395e+18 0 6.13533e+07 6.7915e+15 14 9 8.58946e+08 1.26474e-07 85.5556 185413
1.46755e+08 1.49456e+09 7.51917e+07 2.98959e+07 15 6 1.12788e+09 37.7267 77.3333 214307
2.35593e+08 1.36889e+09 7.29092e+07 2.38741e+07 17 9 1.23946e+09 51.9165 116.222 174140
7.26991e+07 9.6092e+08 6.78328e+07 4.96088e+06 15 7 1.01749e+09 205.103 77.7143 185269
4.74696e+08 2.49954e+09 8.52935e+07 7.30621e+07 16 6 1.3647e+09 18.6786 60 246503
7.73737e+07 4.00972e+09 6.39976e+07 5.33399e+06 16 7 1.02396e+09 191.969 127.429 282331
1.80288e+08 1.72951e+09 8.57987e+07 4.0781e+07 10 5 8.57987e+08 21.0389 195.2 466979
1.56971e+08 1.21869e+09 8.1554e+07 6.39562e+07 18 6 1.46797e+09 22.9528 69.5 178868
2.49194e+08 2.29668e+09 7.54842e+07 2.13641e+08 16 6 1.20775e+09 5.65317 120 208027
3.6779e+08 2.16348e+09 7.34398e+07 4.43069e+06 15 5 1.1016e+09 248.629 75.2 262278
4.76744e+09 3.99916e+09 7.76296e+07 1.80356e+07 13 8 1.00919e+09 55.9553 38 142287
6.37297e+07 8.30188e+08 7.14115e+07 8.22866e+06 14 8 9.9976e+08 121.497 132.875 127440
2.35194e+08 1.52441e+09 8.9558e+07 1.27109e+07 15 7 1.34337e+09 105.686 76 266351
7.1798e+08 1.16069e+09 7.13175e+07 6.31444e+06 19 7 1.35503e+09 214.593 182.857 79462.8
2.28038e+08 1.44154e+09 7.6253e+07 1.69589e+07 16 5 1.22005e+09 71.9414 141.2 168541
1.54879e+08 1.60104e+09 8.09105e+07 5.33798e+06 11 5 8.90016e+08 166.733 36.8 156295
4.12742e+08 2.37728e+09 8.6417e+07 2.25917e+08 17 8 1.46909e+09 6.5028 78 177817
2.0805e+08 1.29276e+09 8.38752e+07 4.48454e+07 17 5 1.42588e+09 31.7954 191.2 330432
3.27479e+08 1.47024e+09 7.98437e+07 2.43677e+08 14 4 1.11781e+09 4.58727 120.75 101567
4.01189e+09 3.89106e+09 8.1772e+07 2.68727e+08 14 8 1.14481e+09 4.26012 147.875 148093
2.13422e+09 3.17448e+09 6.36397e+07 1.00719e+07 13 5 8.27316e+08 82.1407 128.8 225220
3.88912e+08 2.04332e+09 8.61122e+07 3.87845e+07 16 7 1.3778e+09 35.5244 108.857 205130
1.8583e+09 3.14413e+09 7.56656e+07 4.76793e+07 12 6 9.07987e+08 19.0437 265.333 184110
5.60202e+09 3.86342e+09 7.45322e+07 1.28319e+07 14 7 1.04345e+09 81.3169 29.4286 151720
2.02719e+08 1.71999e+09 8.34515e+07 8.98742e+06 16 5 1.33522e+09 148.566 147.2 153910
2.56616e+08 1.34485e+09 8.23582e+07 1.53333e+07 16 8 1.31773e+09 85.9394 88.875 231206
1.68756e+09 1.90234e+09 8.1418e+07 5.81275e+07 17 8 1.38411e+09 23.8115 84 133147
4.18293e+18 0 7.02077e+07 2.15604e+17 9 7 6.31869e+08 2.9307e-09 56.8571 295306
2.34956e+08 2.17135e+09 7.17718e+07 7.04153e+06 12 6 8.61262e+08 122.312 200 270289
1.05039e+08 1.63558e+09 8.26478e+07 3.36793e+07 16 8 1.32236e+09 39.2634 65.5 199191
1.0038e+09 3.39706e+09 7.39731e+07 2.96231e+06 14 6 1.03562e+09 349.6 137.5 281916
5.11643e+08 1.71672e+09 6.59425e+07 7.51298e+06 15 7 9.89137e+08 131.657 217.429 267158
3.29094e+08 2.84911e+09 8.38059e+07 2.40365e+07 12 6 1.00567e+09 41.8393 124.833 169246
3.84033e+08 2.50144e+09 8.4887e+07 1.64404e+07 14 6 1.18842e+09 72.2866 14 255933
2.00587e+09 2.70305e+09 7.47071e+07 8.49619e+06 15 8 1.12061e+09 131.895 127.5 131505
7.82426e+07 1.02278e+09 7.90841e+07 1.41674e+07 15 9 1.18626e+09 83.7318 78.2222 127196
3.69394e+09 2.77241e+09 8.02887e+07 3.09146e+07 14 7 1.12404e+09 36.3595 59.4286 229908
3.43897e+08 2.07087e+09 8.70664e+07 1.39162e+08 14 8 1.21893e+09 8.75906 306.875 146168
4.01657e+09 3.13218e+09 8.07884e+07 1.32334e+08 17 6 1.3734e+09 10.3783 169.333 180417
3.97291e+08 2.56862e+09 8.60024e+07 4.55603e+07 16 8 1.37604e+09 30.2026 92.875 222577
3.37324e+08 1.69658e+09 7.64776e+07 2.02831e+07 16 5 1.22364e+09 60.3282 68 227588
2.10488e+08 1.69224e+09 8.5166e+07 1.83295e+08 18 9 1.53299e+09 8.36349 78.2222 331430
4.19418e+08 1.09086e+09 7.85828e+07 6.80748e+07 14 7 1.10016e+09 16.161 181.429 172116
1.00236e+08 2.31053e+09 7.68837e+07 5.23428e+06 12 4 9.22604e+08 176.262 32.75 131750
3.22362e+08 1.94824e+09 8.37959e+07 5.94261e+07 16 8 1.34073e+09 22.5614 121.875 189308
1.68238e+08 1.94187e+09 8.8989e+07 2.08681e+07 14 6 1.24585e+09 59.701 32 182753
1.44469e+08 1.67605e+09 8.37517e+07 6.92023e+06 14 8 1.17252e+09 169.434 142 183932
1.65837e+08 1.58898e+09 7.88668e+07 2.25315e+07 17 7 1.34073e+09 59.5048 74.8571 195827
3.27247e+08 1.96542e+09 8.23026e+07 4.17475e+07 14 6 1.15224e+09 27.6001 105.333 240070
1.98863e+08 1.15961e+09 8.44748e+07 3.90714e+07 16 5 1.3516e+09 34.593 146 180844
2.33439e+08 2.21751e+09 8.02609e+07 8.18146e+06 15 7 1.20391e+09 147.152 103.714 195196
2.68021e+08 1.43397e+09 8.5166e+07 9.34223e+07 18 7 1.53299e+09 16.4092 56.8571 303344
3.3453e+09 2.90214e+09 6.65164e+07 1.50665e+07 14 7 9.3123e+08 61.8081 293.714 191988
3.89666e+08 2.23966e+09 8.03315e+07 7.20799e+07 12 6 9.63978e+08 13.3737 114 312507
5.2457e+08 2.11452e+09 7.91768e+07 3.60675e+07 17 5 1.34601e+09 37.3191 198 193062
9.77733e+07 1.36097e+09 8.31593e+07 5.05261e+07 13 7 1.08107e+09 21.3963 96.8571 276007
9.21526e+08 4.72916e+09 6.49681e+07 4.10991e+07 15 5 9.74521e+08 23.7115 153.2 395353
1.60681e+09 2.40251e+09 7.28381e+07 9.14112e+06 15 7 1.09257e+09 119.523 173.429 147267
7.10247e+17 0 5.2168e+07 3.3162e+17 7 9 3.65176e+08 1.10119e-09 82.8889 207658
2.59476e+08 1.11571e+09 8.46845e+07 1.85231e+07 16 7 1.35495e+09 73.1491 81.4286 207332
7.06346e+08 1.5259e+09 7.39966e+07 1.79395e+07 16 7 1.18395e+09 65.9966 167.714 220789
1.12612e+09 2.06768e+09 8.30921e+07 1.33834e+08 16 7 1.32947e+09 9.93377 109.429 258103
1.50537e+08 1.18349e+09 7.9987e+07 3.66119e+07 16 6 1.27979e+09 34.9556 171.333 117672
2.85982e+09 2.79472e+09 8.03442e+07 5.26233e+08 11 5 8.83786e+08 1.67946 67.2 266219
2.92778e+09 2.42736e+09 6.85549e+07 3.2337e+07 13 6 8.91214e+08 27.5602 127.5 146019
4.03591e+07 1.59018e+09 8.5666e+07 6.29632e+06 13 7 1.11366e+09 176.874 147.714 164862
6.68873e+08 1.38551e+09 6.71631e+07 1.06116e+07 17 9 1.14177e+09 107.597 135.556 152266
2.57869e+08 2.02327e+10 7.4401e+07 9.81451e+06 16 6 1.19042e+09 121.291 113.333 205941
1.09168e+08 1.57976e+09 8.49768e+07 6.86789e+07 11 3 9.34744e+08 13.6104 10.6667 325008
1.68041e+08 1.91111e+09 8.16593e+07 2.80068e+07 16 7 1.30655e+09 46.6511 91.7143 252035
6.8498e+08 3.70741e+09 5.78047e+07 7.9046e+08 14 7 8.09265e+08 1.02379 62.8571 273138
2.31216e+08 3.70305e+09 6.6863e+07 2.13631e+07 16 8 1.06981e+09 50.0774 89.875 214959
2.57567e+08 1.22596e+09 7.76939e+07 2.52233e+07 11 7 8.54633e+08 33.8827 228 167657
2.39383e+08 2.14407e+09 7.56021e+07 2.8731e+07 13 4 9.82827e+08 34.2079 62.75 152226
5.74606e+08 1.13623e+09 7.53765e+07 1.00581e+08 14 7 1.05527e+09 10.4918 260.857 143821
1.29825e+08 6.64648e+09 6.85676e+07 5.68571e+06 15 6 1.02851e+09 180.894 27.3333 212986
1.82692e+08 1.61905e+09 8.54383e+07 8.70508e+07 16 6 1.36701e+09 15.7036 137.5 297983
3.03196e+08 1.72819e+09 8.265e+07 4.25524e+07 18 7 1.4877e+09 34.9616 76 302625
7.80022e+07 1.09381e+09 7.54977e+07 6.48759e+06 13 10 9.8147e+08 151.284 124.5 118367
2.14081e+08 2.20296e+09 7.97467e+07 1.15716e+07 14 7 1.11645e+09 96.4826 139.429 227479
7.7172e+07 2.95771e+09 7.92183e+07 1.18619e+07 16 7 1.26749e+09 106.854 25.4286 155106
2.24551e+08 1.5752e+09 8.06017e+07 5.81875e+06 15 7 1.20903e+09 207.781 52 269279
2.12761e+09 3.02744e+09 7.39801e+07 9.64604e+07 13 8 9.61741e+08 9.97032 160 199120
2.67237e+08 1.76387e+09 8.3374e+07 5.93814e+07 19 8 1.58411e+09 26.6768 76.875 215776
1.60277e+08 1.12718e+09 9.08236e+07 6.77669e+07 9 6 8.17412e+08 12.0621 226.833 127934
1.90649e+08 1.65501e+09 7.19223e+07 5.10331e+06 15 6 1.07883e+09 211.399 145.333 196625
4.73978e+08 1.71277e+09 8.29073e+07 5.21756e+07 16 9 1.32652e+09 25.4241 118.889 200423
3.11666e+08 1.69398e+09 7.98223e+07 9.64599e+06 16 6 1.27716e+09 132.403 43.3333 175073
3.59665e+09 3.59024e+09 7.05329e+07 1.72124e+07 14 7 9.8746e+08 57.3692 72 162265
1.02943e+09 1.82591e+09 8.15004e+07 1.40129e+07 13 8 1.0595e+09 75.6091 58.875 209827
5.5283e+07 1.93126e+09 7.00137e+07 4.32793e+06 14 6 9.80192e+08 226.481 210.833 255747
2.78517e+09 2.77362e+09 8.05173e+07 2.76503e+07 13 7 1.04673e+09 37.8558 251.714 163740
5.31003e+08 2.23867e+09 8.46024e+07 3.12611e+08 18 9 1.52284e+09 4.87137 78 251627
7.674e+07 1.54108e+09 8.32268e+07 2.47688e+07 13 5 1.08195e+09 43.6819 350 230821
6.38913e+09 4.75595e+09 6.39149e+07 1.26823e+07 14 8 8.94808e+08 70.5556 97.875 136891
9.92839e+07 1.11234e+09 8.50411e+07 1.2976e+07 14 7 1.19058e+09 91.752 185.429 204988
7.63866e+08 2.01094e+09 8.35713e+07 3.5328e+07 16 10 1.33714e+09 37.8493 136.5 159892
2.414e+08 1.60699e+09 8.47744e+07 6.84723e+07 16 7 1.35639e+09 19.8093 37.4286 308072
3.50487e+07 1.22649e+09 7.49315e+07 1.11855e+07 14 7 1.04904e+09 93.7859 196.857 108765
2.83533e+08 2.07315e+09 8.37787e+07 8.36677e+07 11 5 9.21565e+08 11.0146 210.8 269788
1.91962e+08 1.49252e+09 8.0797e+07 4.33271e+07 19 6 1.53514e+09 35.4315 154.833 211974
3.44718e+08 2.00394e+09 8.35613e+07 2.59572e+08 16 8 1.33698e+09 5.15072 138 263886
5.70904e+08 2.80686e+09 8.52183e+07 4.2277e+08 15 6 1.27827e+09 3.02357 83.3333 311368
3.07355e+08 1.35938e+09 8.34771e+07 1.23068e+07 15 6 1.25216e+09 101.745 97.3333 187976
1.09348e+08 1.62789e+09 8.216e+07 1.06706e+08 14 6 1.15024e+09 10.7795 104.833 323289
1.30656e+09 1.48861e+09 5.98542e+07 1.14147e+07 16 6 9.57668e+08 83.898 53.3333 169257
1.87825e+08 1.48379e+09 8.2701e+07 1.7551e+08 12 5 9.92412e+08 5.65444 318.8 108808
7.55665e+08 1.92087e+09 8.38105e+07 7.12286e+08 13 4 1.08954e+09 1.52963 72.75 218805
2.01514e+08 1.21597e+09 8.54011e+07 3.77644e+07 18 8 1.53722e+09 40.7055 40.875 286758
4.19233e+08 1.16471e+09 7.27796e+07 1.27042e+07 15 10 1.09169e+09 85.9319 176.5 102962
1.38946e+08 2.42403e+09 8.23323e+07 5.06986e+07 15 6 1.23498e+09 24.3593 35.3333 259482
3.007e+08 2.16475e+09 8.11971e+07 1.03525e+07 17 6 1.38035e+09 133.334 13.3333 159491
2.60257e+09 2.51921e+09 7.90309e+07 4.39477e+07 15 8 1.18546e+09 26.9744 151.5 167291
1.2468e+09 1.84643e+09 7.21486e+07 2.67977e+06 10 8 7.21486e+08 269.234 199.875 240082
3.13482e+08 2.11207e+09 8.33681e+07 4.94149e+07 13 8 1.08379e+09 21.9324 172.875 364656
3.19275e+08 1.79332e+09 8.29355e+07 7.04308e+07 17 6 1.4099e+09 20.0183 62.8333 182132
2.95513e+08 1.94909e+09 8.7803e+07 1.31059e+08 17 7 1.49265e+09 11.3891 82.8571 336054
5.44686e+07 1.48567e+09 6.47604e+07 7.91103e+06 15 7 9.71406e+08 122.791 111.714 108451
7.3459e+07 1.66256e+09 8.16636e+07 1.78269e+07 14 7 1.14329e+09 64.1328 225.714 178258
2.65297e+09 2.78495e+09 6.71497e+07 3.593e+07 14 8 9.40096e+08 26.1647 161.875 145086
1.97869e+08 1.14939e+09 8.73908e+07 8.89088e+07 15 5 1.31086e+09 14.7439 79.2 137206
1.19332e+08 1.18747e+09 7.61874e+07 1.29264e+07 15 5 1.14281e+09 88.4089 61.2 260454
6.66466e+08 1.62772e+09 7.46744e+07 5.97364e+06 13 7 9.70767e+08 162.509 109.714 189614
1.73519e+09 2.11449e+09 8.26627e+07 6.08706e+06 16 7 1.3226e+09 217.281 94.8571 122020
6.36397e+07 1.07438e+09 7.32936e+07 4.68375e+06 11 8 8.0623e+08 172.133 166 156663
1.11714e+08 1.17025e+09 8.58056e+07 1.58589e+07 14 7 1.20128e+09 75.7476 210 133949
1.61045e+08 8.0569e+08 8.14624e+07 8.08535e+07 11 8 8.96086e+08 11.0828 99.875 208217
2.00938e+08 1.71055e+09 7.91534e+07 1.9332e+07 16 6 1.26645e+09 65.5108 82 160639
3.34846e+18 0 8.48332e+07 1.21325e+17 9 9 7.63498e+08 6.29299e-09 144.889 153089
7.8393e+07 3.45656e+09 7.35395e+07 7.04386e+06 14 6 1.02955e+09 146.163 67.3333 237082
1.56225e+08 1.11394e+09 8.62905e+07 1.12649e+08 14 10 1.20807e+09 10.7241 169.6 212492
1.03276e+08 1.33767e+09 8.3983e+07 3.7769e+07 15 8 1.25974e+09 33.3539 195.5 296162
2.00871e+08 1.22146e+09 7.6897e+07 1.98409e+07 16 7 1.23035e+09 62.0109 131.714 228102
4.45289e+08 1.42467e+09 7.8711e+07 1.84864e+08 13 9 1.02324e+09 5.53512 189.556 230596
8.60677e+09 6.89209e+09 6.11966e+07 2.61571e+08 11 6 6.73163e+08 2.57354 214.833 426339
1.95986e+08 1.45691e+09 7.87185e+07 1.05334e+08 18 6 1.41693e+09 13.4518 133.333 233768
1.64164e+08 1.22889e+09 8.16028e+07 2.44471e+07 15 6 1.22404e+09 50.0689 78.8333 212013
1.02227e+09 1.39079e+09 7.82947e+07 2.79034e+07 16 7 1.25272e+09 44.8947 283.714 209506
1.53987e+08 1.46644e+09 8.42081e+07 1.09719e+07 14 6 1.17891e+09 107.448 58.8333 173023
2.1625e+09 2.92182e+09 7.20202e+07 3.58359e+08 13 9 9.36262e+08 2.61264 188.889 159500
8.81833e+08 1.28715e+09 8.0394e+07 5.55371e+07 15 8 1.20591e+09 21.7136 190 84381.6
3.00113e+18 0 4.43168e+07 1.30142e+17 13 8 5.76118e+08 4.42684e-09 199.5 244859
1.87587e+08 1.33454e+11 8.37802e+07 4.97544e+07 14 5 1.17292e+09 23.5742 57.2 250150
2.413e+08 1.28343e+09 8.53035e+07 4.78328e+07 17 7 1.45016e+09 30.3173 121.429 226242
3.229e+08 2.47421e+09 7.99388e+07 1.13886e+07 12 6 9.59265e+08 84.2305 125.333 342598
1.92557e+08 1.26407e+09 8.418e+07 1.36441e+08 15 6 1.2627e+09 9.25454 153.333 191655
2.65968e+08 1.74931e+09 8.60623e+07 3.68579e+07 16 6 1.377e+09 37.3597 73.3333 231919
