1.79498e+18 0 1.28794e+07 1.56619e+15 12 8 1.54553e+08 9.86808e-08 14 1072.3
3.1785e+08 1.28093e+09 8.301e+07 3.67151e+07 14 8 1.16214e+09 31.653 14 1273.34
1.11576e+08 9.21746e+08 8.32382e+07 1.15599e+08 14 10 1.16534e+09 10.0808 12 878.138
5.47084e+07 2.68014e+08 7.9164e+07 1.44326e+07 15 10 1.18746e+09 82.2762 8 947.229
1.79262e+08 8.66092e+08 8.19348e+07 1.05047e+08 17 8 1.39289e+09 13.2598 26 1118.1
7.75316e+07 7.75778e+08 8.92971e+07 1.72541e+08 10 10 8.92971e+08 5.17542 26 909.186
6.29564e+07 5.24252e+08 7.12194e+07 7.00655e+06 12 8 8.54633e+08 121.976 26 1080.62
1.92521e+08 1.05937e+09 8.63476e+07 1.0446e+08 14 10 1.20887e+09 11.5725 16 907.656
8.9673e+08 9.79524e+08 6.82907e+07 2.20911e+07 16 7 1.09265e+09 49.4611 14.8571 1048.03
3.24483e+08 1.37421e+09 8.66514e+07 3.31239e+08 16 8 1.38642e+09 4.18556 18 1106.66
2.0219e+08 1.00061e+09 8.69808e+07 1.8318e+08 13 11 1.13075e+09 6.17291 9.63636 854.525
7.55168e+07 6.92488e+08 7.43943e+07 7.40879e+06 12 10 8.92732e+08 120.496 34.1 1064.39
1.13752e+08 5.62101e+08 8.09205e+07 1.16763e+07 16 9 1.29473e+09 110.885 7.55556 1005.02
1.09602e+08 8.20246e+08 8.39457e+07 2.74845e+07 14 9 1.17524e+09 42.76 13.5556 922.501
1.28198e+08 7.99599e+08 8.83215e+07 6.86035e+07 14 10 1.2365e+09 18.0239 10 901.929
1.34132e+08 9.98531e+08 7.51278e+07 2.22473e+07 15 10 1.12692e+09 50.654 8 897.306
1.81276e+08 1.1203e+09 7.66684e+07 1.72706e+07 18 7 1.38003e+09 79.9065 12.8571 1104.6
1.19442e+08 7.61984e+08 7.91866e+07 6.61742e+06 12 9 9.5024e+08 143.597 23.5556 1027.37
1.77033e+08 1.02415e+09 8.7897e+07 4.8965e+07 17 10 1.49425e+09 30.5167 8 977.208
1.56945e+08 8.77818e+08 7.58437e+07 2.07505e+07 16 8 1.2135e+09 58.4805 22 1129.99
1.09772e+09 1.42827e+09 8.24657e+07 1.11472e+08 17 7 1.40192e+09 12.5764 22.8571 1187.54
1.12417e+08 6.35844e+08 7.01633e+07 1.26351e+07 18 8 1.26294e+09 99.9545 14 1124.93
1.13015e+08 5.73659e+08 7.29782e+07 1.07677e+07 16 9 1.16765e+09 108.44 9.55556 1019.05
1.26011e+08 8.24696e+08 8.75584e+07 7.89217e+07 13 10 1.13826e+09 14.4226 16 926.482
1.59844e+08 1.31699e+09 8.9919e+07 9.34729e+07 14 11 1.25887e+09 13.4677 7.63636 852.747
1.29387e+08 9.08252e+08 8.45504e+07 1.57253e+08 14 10 1.18371e+09 7.52738 12 881.281
1.46869e+08 1.00584e+09 8.66564e+07 9.01514e+07 16 10 1.3865e+09 15.3797 10 902.383
1.19498e+08 7.6174e+08 8.52864e+07 2.77457e+07 14 8 1.19401e+09 43.034 26 1101.57
7.6118e+07 7.05068e+08 8.74818e+07 1.56988e+08 11 13 9.623e+08 6.12978 7.23077 667.273
1.02202e+08 6.1488e+08 7.95927e+07 1.74525e+06 12 12 9.55112e+08 547.262 14.6667 770.857
1.58868e+08 6.91357e+08 8.99651e+07 7.54575e+07 11 10 9.89617e+08 13.1149 22 922.306
2.40461e+08 1.34816e+09 8.51278e+07 1.68917e+08 15 9 1.27692e+09 7.55944 13.5556 939.751
1.10668e+08 1.0263e+09 8.40948e+07 5.17341e+07 15 9 1.26142e+09 24.3828 15.5556 920.552
1.96238e+08 1.1153e+09 7.54482e+07 1.70762e+07 18 8 1.35807e+09 79.53 2 1041.58
9.04336e+07 1.18825e+09 7.93264e+07 7.21137e+07 12 11 9.51917e+08 13.2002 17.6364 772.522
5.34865e+08 9.84114e+08 6.45122e+07 2.09227e+06 13 10 8.38658e+08 400.836 20 824.867
1.98547e+08 1.02295e+09 8.93217e+07 1.59915e+06 13 9 1.16118e+09 726.125 14.2222 1065.25
1.50708e+08 2.40858e+09 6.61969e+07 4.10268e+06 14 11 9.26757e+08 225.891 11.6364 788.735
9.90381e+07 5.19779e+08 8.17625e+07 1.22816e+07 15 10 1.22644e+09 99.8599 10 879.998
1.04007e+09 1.56993e+09 7.59904e+07 3.17807e+07 15 9 1.13986e+09 35.8663 19.5556 903.311
8.41358e+07 9.08111e+08 7.34333e+07 6.45049e+06 13 11 9.54633e+08 147.994 11.6364 795.172
9.85777e+07 7.91617e+08 8.1017e+07 1.28392e+07 15 11 1.21526e+09 94.652 7.63636 817.624
1.44357e+08 9.55791e+08 8.97821e+07 4.30295e+07 14 11 1.25695e+09 29.2113 5.63636 847.306
9.60293e+07 9.68924e+08 8.49384e+07 9.22541e+07 14 9 1.18914e+09 12.8898 17.5556 978.367
1.2165e+08 1.09368e+09 8.49103e+07 1.08322e+08 13 9 1.10383e+09 10.1903 15.5556 922.05
1.65364e+08 1.1422e+09 8.40541e+07 1.3882e+08 14 9 1.17676e+09 8.47688 15.5556 921.661
1.65609e+08 9.13478e+08 7.55242e+07 9.06105e+06 16 8 1.20839e+09 133.361 11.875 1053.43
4.10988e+07 3.66379e+08 8.05911e+07 1.82536e+07 16 9 1.28946e+09 70.6413 17.5556 929.191
1.99714e+08 1.06654e+09 7.61404e+07 1.34079e+07 18 8 1.37053e+09 102.218 6 1041.17
1.50326e+08 6.32554e+08 9.02756e+07 1.18935e+08 12 8 1.08331e+09 9.10837 14 1023.47
1.88775e+08 1.24112e+09 8.35663e+07 3.49539e+07 16 10 1.33706e+09 38.2521 10 877.607
1.0141e+08 8.14908e+08 8.0656e+07 1.6455e+07 16 7 1.2905e+09 78.4258 15.7143 1408.55
1.35009e+08 8.10913e+08 8.57336e+07 1.56525e+08 13 9 1.11454e+09 7.1205 21.5556 989.968
1.44054e+08 7.83347e+08 8.75707e+07 1.40266e+08 13 11 1.13842e+09 8.11615 13.6364 842.331
1.57061e+08 8.46033e+08 8.15602e+07 1.43834e+07 15 7 1.2234e+09 85.0567 14.8571 1145.77
1.45571e+08 7.52265e+08 7.80408e+07 1.78707e+07 14 8 1.09257e+09 61.1377 14 1047.17
1.1587e+08 6.16595e+08 8.56059e+07 2.12307e+07 14 9 1.19848e+09 56.4504 20 1050.44
9.83136e+07 7.61752e+08 8.29986e+07 2.42e+07 14 12 1.16198e+09 48.0157 6.66667 757.014
3.93319e+09 2.67525e+09 7.85094e+07 1.54507e+08 16 8 1.25615e+09 8.13006 16 1030.31
9.66806e+07 6.8706e+08 8.48699e+07 1.11911e+08 14 11 1.18818e+09 10.6172 7.63636 806.942
2.59821e+08 1.58365e+09 8.97649e+07 3.92367e+08 14 9 1.25671e+09 3.20289 13.5556 904.951
1.13278e+08 1.32657e+09 7.61558e+07 1.11475e+07 17 9 1.29465e+09 116.138 13.5556 989.144
9.17569e+07 8.78487e+08 8.45504e+07 9.89053e+07 14 8 1.18371e+09 11.9681 14 1008.37
6.28415e+07 6.0537e+08 7.94888e+07 3.74187e+06 15 9 1.19233e+09 318.646 9.55556 945.031
1.64899e+08 7.52044e+08 7.65803e+07 1.42732e+07 14 9 1.07212e+09 75.1148 18 991.451
1.65556e+08 7.40656e+08 8.52786e+07 2.78455e+07 16 8 1.36446e+09 49.0009 10 1031.7
1.94911e+08 1.29511e+09 8.53263e+07 8.17245e+07 14 7 1.19457e+09 14.617 12.8571 1058.94
1.64438e+08 7.26578e+08 8.12757e+07 8.99319e+07 14 8 1.13786e+09 12.6525 18 1088.7
3.45057e+07 5.4752e+08 8.61365e+07 1.09052e+07 14 10 1.20591e+09 110.581 14 834.357
6.61849e+07 9.28162e+08 8.85184e+07 3.21629e+07 8 10 7.08147e+08 22.0175 44 1843.71
1.46993e+08 1.40753e+09 8.73584e+07 3.93591e+08 11 11 9.60942e+08 2.44148 23.6364 828.477
1.08143e+08 1.09064e+09 7.57261e+07 5.75195e+07 11 10 8.32987e+08 14.4818 26 900.049
1.30945e+08 8.24768e+08 6.80711e+07 9.91066e+06 12 9 8.16853e+08 82.4216 25.5556 994.1
9.3031e+07 7.08936e+08 7.71765e+07 3.35661e+07 12 9 9.26118e+08 27.5909 13.5556 888.845
9.10121e+07 1.25128e+09 9.05928e+07 2.07101e+08 9 11 8.15335e+08 3.93691 21.6364 741.808
1.45387e+08 1.0996e+09 8.78395e+07 9.685e+07 12 8 1.05407e+09 10.8836 14 1006.27
9.5226e+07 7.31084e+08 8.46752e+07 1.19427e+07 15 11 1.27013e+09 106.351 5.63636 832.422
9.05356e+07 4.70913e+08 7.48775e+07 7.35499e+06 15 9 1.12316e+09 152.708 17.5556 975.439
1.07154e+08 7.37565e+08 8.01855e+07 1.37429e+07 13 8 1.04241e+09 75.8511 12 941.03
7.09649e+07 3.68352e+08 8.07385e+07 2.8098e+07 13 9 1.0496e+09 37.3549 15.5556 935.567
1.57142e+08 7.25928e+08 8.58307e+07 18853 15 7 1.28746e+09 68289.5 13.4286 1224.72
1.55239e+08 1.01664e+09 8.47045e+07 1.35799e+08 16 8 1.35527e+09 9.97998 14 1047.61
1.74218e+08 7.94278e+08 8.45733e+07 4.90858e+07 14 8 1.18403e+09 24.1215 14 1058.54
1.93729e+08 1.00514e+09 8.87051e+07 5.14844e+07 17 8 1.50799e+09 29.2902 16 1175.55
1.23942e+08 9.57991e+08 8.02236e+07 3.67522e+07 15 10 1.20335e+09 32.7424 14 907.46
8.17508e+07 1.01546e+09 8.6222e+07 3.79e+07 10 10 8.6222e+08 22.7499 24 817.561
2.00524e+08 8.4901e+08 8.11058e+07 2.67374e+07 18 9 1.4599e+09 54.6016 5.55556 980.458
1.04411e+08 1.19755e+09 8.88099e+07 7.06437e+07 10 12 8.88099e+08 12.5715 16.6667 708.712
1.66558e+08 1.10301e+09 8.9126e+07 1.79766e+08 14 11 1.24776e+09 6.94103 11.6364 792.251
1.00356e+08 4.88587e+08 6.17904e+07 7.65101e+06 13 8 8.03275e+08 104.989 26 1071.48
1.21925e+08 9.70768e+08 8.55165e+07 3.85324e+07 15 11 1.28275e+09 33.2901 9.63636 864.967
9.9317e+07 5.89334e+08 6.45222e+07 1.09115e+07 11 10 7.09744e+08 65.0457 24 885.71
1.89123e+09 2.12293e+09 8.29815e+07 4.1994e+07 14 11 1.16174e+09 27.6645 13.6364 838.541
2.40996e+08 9.47688e+08 8.43539e+07 1.69221e+07 18 8 1.51837e+09 89.7271 4 1051.96
1.4299e+08 7.32513e+08 8.83672e+07 3.38902e+07 14 10 1.23714e+09 36.5044 12 967.017
1.15163e+08 1.52966e+09 7.94215e+07 5.32012e+07 14 9 1.1119e+09 20.8999 17.5556 982.286
4.36218e+07 9.78778e+08 8.39058e+07 6.07006e+07 12 11 1.00687e+09 16.5875 15.6364 843.748
1.02254e+08 9.40907e+08 8.75617e+07 1.38202e+07 11 9 9.63179e+08 69.6933 29.5556 1031.25
1.27908e+08 9.19929e+08 8.78138e+07 1.12185e+08 14 11 1.22939e+09 10.9587 7.63636 798.989
1.32724e+08 9.66933e+08 8.00266e+07 2.20179e+07 15 9 1.2004e+09 54.5193 11.5556 898.505
9.81765e+07 1.80055e+09 7.3316e+07 9.22075e+06 12 11 8.79792e+08 95.4144 11.6364 758.402
4.61025e+08 8.29937e+08 8.00273e+07 4.07092e+07 17 9 1.36046e+09 33.4191 11.5556 965.853
1.37159e+08 9.56228e+08 8.58683e+07 7.14769e+07 14 11 1.20216e+09 16.8188 9.63636 831.354
1.14591e+08 1.04105e+09 8.61084e+07 1.58683e+08 13 10 1.11941e+09 7.05439 16 886.371
2.92887e+08 1.54485e+09 8.94502e+07 1.70387e+08 12 8 1.0734e+09 6.29977 20 1076.22
5.3831e+08 1.08106e+09 6.06371e+07 4.06923e+06 17 8 1.03083e+09 253.323 14 980.378
7.10493e+07 3.77812e+08 5.53571e+07 3.75083e+06 14 9 7.75e+08 206.621 9.55556 957.909
8.15993e+07 7.45023e+08 7.0203e+07 8.71492e+06 17 7 1.19345e+09 136.943 22.8571 1185.12
2.30494e+08 1.69681e+09 8.71691e+07 3.94908e+08 14 12 1.22037e+09 3.09025 8.66667 766.455
4.20541e+07 3.58035e+08 8.09413e+07 9.96979e+06 13 10 1.05224e+09 105.543 14 855.902
3.22656e+09 2.57066e+09 7.02305e+07 1.53289e+07 14 8 9.83227e+08 64.1419 22 937.603
7.0851e+07 6.72345e+08 7.45341e+07 5.65608e+06 12 10 8.94409e+08 158.132 16 881.632
1.97865e+08 1.02686e+09 8.74814e+07 1.47792e+08 15 8 1.31222e+09 8.87883 48.875 1372.81
5.63992e+07 7.06654e+08 8.35391e+07 1.06842e+07 11 11 9.1893e+08 86.0085 15.6364 824.705
2.7107e+09 2.73915e+09 8.31416e+07 2.50057e+07 15 11 1.24712e+09 49.8737 7.63636 808.716
1.14327e+08 8.13975e+08 8.35648e+07 2.39635e+07 13 7 1.08634e+09 45.3333 22.8571 1145.52
9.24236e+07 1.40659e+09 8.61502e+07 59784.4 5 9 4.30751e+08 7205.06 31.5556 938.438
1.60979e+08 7.20623e+08 8.36562e+07 1.29211e+07 16 8 1.3385e+09 103.59 19.875 1138.24
1.0456e+08 1.36694e+09 8.96239e+07 2.02419e+08 11 10 9.85863e+08 4.8704 20 854.561
5.24853e+07 8.63297e+08 8.52536e+07 5.90997e+07 8 9 6.82029e+08 11.5403 35.5556 1057.44
5.60913e+06 3.94853e+08 8.15994e+07 14840.8 8 9 6.52796e+08 43986.6 31.5556 993.795
9.14893e+07 1.18937e+09 8.37061e+07 4.53132e+07 15 8 1.25559e+09 27.7092 20 1022.6
1.16538e+08 1.38699e+09 8.09851e+07 1.17837e+07 15 10 1.21478e+09 103.089 14 886.324
4.80679e+07 1.93281e+08 8.22227e+07 1.5584e+07 14 7 1.15112e+09 73.8652 32.8571 1285.98
7.61589e+07 9.94878e+08 8.46179e+07 5.58084e+07 12 8 1.01542e+09 18.1947 16 1037.45
5.61462e+07 7.06035e+08 7.80152e+07 1.12766e+06 12 8 9.36182e+08 830.2 32 1262.02
1.94325e+07 3.17462e+08 7.35823e+07 6.64683e+06 8 11 5.88658e+08 88.5622 21.6364 729.981
1.85492e+08 7.56395e+08 8.50867e+07 5.0433e+07 14 10 1.19121e+09 23.6197 12 895.079
4.20495e+09 3.09852e+09 7.58626e+07 94817.5 15 9 1.13794e+09 12001.4 13.5556 854.043
9.30529e+07 5.85522e+08 7.87859e+07 3.747e+07 15 8 1.18179e+09 31.5396 20 1062.18
2.19308e+08 1.12158e+09 8.57827e+07 9.88477e+07 16 11 1.37252e+09 13.8852 5.63636 848.163
8.604e+07 1.73847e+09 7.41037e+07 7.43963e+06 9 7 6.66933e+08 89.646 62.8571 114523
1.54424e+08 5.54462e+08 9.13339e+07 1.75957e+08 10 8 9.13339e+08 5.19068 38 2133.19
9.90752e+07 1.00636e+09 8.79336e+07 6.85265e+07 14 12 1.23107e+09 17.9649 6.66667 775.672
1.58198e+08 1.14764e+09 9.07348e+07 1.15629e+08 13 10 1.17955e+09 10.2012 12 902.915
8.16579e+07 8.70207e+08 7.42583e+07 2.90046e+07 14 10 1.03962e+09 35.8432 20 838.37
7.68909e+07 6.33212e+08 8.16908e+07 5.81217e+07 13 7 1.06198e+09 18.2717 24.8571 1131.17
1.09694e+08 9.71927e+08 8.71938e+07 1.47235e+08 12 11 1.04633e+09 7.10649 11.6364 816.694
2.36448e+07 6.0244e+08 6.59744e+07 1.22519e+07 17 8 1.12157e+09 91.5418 29.875 1284.44
8.50045e+07 7.33482e+08 7.51597e+07 1.05618e+07 14 10 1.05224e+09 99.6266 14 878.281
2.71646e+08 1.40169e+09 7.79412e+07 8.73165e+07 17 9 1.325e+09 15.1747 7.55556 982.094
7.19534e+07 5.55251e+08 8.40809e+07 5.9941e+07 13 10 1.09305e+09 18.2354 16 872.299
1.38027e+08 8.99955e+08 8.75293e+07 3.7433e+07 15 10 1.31294e+09 35.0744 10 881.621
3.74344e+08 1.65416e+09 8.7475e+07 5.45845e+08 16 9 1.3996e+09 2.5641 9.55556 986.552
1.72929e+08 7.92235e+08 7.47559e+07 1.38359e+07 18 8 1.34561e+09 97.2549 8 950.029
9.32035e+07 8.75706e+08 8.95168e+07 4.02449e+07 12 12 1.0742e+09 26.6916 8.66667 763.168
1.12402e+08 6.88259e+08 6.90495e+07 3.1426e+06 14 8 9.66693e+08 307.61 10 1001.41
5.9961e+07 7.8009e+08 8.25936e+07 1.2336e+07 14 11 1.15631e+09 93.7347 9.63636 778.236
1.03602e+08 5.74362e+08 6.37131e+07 7.29225e+06 16 8 1.01941e+09 139.793 10 1011.47
5.58102e+07 5.63435e+08 8.81052e+07 2.96452e+07 13 10 1.14537e+09 38.6358 10 905.075
6.77952e+07 7.91976e+08 8.70607e+07 8.09898e+07 13 9 1.13179e+09 13.9745 25.5556 980.319
8.92088e+07 7.05322e+08 8.34565e+07 1.67457e+07 16 8 1.3353e+09 79.7403 10 1013.99
1.96355e+08 1.11648e+09 8.46046e+07 9.63047e+07 16 8 1.35367e+09 14.0562 18 1040.96
8.18171e+07 7.77184e+08 7.31629e+07 1.09358e+07 15 8 1.09744e+09 100.353 21.875 1112.42
3.90648e+07 6.96006e+08 8.06756e+07 1.43382e+07 17 8 1.37149e+09 95.6527 10 998.752
1.31999e+08 8.90534e+08 8.42898e+07 8.33239e+06 13 7 1.09577e+09 131.507 29.7143 1563.09
7.45574e+07 5.65746e+08 8.52875e+07 4.82892e+07 10 10 8.52875e+08 17.6618 20 966.848
2.53796e+08 1.46781e+09 7.26787e+07 1.47249e+07 16 8 1.16286e+09 78.9725 20 1156.09
2.34384e+08 1.66163e+09 8.83387e+07 2.9719e+08 15 8 1.32508e+09 4.45869 20 1085.52
1.41672e+08 1.21605e+09 8.693e+07 2.76085e+08 11 12 9.5623e+08 3.46354 16.6667 711.691
1.01838e+08 9.67203e+08 8.43024e+07 1.15583e+08 15 9 1.26454e+09 10.9405 21.5556 1021.21
4.10692e+07 5.63871e+08 7.75346e+07 8.49664e+06 15 9 1.16302e+09 136.88 9.55556 964.338
8.53341e+07 6.41514e+08 8.60961e+07 3.80017e+07 13 9 1.11925e+09 29.4526 21.5556 971.325
1.30681e+08 7.32733e+08 7.93078e+07 1.32083e+07 15 10 1.18962e+09 90.0658 12 939.747
2.05341e+08 1.72337e+09 7.678e+07 1.02585e+08 14 10 1.07492e+09 10.4783 22 955.306
1.8592e+08 9.07748e+08 8.05055e+07 1.41914e+07 14 8 1.12708e+09 79.4196 20 1010.54
8.01528e+07 9.87216e+08 7.62646e+07 2.21325e+07 12 8 9.15176e+08 41.3499 17.875 1109.59
1.22562e+08 1.01017e+09 8.45208e+07 3.5575e+07 15 6 1.26781e+09 35.6377 27.3333 1252.34
1.43408e+08 8.46135e+08 8.84505e+07 5.98697e+07 15 9 1.32676e+09 22.1607 11.5556 952.746
1.37982e+08 1.08354e+09 8.52636e+07 1.41762e+08 14 10 1.19369e+09 8.4204 14 917.096
4.45109e+08 1.34118e+09 7.90069e+07 3.4298e+08 12 12 9.48083e+08 2.76425 12.6667 713.495
6.24877e+07 2.99058e+08 7.53195e+07 1.02644e+07 14 10 1.05447e+09 102.731 16 907.254
1.18025e+08 5.38108e+08 8.17945e+07 2.2168e+07 15 11 1.22692e+09 55.3463 5.63636 852.711
6.37557e+07 3.6504e+08 7.04273e+07 9.85671e+06 16 8 1.12684e+09 114.322 10 1021.81
1.29668e+08 1.10703e+09 8.7074e+07 2.09081e+08 12 12 1.04489e+09 4.99753 10.6667 738.225
9.16552e+07 1.20789e+09 8.94133e+07 1.28753e+07 11 10 9.83546e+08 76.3899 14 872.429
6.93652e+07 6.20012e+08 8.56696e+07 4.99984e+07 12 11 1.02804e+09 20.5614 11.6364 808.957
2.75245e+09 2.168e+09 7.98111e+07 4.471e+07 17 9 1.35679e+09 30.3465 9.55556 932.63
1.50451e+08 1.2264e+09 8.8652e+07 3.28874e+07 13 10 1.15248e+09 35.043 14 849.717
6.67627e+07 1.00423e+09 6.73988e+07 2.34205e+07 12 10 8.08786e+08 34.5332 28 877.328
8.39853e+07 8.37167e+08 8.51238e+07 9.75628e+07 12 11 1.02149e+09 10.47 11.6364 822.462
2.74099e+06 2.01209e+08 5.67093e+07 3.88109e+06 10 11 5.67093e+08 146.117 45.6364 1706.18
1.94206e+08 1.30505e+09 8.10064e+07 429135 15 8 1.2151e+09 2831.5 10 994.539
3.18466e+09 2.29781e+09 8.00319e+07 3.12138e+07 16 8 1.28051e+09 41.0239 20 1015.64
1.42908e+08 9.82243e+08 8.38498e+07 2.00404e+07 15 8 1.25775e+09 62.7606 10 999.688
1.12479e+08 2.55886e+09 6.83067e+07 1.17471e+07 15 9 1.0246e+09 87.2217 13.5556 960.364
1.24405e+08 5.79702e+08 7.61981e+07 3.84406e+06 16 10 1.21917e+09 317.156 6 908.885
7.45488e+07 7.23014e+08 8.54415e+07 9.41481e+06 11 10 9.39856e+08 99.8274 16 899.841
1.49664e+08 8.75538e+08 6.73522e+07 4.73859e+06 12 8 8.08227e+08 170.563 28 1224.06
1.53665e+08 1.21105e+09 7.65664e+07 1.00395e+07 18 7 1.37819e+09 137.278 14.8571 1127.45
1.42559e+09 5.50836e+09 4.377e+07 2.60739e+06 6 12 2.6262e+08 100.721 20.6667 652.829
2.71878e+09 2.51864e+09 7.95847e+07 1.46143e+08 15 10 1.19377e+09 8.16848 16 886.283
1.7959e+09 2.51542e+09 8.24201e+07 5.8622e+07 10 12 8.24201e+08 14.0596 12.6667 727.064
1.37707e+08 6.71179e+08 8.2465e+07 7.39084e+07 13 9 1.07204e+09 14.505 15.5556 976.437
1.33231e+08 1.09574e+09 8.65301e+07 9.72922e+07 14 10 1.21142e+09 12.4514 18 889.15
1.16286e+08 5.80702e+08 8.26038e+07 2.822e+07 15 10 1.23906e+09 43.9071 8 870.73
1.02662e+08 6.80767e+08 8.09585e+07 1.12062e+07 15 10 1.21438e+09 108.367 14 926.695
1.67665e+08 1.06248e+09 9.06427e+07 1.47998e+08 13 9 1.17835e+09 7.96197 21.5556 1055.82
4.67281e+07 5.98839e+08 7.41214e+07 1.12442e+07 9 9 6.67093e+08 59.3278 53.5556 10610.2
9.92818e+07 8.54115e+08 9.21592e+07 2.74948e+06 12 9 1.10591e+09 402.225 16 1013.21
1.70648e+08 9.35724e+08 8.88921e+07 1.38836e+08 14 13 1.24449e+09 8.9637 3.23077 727.556
7.75669e+07 1.29331e+09 8.49405e+07 2.64153e+07 11 9 9.34345e+08 35.3714 17.5556 925.196
2.01007e+08 8.50988e+08 8.27796e+07 2.51667e+07 15 8 1.24169e+09 49.3388 20 1061.69
1.56973e+08 1.04108e+09 8.8778e+07 1.27451e+08 14 11 1.24289e+09 9.75195 9.63636 831.198
9.45632e+08 1.03054e+09 6.68285e+07 1.39752e+07 13 9 8.6877e+08 62.165 17.5556 932.159
1.60585e+08 8.28953e+08 7.78687e+07 2.40032e+07 12 9 9.34425e+08 38.9292 7.55556 979.155
7.3705e+07 6.70238e+08 7.40309e+07 1.33322e+07 15 8 1.11046e+09 83.2921 27.5 1197.41
1.55755e+08 7.79312e+08 8.67545e+07 5.66305e+07 12 7 1.04105e+09 18.3833 28.8571 1288.92
1.0106e+08 8.39491e+08 9.04233e+07 1.18861e+08 10 9 9.04233e+08 7.60751 25.5556 931.872
1.64183e+08 1.34587e+09 9.01104e+07 1.23696e+08 11 10 9.91214e+08 8.01331 30 1071.41
6.97661e+07 9.92073e+08 8.51095e+07 4.78847e+07 14 8 1.19153e+09 24.8834 16 1030.91
1.12943e+08 5.61556e+08 6.73622e+07 3.1376e+06 16 8 1.0778e+09 343.509 14 965.932
3.32066e+07 2.22117e+09 5.78541e+07 9.01316e+06 9 10 5.20687e+08 57.7696 24 813.353
1.42148e+08 9.23089e+08 8.65176e+07 5.37293e+07 15 11 1.29776e+09 24.1537 7.63636 863.778
6.99736e+07 5.71961e+08 8.34398e+07 3.57809e+07 15 10 1.2516e+09 34.9795 10 896.658
7.77359e+07 1.18229e+09 8.30671e+07 1.74088e+07 13 11 1.07987e+09 62.0302 23.6364 827.005
2.22987e+08 1.15737e+09 8.64661e+07 2.31773e+08 18 8 1.55639e+09 6.71516 14 1009.07
7.44527e+07 7.20815e+08 7.9787e+07 2.70892e+07 15 9 1.19681e+09 44.1802 13.5556 932.818
1.14531e+08 7.55806e+08 8.21436e+07 4.47689e+07 16 7 1.3143e+09 29.3573 10 1133.74
2.15688e+07 6.88423e+08 8.54553e+07 2.72598e+06 10 7 8.54553e+08 313.485 17.4286 1185.75
1.62709e+08 1.15315e+09 8.27419e+07 2.60681e+07 14 10 1.15839e+09 44.4369 14 932.696
