4521.89 45218.9 2.5e+07 45218.9 1 10 2.5e+07 552.866 34.9 2242.03
0 0 0 0 0 0 0 0 0 0
2009.57 26124.4 2.5e+07 26124.4 1 13 2.5e+07 956.958 91.6923 2175.66
0 0 0 0 0 0 0 0 0 0
235529 6.22913e+06 2.14457e+07 2.82635e+06 2 12 4.28914e+07 15.1755 290.917 2415.17
11193.4 108824 2.5e+07 56752.5 3 10 7.5e+07 1321.53 154.1 2454.62
0 0 0 0 0 0 0 0 0 0
0 0 0 0 0 0 0 0 0 0
0 0 0 0 0 0 0 0 0 0
0 0 0 0 0 0 0 0 0 0
9270.26 64891.8 2.5e+07 55142 2 14 5e+07 906.75 61.4286 1250.41
12338.9 56929.9 2.5e+07 38724.5 4 13 1e+08 2582.35 90.9231 1648.12
0 0 0 0 0 0 0 0 0 0
2.89329e+07 5.43044e+08 7.66241e+07 4.62927e+08 3 16 2.29872e+08 0.496563 38.9375 722.931
0 0 0 0 0 0 0 0 0 0
69156.4 5.28469e+07 4.67252e+07 119752 5 9 2.33626e+08 1950.91 146.889 2971.21
39004.8 7.09544e+06 5.20567e+07 102700 4 7 2.08227e+08 2027.53 243.714 5334.01
0 0 0 0 0 0 0 0 0 0
9.66958e+11 0 2.5e+07 1.35374e+13 1 14 2.5e+07 1.84673e-06 108.857 1496.12
2853.95 6.60138e+06 5.31416e+07 69.1785 3 14 1.59425e+08 2.30455e+06 61.2143 917.819
3668.14 47685.8 2.5e+07 47685.8 1 13 2.5e+07 524.266 138.923 1693.7
0 0 0 0 0 0 0 0 0 0
2.23008e+09 3.12211e+10 2.13259e+07 3.12211e+10 1 14 2.13259e+07 0.000683061 43.7143 1439.92
2937.69 38190 2.5e+07 38190 1 13 2.5e+07 654.622 97.6923 2060.77
13187.1 89504 2.498e+07 60401.2 4 18 9.99201e+07 1654.27 43.6111 555.36
1.22457e+07 1.18247e+09 5.72284e+07 418063 6 8 3.43371e+08 821.338 137.875 2897.54
87202.7 9.69207e+06 5.36342e+07 1.65685e+06 2 19 1.07268e+08 64.7423 22.5263 274.414
1.33784e+09 6.6892e+09 2.38019e+07 66826.7 3 15 7.14058e+07 1068.52 53.6 1189.72
0 0 0 0 0 0 0 0 0 0
0 0 0 0 0 0 0 0 0 0
0 0 0 0 0 0 0 0 0 0
0 0 0 0 0 0 0 0 0 0
26056.6 4.06291e+07 5.0426e+07 122677 3 15 1.51278e+08 1233.14 104.933 1066.82
6293.59 113285 2.5e+07 113285 1 18 2.5e+07 220.683 72.5 625.007
26703 3.04701e+08 6.36182e+07 293733 2 11 1.27236e+08 433.17 96.9091 2036.05
21376 184174 2.5e+07 213760 2 10 5e+07 233.908 168.5 2419.33
15966 128319 2.5e+07 127728 2 8 5e+07 391.458 89.875 2762.48
6.93922e+07 2.09764e+09 7.77157e+07 9.02099e+08 3 13 2.33147e+08 0.258449 266.923 1771.97
0 0 0 0 0 0 0 0 0 0
2186.32 26235.8 2.5e+07 26235.8 1 12 2.5e+07 952.895 62.25 1787.23
1.4046e+09 9.20067e+09 6.30192e+07 2.63842e+08 3 19 1.89058e+08 0.716555 27.6842 294.135
0 0 0 0 0 0 0 0 0 0
0 0 0 0 0 0 0 0 0 0
0 0 0 0 0 0 0 0 0 0
199804 7.36068e+06 6.38445e+07 169682 3 14 1.91534e+08 1128.78 83.4286 1363.9
0 0 0 0 0 0 0 0 0 0
10588.7 79415 2.5e+07 75063.3 2 15 5e+07 666.104 126.933 959.537
33870.6 1.77972e+07 6.5016e+07 541930 2 16 1.30032e+08 239.943 35.75 910.475
29524.5 501916 2.5e+07 501916 1 17 2.5e+07 49.8091 76 800.249
0 0 0 0 0 0 0 0 0 0
0 0 0 0 0 0 0 0 0 0
4958.54 64506.3 2.5e+07 64461 2 13 5e+07 775.663 126.769 1949.86
1.14293e+09 5.71479e+09 3.24814e+07 47749.9 3 15 9.74441e+07 2040.72 209.6 1239.44
4709.55 81530.6 2.5e+07 47095.5 2 10 5e+07 1061.67 102.4 2425.72
0 0 0 0 0 0 0 0 0 0
2.80426e+07 7.55777e+08 6.47231e+07 1.64518e+06 3 11 1.94169e+08 118.023 84.5455 1876.75
9.03575e+11 0 2.5e+07 8.13218e+12 1 9 2.5e+07 3.07421e-06 167.556 2908.51
0 0 0 0 0 0 0 0 0 0
0 0 0 0 0 0 0 0 0 0
0 0 0 0 0 0 0 0 0 0
8061.25 88673.7 2.5e+07 88673.7 1 11 2.5e+07 281.932 116.727 1766.56
4107.52 45182.7 2.5e+07 45182.7 1 11 2.5e+07 553.309 110.545 1923.16
0 0 0 0 0 0 0 0 0 0
0 0 0 0 0 0 0 0 0 0
0 0 0 0 0 0 0 0 0 0
4355.83 63606.4 2.5e+07 47914.2 2 11 5e+07 1043.53 94.7273 2036.33
0 0 0 0 0 0 0 0 0 0
2426.19 46097.6 2.5e+07 46097.6 1 19 2.5e+07 542.327 56.6316 321.346
1.6297e+06 9.50013e+07 6.34452e+07 350077 3 11 1.90335e+08 543.695 228.909 2557.76
18902.3 179572 2.5e+07 65425.5 2 19 5e+07 764.229 38.7368 338.52
1.07448e+08 1.21016e+09 8.51837e+07 8.59584e+08 2 8 1.70367e+08 0.198197 149.875 2881.46
0 0 0 0 0 0 0 0 0 0
0 0 0 0 0 0 0 0 0 0
7772.42 101042 2.5e+07 101042 1 13 2.5e+07 247.423 206.769 1721.43
1858.88 33459.8 2.5e+07 33459.8 1 18 2.5e+07 747.165 35.6111 456.415
3000.31 45004.6 2.5e+07 45004.6 1 15 2.5e+07 555.498 55.7333 1176.8
0 0 0 0 0 0 0 0 0 0
3220.41 41865.3 2.5e+07 41865.3 1 13 2.5e+07 597.153 124.308 1483.68
0 0 0 0 0 0 0 0 0 0
1.06428e+12 0 5e+06 1.70284e+13 5 16 2.5e+07 1.46813e-06 65 1069.3
0 0 0 0 0 0 0 0 0 0
0 0 0 0 0 0 0 0 0 0
5070.73 40565.8 2.5e+07 37221.6 2 16 5e+07 1343.31 33.75 1099.1
0 0 0 0 0 0 0 0 0 0
1728.84 27661.5 2.5e+07 27661.5 1 16 2.5e+07 903.784 97 1072.72
3163.85 37966.2 2.5e+07 37966.2 1 12 2.5e+07 658.48 98.9167 2003.98
0 0 0 0 0 0 0 0 0 0
8871.68 124777 2.5e+07 68489 3 15 7.5e+07 1095.07 62 1043.41
8945.58 117243 2.5e+07 69734.4 3 16 7.5e+07 1075.51 54.9375 1012.56
1.28004e+09 1.92006e+10 2.24441e+07 1.92006e+10 1 15 2.24441e+07 0.00116893 61.6 1342.87
2968.03 35616.3 2.5e+07 35616.3 1 12 2.5e+07 701.925 71.6667 1711.25
23385.6 251178 2.5e+07 233856 2 10 5e+07 213.807 122.1 2580.69
0 0 0 0 0 0 0 0 0 0
15942.7 2.29319e+08 6.70128e+07 143484 2 9 1.34026e+08 934.08 94 2709.76
2.4622e+06 3.1096e+08 5.85577e+07 360707 7 13 4.09904e+08 1136.39 150.769 1096.06
405295 2.42117e+08 6.40176e+07 4.45824e+06 2 11 1.28035e+08 28.7187 162 2161.74
5.21046e+12 0 2.5e+07 1.10901e+13 3 8 7.5e+07 6.76276e-06 162 3383.17
0 0 0 0 0 0 0 0 0 0
0 0 0 0 0 0 0 0 0 0
0 0 0 0 0 0 0 0 0 0
4379.68 43796.8 2.5e+07 43796.8 1 10 2.5e+07 570.818 238.4 2825.41
7237.27 66372.4 2.5e+07 39035.9 3 11 7.5e+07 1921.31 84.5455 2239.77
9210.72 175004 2.5e+07 175004 1 19 2.5e+07 142.854 14.9474 260.108
0 0 0 0 0 0 0 0 0 0
0 0 0 0 0 0 0 0 0 0
9590.56 90272.6 2.5e+07 60191.6 3 14 7.5e+07 1246.02 97.4286 1427.81
21014.5 231685 3.75e+07 210145 2 10 7.5e+07 356.896 192.4 3091.11
0 0 0 0 0 0 0 0 0 0
0 0 0 0 0 0 0 0 0 0
4572.71 64018 2.5e+07 64018 1 14 2.5e+07 390.515 117.714 1060.02
63712 1.90164e+08 6.40176e+07 1.01939e+06 2 16 1.28035e+08 125.599 88.4375 952.82
1.54092e+13 0 2.5e+07 1.69501e+14 1 11 2.5e+07 1.47492e-07 128 2368.73
2.6602e+08 1.19709e+09 2.42212e+07 52751.4 4 18 9.6885e+07 1836.63 42 382.534
0 0 0 0 0 0 0 0 0 0
1.86227e+12 0 2.5e+07 2.42096e+13 1 13 2.5e+07 1.03265e-06 113.692 1813.01
0 0 0 0 0 0 0 0 0 0
6233.62 52985.8 2.5e+07 36624.6 2 17 5e+07 1365.2 60.9412 798.667
21501.8 150512 2.5e+07 57144.8 2 14 5e+07 874.97 37.4286 1114.48
0 0 0 0 0 0 0 0 0 0
6.66095e+08 2.22032e+09 2.35889e+07 96191.7 3 10 7.07668e+07 735.684 144.1 2325.68
3311.73 66207.9 2.5e+07 39740.7 2 12 5e+07 1258.15 81.6667 1807.93
75147.3 2.7581e+08 6.44169e+07 901768 2 12 1.28834e+08 142.868 49.6667 1527.7
0 0 0 0 0 0 0 0 0 0
0 0 0 0 0 0 0 0 0 0
0 0 0 0 0 0 0 0 0 0
16270.8 156190 2.5e+07 45618.6 4 14 1e+08 2192.09 72.8571 1385.91
0 0 0 0 0 0 0 0 0 0
76412.7 1.51154e+08 6.63139e+07 517499 4 16 2.65256e+08 512.573 120.938 919.466
42415.3 1.88869e+08 6.44169e+07 508983 2 12 1.28834e+08 253.12 116.917 2352.41
1.5239e+09 3.04781e+10 2.0607e+07 3.04781e+10 1 20 2.0607e+07 0.000676126 42.55 112.944
6581.89 61908.9 2.5e+07 52655.2 2 8 5e+07 949.575 221.5 2967.91
18225 346275 2.5e+07 346275 1 19 2.5e+07 72.1969 49.6842 341.491
0 0 0 0 0 0 0 0 0 0
0 0 0 0 0 0 0 0 0 0
0 0 0 0 0 0 0 0 0 0
9380.52 9.09278e+07 6.40176e+07 159469 2 17 1.28035e+08 802.885 40.1176 713.614
0 0 0 0 0 0 0 0 0 0
0 0 0 0 0 0 0 0 0 0
1.79544e+12 0 2.5e+07 2.51361e+13 1 14 2.5e+07 9.94586e-07 31.5 1361.44
3558.35 39141.9 2.5e+07 39141.9 1 11 2.5e+07 638.703 202.182 2756.71
2243.59 35897.5 2.5e+07 35897.5 1 16 2.5e+07 696.428 74.9375 896.266
5027.48 80439.6 2.5e+07 80439.6 1 16 2.5e+07 310.792 42.4375 836.873
7.59354e+07 3.24845e+08 5.0213e+07 1.13319e+06 3 11 1.50639e+08 132.934 134.182 2240.74
0 0 0 0 0 0 0 0 0 0
2341.68 39808.5 2.5e+07 39808.5 1 17 2.5e+07 628.007 51.7647 735.847
64394.4 8.92897e+07 6.70128e+07 515155 2 8 1.34026e+08 260.165 112 2558.47
77825.4 544778 2.5e+07 246810 2 14 5e+07 202.585 109.429 1193.52
0 0 1.25e+08 inf 2 13 2.5e+08 0 139.692 1757.01
0 0 0 0 0 0 0 0 0 0
26389.9 448629 2.5e+07 448629 1 17 2.5e+07 55.7254 42.9412 657.399
0 0 0 0 0 0 0 0 0 0
4.59824e+12 0 2.5e+07 2.2835e+13 3 12 7.5e+07 3.28444e-06 182.667 1997.06
19573.6 1.20897e+08 6.40176e+07 274030 2 14 1.28035e+08 467.23 78.8571 1106.65
9.5102e+11 0 2.5e+07 1.04612e+13 1 11 2.5e+07 2.38978e-06 170.909 2332.94
6.52206e+08 2.82623e+09 2.37753e+07 49547.4 3 13 7.13259e+07 1439.55 182.923 1766.47
0 0 0 0 0 0 0 0 0 0
1.76639e+12 0 8.33333e+06 1.58975e+13 3 9 2.5e+07 1.57257e-06 118 2520.96
4167.52 79493.9 2.5e+07 45842.7 2 11 5e+07 1090.69 98 2480.05
14181.7 192684 2.5e+07 155999 2 11 5e+07 320.515 86.9091 2214.42
10595.6 103481 2.5e+07 44059 3 11 7.5e+07 1702.26 205.636 2372.83
1.27192e+12 0 2.5e+07 1.52631e+13 1 12 2.5e+07 1.63794e-06 101.667 1911.86
0 0 0 0 0 0 0 0 0 0
6.23244e+15 0 6.50692e+07 1.50298e+14 3 15 1.95208e+08 1.29881e-06 227.733 1369.45
0 0 0 0 0 0 0 0 0 0
8334.97 54177.3 2.5e+07 49999 2 13 5e+07 1000.02 134 1611.12
3919.66 83393.5 2.5e+07 58795 2 15 5e+07 850.413 93.7333 1104.51
0 0 0 0 0 0 0 0 0 0
0 0 0 0 0 0 0 0 0 0
4628.6 32400.2 2.5e+07 31338.1 2 14 5e+07 1595.5 93.4286 1003.14
35620.9 2.07152e+08 5.07455e+07 107938 3 9 1.52236e+08 1410.41 336 3666.71
0 0 0 0 0 0 0 0 0 0
0 0 0 0 0 0 0 0 0 0
94734.3 1.83378e+08 6.49161e+07 292621 4 9 2.59665e+08 887.376 144.222 3131.26
7.34478e+12 0 2.5e+07 7.34478e+13 1 10 2.5e+07 3.40378e-07 269.6 2900.89
44988.4 382401 2.5e+07 57247.2 2 17 5e+07 873.405 56.9412 758.166
7572.32 136302 2.5e+07 136302 1 18 2.5e+07 183.417 36.5 569.241
0 0 0 0 0 0 0 0 0 0
0 0 0 0 0 0 0 0 0 0
5484.9 54849 2.5e+07 54849 1 10 2.5e+07 455.797 192.5 2734.41
0 0 0 0 0 0 0 0 0 0
0 0 0 0 0 0 0 0 0 0
0 0 0 0 0 0 0 0 0 0
0 0 0 0 0 0 0 0 0 0
18967.2 227609 2.5e+07 227606 2 12 5e+07 219.677 126.667 2335.95
0 0 0 0 0 0 0 0 0 0
0 0 0 0 0 0 0 0 0 0
1.31666e+06 6.35222e+07 7.44409e+07 1.25706e+06 4 17 2.97764e+08 236.874 55.5294 708.785
2.10192e+12 0 2.5e+07 3.57326e+13 1 17 2.5e+07 6.99642e-07 57.8824 587.492
0 0 0 0 0 0 0 0 0 0
0 0 0 0 0 0 0 0 0 0
0 0 0 0 0 0 0 0 0 0
0 0 0 0 0 0 0 0 0 0
39677.2 211612 2.5e+07 52561.5 3 16 7.5e+07 1426.9 85.75 866.296
9581.46 95814.6 2.5e+07 95814.6 1 10 2.5e+07 260.921 140 2328.78
0 0 0 0 0 0 0 0 0 0
0 0 0 0 0 0 0 0 0 0
49707.4 994148 2.5e+07 994148 1 20 2.5e+07 25.1472 41.2 100.641
0 0 0 0 0 0 0 0 0 0
0 0 0 0 0 0 0 0 0 0
1.2856e+12 0 2.5e+07 1.41416e+13 1 11 2.5e+07 1.76784e-06 90.9091 2443.85
0 0 0 0 0 0 0 0 0 0
0 0 0 0 0 0 0 0 0 0
0 0 0 0 0 0 0 0 0 0
0 0 0 0 0 0 0 0 0 0
9.21034e+08 9.21034e+09 2.30831e+07 846079 2 20 4.61661e+07 54.5648 12.95 80.721
103869 1.67112e+08 5.07455e+07 193783 3 15 1.52236e+08 785.601 101.6 1470.29
2657.58 39863.7 2.5e+07 39863.7 1 15 2.5e+07 627.138 46.9333 1145.29
18541.2 315201 2.5e+07 315201 1 17 2.5e+07 79.3145 85.0588 845.719
0 0 0 0 0 0 0 0 0 0
0 0 0 0 0 0 0 0 0 0
1.42468e+09 1.13974e+10 2.34026e+07 325195 2 16 4.68051e+07 143.929 68.9375 1087.72
4.66725e+08 4.43388e+09 2.3123e+07 264506 2 19 4.6246e+07 174.839 54.7368 328.202
6588.59 125183 2.5e+07 125183 1 19 2.5e+07 199.707 48.7368 383.023
12639.7 165930 2.5e+07 139037 2 11 5e+07 359.618 88.9091 2377.97
0 0 0 0 0 0 0 0 0 0
0 0 0 0 0 0 0 0 0 0
0 0 0 0 0 0 0 0 0 0
4244.16 74054.3 2.5e+07 59418.2 2 14 5e+07 841.493 93.2143 1396.52
4048.62 44534.8 2.5e+07 44534.8 1 11 2.5e+07 561.359 122.182 2077.31
1.39354e+07 8.17439e+08 8.63818e+07 1.95095e+08 2 14 1.72764e+08 0.885536 143.429 1140.04
