1.24859e+08 3.11466e+09 8.42252e+07 9.98869e+08 2 8 1.6845e+08 0.168641 143.875 3092.71
66878.9 2.39573e+08 5.1278e+07 334394 3 5 1.53834e+08 460.037 380 6164.5
0 0 0 0 0 0 0 0 0 0
0 0 0 0 0 0 0 0 0 0
0 0 0 0 0 0 0 0 0 0
2.25989e+07 9.92787e+08 6.42173e+07 1.29011e+06 4 8 2.56869e+08 199.106 250.875 3362.66
0 0 0 0 0 0 0 0 0 0
44818.6 1.06929e+08 6.46166e+07 268911 2 6 1.29233e+08 480.579 10.8333 3611.17
1.88237e+06 1.13633e+09 5.54313e+07 1.06769e+06 4 9 2.21725e+08 207.669 139.556 2581.14
0 0 0 0 0 0 0 0 0 0
1.70349e+09 2.61366e+09 3.74468e+07 243366 6 9 2.24681e+08 923.22 165.556 2859.7
386078 1.36332e+08 5.30085e+07 256028 3 7 1.59026e+08 621.125 284.857 3851.2
1.11655e+16 0 6.60543e+07 1.38461e+15 3 8 1.98163e+08 1.43118e-07 125.875 2721.83
22775.8 144438 3.75e+07 136655 2 6 7.5e+07 548.827 162.833 3533.13
0 0 0 0 0 0 0 0 0 0
5.70039e+06 3.19733e+08 8.13259e+07 2.19091e+06 5 5 4.06629e+08 185.598 278.8 4825
1.00004e+06 1.48626e+09 8.5024e+07 5.00019e+06 2 5 1.70048e+08 34.0083 57.2 3971.14
9113.78 45568.9 2.5e+07 45568.9 1 5 2.5e+07 548.62 126 3661.02
0 0 0 0 0 0 0 0 0 0
0 0 0 0 0 0 0 0 0 0
0 0 0 0 0 0 0 0 0 0
0 0 0 0 0 0 0 0 0 0
9.04249e+12 0 2.5e+07 7.234e+13 1 8 2.5e+07 3.4559e-07 151.5 3770.62
27107.7 216862 2.5e+07 216862 1 8 2.5e+07 115.281 141.5 2569.55
0 0 0 0 0 0 0 0 0 0
4.95927e+08 3.47149e+09 2.0607e+07 3.47149e+09 1 7 2.0607e+07 0.00593607 200.857 3749.38
3.87268e+07 3.55418e+08 8.69808e+07 1.93634e+08 2 5 1.73962e+08 0.898404 254 5388.16
181487 1.2466e+08 4.58067e+07 263377 4 7 1.83227e+08 695.682 107.714 3083.89
4.6858e+08 3.74864e+09 2.18051e+07 3.74864e+09 1 8 2.18051e+07 0.0058168 136.875 3091.51
276112 3.81405e+07 6.70128e+07 1.65667e+06 2 6 1.34026e+08 80.9005 157.333 3852.2
0 0 0 0 0 0 0 0 0 0
8.04651e+08 1.04028e+09 6.58014e+07 6.75136e+06 6 5 3.94808e+08 58.4784 180 3811.95
0 0 0 0 0 0 0 0 0 0
4.50153e+07 1.98959e+09 8.4405e+07 1.76512e+08 4 8 3.3762e+08 1.91274 149.875 3074.76
0 0 0 0 0 0 0 0 0 0
1.55712e+08 2.1783e+09 7.95527e+07 1.08999e+09 3 7 2.38658e+08 0.218955 256 3568.44
5.14311e+08 2.05725e+09 2.17652e+07 1.62001e+09 2 8 4.35304e+07 0.0268704 167.5 3081.58
18291.4 82311.4 2.5e+07 74902 2 9 5e+07 667.539 200 2930.59
0 0 0 0 0 0 0 0 0 0
0 0 0 0 0 0 0 0 0 0
108373 1.69684e+08 6.45168e+07 611152 4 9 2.58067e+08 422.264 294.889 2808.97
2.71276e+13 0 3.33333e+07 3.95069e+13 3 7 1e+08 2.5312e-06 181.714 3166.88
19366.3 42346.9 2.40615e+07 43259.1 4 7 9.6246e+07 2224.87 114.857 2684.8
2.55976e+08 6.94449e+08 7.1672e+07 9.76284e+06 6 7 4.30032e+08 44.0478 139.429 2757.2
0 0 0 0 0 0 0 0 0 0
0 0 0 0 0 0 0 0 0 0
1.61962e+07 1.66955e+08 7.45407e+07 1.27006e+06 4 6 2.98163e+08 234.763 280.833 4554.45
4779.43 33456 2.5e+07 33456 1 7 2.5e+07 747.25 220.857 4768.84
3.76789e+11 0 6.25e+06 3.3911e+12 4 9 2.5e+07 7.37223e-06 138 2708.12
40041.1 9.8267e+07 6.66134e+07 320329 2 8 1.33227e+08 415.906 155.5 3263.26
0 0 0 0 0 0 0 0 0 0
5.16318e+07 8.91417e+08 7.40216e+07 719773 4 7 2.96086e+08 411.361 66.8571 3241.13
2.91355e+12 0 1.25e+07 2.33084e+13 2 8 2.5e+07 1.07257e-06 220.875 3696.61
0 0 0 0 0 0 0 0 0 0
6167.76 52464.3 2.5e+07 49342.1 2 8 5e+07 1013.33 178.875 3143.41
2.66399e+18 0 5.09318e+07 1.27528e+14 3 7 1.52796e+08 1.19814e-06 161.429 3404.93
0 0 0 0 0 0 0 0 0 0
4.43652e+12 0 2.5e+07 3.99287e+13 1 9 2.5e+07 6.26117e-07 160.889 2574.79
0 0 0 0 0 0 0 0 0 0
52442.9 172578 2.5e+07 178981 4 7 1e+08 558.717 173.714 3522.14
0 0 0 0 0 0 0 0 0 0
9.74954e+08 6.82468e+09 2.18051e+07 6.82468e+09 1 7 2.18051e+07 0.00319504 263.714 3731.92
1.72741e+13 0 2.5e+07 1.20919e+14 1 7 2.5e+07 2.06751e-07 80 3418.32
0 0 0 0 0 0 0 0 0 0
2.73402e+08 1.91382e+09 2.11661e+07 1.91382e+09 1 7 2.11661e+07 0.0110597 337.429 3844.66
1.46478e+16 0 6.51225e+07 1.84367e+15 3 8 1.95367e+08 1.05966e-07 143.875 2923.19
0 0 0 0 0 0 0 0 0 0
39744.9 3.28341e+08 6.86102e+07 397449 2 10 1.3722e+08 345.253 112.4 2508.47
1.07148e+08 1.363e+09 6.02636e+07 247776 4 9 2.41054e+08 972.874 180.889 2973.9
5.42915e+07 8.20177e+08 6.18344e+07 610330 6 6 3.71006e+08 607.878 254.833 4023.79
1.38191e+13 0 1.25e+07 8.29146e+13 2 6 2.5e+07 3.01515e-07 91.3333 3760.44
32898.7 160130 2.5e+07 135460 3 8 7.5e+07 553.67 68 2412.59
347608 2.73796e+08 7.8754e+07 2.43325e+06 3 7 2.36262e+08 97.0972 137.429 3658.14
0 0 0 0 0 0 0 0 0 0
0 0 0 0 0 0 0 0 0 0
0 0 0 0 0 0 0 0 0 0
0 0 0 0 0 0 0 0 0 0
10529.7 63178.4 2.5e+07 63178.4 1 6 2.5e+07 395.705 98.8333 3299.95
0 0 0 0 0 0 0 0 0 0
9.90528e+08 3.5136e+09 6.38339e+07 9.2145e+08 5 6 3.19169e+08 0.346377 328 3780.66
6.60907e+12 0 2.5e+07 4.62635e+13 1 7 2.5e+07 5.40383e-07 178 3501.99
50825.2 3.42714e+07 6.58147e+07 304951 2 6 1.31629e+08 431.641 75.3333 3505.7
0 0 0 0 0 0 0 0 0 0
3.3438e+08 1.40773e+09 7.90635e+07 3.90495e+08 8 6 6.32508e+08 1.61976 388.833 4075.64
143554 9.34693e+07 5.14111e+07 204053 3 8 1.54233e+08 755.849 106.875 3153.44
0 0 0 0 0 0 0 0 0 0
3.3366e+09 1.33464e+10 2.34026e+07 203165 2 8 4.68051e+07 230.38 109.875 2592.51
13242.7 29796 1e+08 1.90694e+06 4 9 4e+08 209.76 223.556 2709.05
3.14645e+06 1.64572e+08 7.49401e+07 73458.4 4 4 2.9976e+08 4080.68 236.75 5773.72
0 0 0 0 0 0 0 0 0 0
4.13182e+08 1.23955e+09 2.33227e+07 69126.5 2 6 4.66454e+07 674.782 333.333 4111.17
0 0 0 0 0 0 0 0 0 0
0 0 0 0 0 0 0 0 0 0
0 0 0 0 0 0 0 0 0 0
41800.6 281645 3.75e+07 250804 2 6 7.5e+07 299.038 104.833 3497.9
3294.32 36237.5 2.5e+07 36237.5 1 11 2.5e+07 689.892 150.909 2484.68
1.19879e+18 0 7.26837e+06 8.39152e+18 3 7 2.18051e+07 2.59847e-12 94.8571 3541.67
0 0 0 0 0 0 0 0 0 0
0 0 0 0 0 0 0 0 0 0
2.93303e+12 0 2.5e+07 1.21761e+13 3 10 7.5e+07 6.15961e-06 158.1 2752.15
0 0 0 0 0 0 0 0 0 0
0 0 0 0 0 0 0 0 0 0
0 0 0 0 0 0 0 0 0 0
0 0 0 0 0 0 0 0 0 0
1.00451e+14 0 2.5e+07 5.02257e+14 1 5 2.5e+07 4.97754e-08 186.8 4127.9
8.17654e+13 0 5.22098e+07 3.77137e+14 3 8 1.56629e+08 4.15312e-07 68 2859.97
4.3619e+13 0 4.60863e+07 1.12931e+14 5 8 2.30431e+08 2.04046e-06 86.875 2950.9
22053 200258 2.5e+07 176424 2 8 5e+07 283.408 144.875 3257.47
0 0 0 0 0 0 0 0 0 0
5537.84 55378.4 2.5e+07 55378.4 1 10 2.5e+07 451.439 76.5 2332.89
3.14622e+06 2.69585e+08 8.58626e+07 2.51697e+07 2 8 1.71725e+08 6.82269 98.875 2999.95
23528.3 211754 2.5e+07 211754 1 9 2.5e+07 118.061 114.889 2629.52
9.05575e+08 2.13004e+09 5.18104e+07 245994 3 7 1.55431e+08 631.85 433.714 4227.44
0 0 0 0 0 0 0 0 0 0
134916 8.89213e+07 4.5008e+07 275823 4 6 1.80032e+08 652.709 96 3621.8
1.84986e+07 1.19482e+08 8.39856e+07 1.10992e+08 2 6 1.67971e+08 1.51337 129.333 3370.22
18615.9 130323 2.5e+07 130311 2 7 5e+07 383.697 198.857 3867.9
8.25075e+07 5.01834e+08 7.52995e+07 472636 4 4 3.01198e+08 637.273 158 4597.77
9.75835e+06 1.83137e+08 6.57082e+07 387694 3 6 1.97125e+08 508.454 282.833 13202.7
119861 1.93131e+08 6.78115e+07 373235 4 8 2.71246e+08 726.743 301.875 3348.95
26808.3 1.0714e+06 6.54153e+07 160850 2 6 1.30831e+08 813.372 44 2991.39
1.05214e+08 1.38877e+09 8.5024e+07 3.21824e+07 4 4 3.40096e+08 10.5678 114 5575.45
0 0 0 0 0 0 0 0 0 0
0 0 0 0 0 0 0 0 0 0
1.07266e+13 0 2.5e+07 7.50864e+13 1 7 2.5e+07 3.3295e-07 169.714 4543.25
50354.9 2.03113e+08 6.58147e+07 352485 2 7 1.31629e+08 373.433 229.429 3682.14
0 0 0 0 0 0 0 0 0 0
3.50385e+13 0 6.25e+06 2.80308e+14 4 8 2.5e+07 8.91875e-08 313.5 3875.63
123132 1.81574e+06 6.72125e+07 738793 2 6 1.34425e+08 181.952 164 3732.9
0 0 0 0 0 0 0 0 0 0
0 0 0 0 0 0 0 0 0 0
3171.65 63451.3 2.5e+07 25373.2 2 8 5e+07 1970.59 101.875 2734.39
24884.6 2.25451e+08 6.86102e+07 199077 2 8 1.3722e+08 689.284 125.875 3150.24
7.98443e+07 1.54861e+09 8.32668e+07 4.79066e+08 2 6 1.66534e+08 0.347621 268.833 4747.64
4.89656e+18 0 5.85121e+07 2.11265e+14 7 6 4.09585e+08 1.93872e-06 205.333 3922.59
229348 9.62503e+07 5.07455e+07 217359 3 8 1.52236e+08 700.39 218 3355.85
5.79456e+08 1.35209e+09 2.36155e+07 15716.5 3 7 7.08466e+07 4507.78 145.429 3270.15
5.93051e+13 0 5.23429e+07 1.16668e+14 3 7 1.57029e+08 1.34594e-06 112.857 3102.46
1.13163e+09 1.13163e+10 2.13259e+07 1.13163e+10 1 10 2.13259e+07 0.00188453 143.6 2558.52
0 0 0 0 0 0 0 0 0 0
9.37881e+12 0 2.5e+07 8.44093e+13 1 9 2.5e+07 2.96176e-07 170 2867.83
16151.5 47290.5 2.5e+07 39953 4 8 1e+08 2502.94 39.875 2760.91
17141.1 218564 2.5e+07 137129 2 8 5e+07 364.62 224 3509.35
0 0 0 0 0 0 0 0 0 0
0 0 0 0 0 0 0 0 0 0
28846.3 6.63837e+07 6.68131e+07 115385 2 4 1.33626e+08 1158.09 324.75 6395.96
1.31755e+13 0 2.5e+07 1.31755e+14 1 10 2.5e+07 1.89746e-07 44.4 2030.45
6.98319e+12 0 1.25e+07 4.88823e+13 2 7 2.5e+07 5.11432e-07 76.8571 2971.09
1.86305e+13 0 3.88046e+07 3.29656e+13 6 8 2.32827e+08 7.06274e-06 139.5 3036.91
0 0 0 0 0 0 0 0 0 0
214870 6.64598e+07 6.46166e+07 1.07435e+06 2 5 1.29233e+08 120.29 396 5405.05
2717.32 24455.8 2.5e+07 24455.8 1 9 2.5e+07 1022.25 128 2795.65
1.74535e+13 0 2.5e+07 1.04721e+14 1 6 2.5e+07 2.3873e-07 157.5 4119.01
0 0 0 0 0 0 0 0 0 0
9930.47 45032.7 2.5e+07 43134.3 3 9 7.5e+07 1738.75 92.8889 2547.22
0 0 0 0 0 0 0 0 0 0
77199.2 6.19142e+07 4.60064e+07 253610 4 9 1.84026e+08 725.624 108.889 2716.76
0 0 0 0 0 0 0 0 0 0
32574.7 5.42341e+07 6.70128e+07 260598 2 8 1.34026e+08 514.3 143.875 2910.08
4947.5 47604.9 3.75e+07 34632.5 2 7 7.5e+07 2165.6 124.857 3481.3
1.74058e+09 1.04435e+10 2.14058e+07 1.04435e+10 1 6 2.14058e+07 0.00204968 154 4044.02
5557.02 38899.2 2.5e+07 38899.2 1 7 2.5e+07 642.688 94.8571 3608.39
5.17298e+07 4.24485e+08 6.3525e+07 156247 3 8 1.90575e+08 1219.71 223.875 2889.42
219199 2.46348e+09 5.63898e+07 1.53439e+06 3 7 1.69169e+08 110.252 130.857 3309.55
0 0 0 0 0 0 0 0 0 0
0 0 0 0 0 0 0 0 0 0
1.04286e+08 1.27257e+09 7.4393e+07 777077 5 7 3.71965e+08 478.672 225.714 3039.79
1084.63 59429 2.5e+07 9761.66 2 9 5e+07 5122.08 134 3222.6
145324 2.88635e+08 6.70128e+07 1.01727e+06 2 7 1.34026e+08 131.75 55.4286 3683.98
6877.1 43440.8 2.5e+07 48139.7 2 7 5e+07 1038.64 72.8571 3460.76
0 0 0 0 0 0 0 0 0 0
0 0 0 0 0 0 0 0 0 0
8848.3 142786 2.5e+07 79634.7 3 9 7.5e+07 941.801 220 2502.1
85628.5 1.3238e+08 5.20767e+07 241574 3 9 1.5623e+08 646.716 172.889 2671.33
5.45017e+07 1.33939e+09 8.77796e+07 3.81512e+08 2 7 1.75559e+08 0.460167 265.429 4330.1
0 0 0 0 0 0 0 0 0 0
6.72362e+12 0 1.25e+07 5.3789e+13 2 8 2.5e+07 4.64779e-07 148.875 3209.06
0 0 0 0 0 0 0 0 0 0
0 0 0 0 0 0 0 0 0 0
8.76802e+08 7.89122e+09 2.17252e+07 7.89122e+09 1 9 2.17252e+07 0.00275309 132 3026.15
0 0 0 0 0 0 0 0 0 0
49678.5 2.16376e+07 4.59065e+07 218198 4 9 1.83626e+08 841.558 148 2832.29
36065.7 102434 2.83067e+07 59879.5 5 8 1.41534e+08 2363.64 172 3063.64
1.90378e+16 0 3.82748e+07 3.79812e+14 5 6 1.91374e+08 5.03865e-07 166 4101.18
1.04894e+18 0 7.26837e+06 7.34258e+18 3 7 2.18051e+07 2.96968e-12 199.429 3493.73
0 0 0 0 0 0 0 0 0 0
0 0 0 0 0 0 0 0 0 0
1.48031e+12 0 8.33333e+06 1.03622e+13 3 7 2.5e+07 2.41262e-06 183.714 3814.06
11214.3 201355 2.5e+07 67285.5 2 6 5e+07 743.102 62 3919.59
5.9354e+06 1.26398e+08 6.27396e+07 573868 4 6 2.50958e+08 437.31 143.333 3597.96
5707.92 57079.2 2.5e+07 57079.2 1 10 2.5e+07 437.988 124.1 2230.64
0 0 0 0 0 0 0 0 0 0
1.21192e+08 1.40576e+09 5.73642e+07 251744 5 7 2.86821e+08 1139.34 196.857 3476.87
2.06523e+09 1.44566e+10 2.07668e+07 1.44566e+10 1 7 2.07668e+07 0.00143649 119.429 3744.9
2.0288e+16 0 6.57614e+07 5.86304e+14 3 5 1.97284e+08 3.36488e-07 105.2 4269.75
5.88024e+13 0 5.31416e+07 2.58589e+14 3 8 1.59425e+08 6.16519e-07 75.5 3169.4
8468.6 60037.8 2.5e+07 59280.2 2 7 5e+07 843.452 150.857 3172.91
7.72682e+07 2.41298e+09 8.09425e+07 1.34469e+08 5 6 4.04712e+08 3.00971 222 3508.03
10531.4 73720 2.5e+07 73720 1 7 2.5e+07 339.121 192 3702.07
0 0 0 0 0 0 0 0 0 0
60255.7 1.79889e+07 6.58147e+07 421790 2 7 1.31629e+08 312.073 229.714 12692.1
2.72263e+07 7.92173e+08 8.68211e+07 1.90584e+08 2 7 1.73642e+08 0.911105 286.857 3413.21
4.39186e+12 0 2.5e+07 3.51349e+13 1 8 2.5e+07 7.11544e-07 373.5 3572.1
23086.4 2.53834e+07 6.70128e+07 115432 2 5 1.34026e+08 1161.08 242 4558.07
2.85087e+09 2.28069e+10 2.16454e+07 2.28069e+10 1 8 2.16454e+07 0.000949069 107.5 2641.48
124659 466601 6.70128e+07 623294 2 5 1.34026e+08 215.028 133.2 4486.44
3.96626e+16 0 6.60543e+07 1.97018e+15 3 6 1.98163e+08 1.00581e-07 152 3683.8
