2.08846e+08 1.38932e+09 7.99201e+07 5.24134e+08 5 6 3.99601e+08 0.762402 117.5 3502.36
570317 7.7835e+07 6.57149e+07 802975 4 4 2.62859e+08 327.357 112.75 5998.57
1.37878e+06 4.0069e+07 6.65136e+07 830624 4 4 2.66054e+08 320.307 51 116034
0 0 0 0 0 0 0 0 0 0
59107.1 2.05029e+08 6.70128e+07 295535 2 5 1.34026e+08 453.501 95.2 3759.62
1.12307e+08 1.66017e+08 6.45101e+07 696680 6 5 3.87061e+08 555.579 106.8 3191.3
3.68935e+18 0 6.58679e+07 9.56939e+16 3 5 1.97604e+08 2.06496e-09 179.2 5104.51
2.48032e+07 1.23024e+08 8.79792e+07 9.92128e+07 2 4 1.75958e+08 1.77355 141 4767.28
0 0 0 0 0 0 0 0 0 0
1.66601e+18 0 2.16454e+07 8.33004e+18 1 5 2.16454e+07 2.59847e-12 166 4688.51
1.39478e+06 1.19437e+08 7.23163e+07 1.95578e+06 5 5 3.61581e+08 184.879 238 3964.66
5.84752e+12 0 5e+06 3.50851e+13 5 6 2.5e+07 7.12553e-07 123.5 13424.2
0 0 0 0 0 0 0 0 0 0
247547 9.89608e+07 4.54473e+07 712809 5 6 2.27236e+08 318.79 308.833 4239.77
0 0 0 0 0 0 0 0 0 0
0 0 0 0 0 0 0 0 0 0
5.83871e+07 9.63866e+08 7.21379e+07 694159 6 5 4.32827e+08 623.528 109.2 3131.58
1.03682e+06 1.41617e+08 6.52157e+07 469183 6 6 3.91294e+08 833.991 297.333 4794.52
1.48614e+08 1.67923e+08 6.54724e+07 1.10153e+06 7 5 4.58307e+08 416.065 111.2 4060.82
1.13509e+08 7.94562e+08 2.11661e+07 7.94562e+08 1 7 2.11661e+07 0.0266388 365.714 3406.19
0 0 0 0 0 0 0 0 0 0
0 0 0 0 0 0 0 0 0 0
2.15274e+08 3.51497e+09 7.63578e+07 1.07637e+09 3 5 2.29073e+08 0.21282 162 5160.35
4.59285e+09 2.29642e+10 2.11661e+07 2.29642e+10 1 5 2.11661e+07 0.0009217 224.8 13006.5
1.35845e+08 1.11334e+09 7.07497e+07 1.54019e+06 14 4 9.90495e+08 643.101 122 6000.67
245850 3.21075e+08 7.13658e+07 456261 4 4 2.85463e+08 625.658 8.75 5215.4
1.01325e+08 2.79876e+09 7.61182e+07 3.03976e+08 3 3 2.28355e+08 0.751227 54 5696.27
2.77698e+08 1.77602e+09 8.13898e+07 1.48722e+08 5 4 4.06949e+08 2.7363 26 4499.18
1.33915e+08 7.88074e+08 7.7613e+07 518273 7 5 5.43291e+08 1048.27 97.2 3723.77
63419.9 6.31007e+08 8.47843e+07 253680 2 4 1.69569e+08 668.437 122.75 4306.21
1.66851e+07 8.92435e+07 7.21512e+07 802501 6 6 4.32907e+08 539.447 117.333 3830.38
6.11577e+08 3.05788e+09 2.1246e+07 3.05788e+09 1 5 2.1246e+07 0.00694795 318.8 4612.43
0 0 0 0 0 0 0 0 0 0
5866.92 87790.7 2.5e+07 35201.5 2 6 5e+07 1420.39 154 3499.07
458548 2.46667e+06 6.58147e+07 2.29274e+06 2 5 1.31629e+08 57.4114 10.8 3588.89
3.1332e+08 1.25328e+09 2.0607e+07 1.25328e+09 1 4 2.0607e+07 0.0164425 228.75 116476
0 0 0 0 0 0 0 0 0 0
7.86971e+07 1.57066e+09 5.49321e+07 534396 4 5 2.19728e+08 411.171 90.8 14316.7
1.39955e+08 1.9917e+09 7.77423e+07 1.84865e+08 6 4 4.66454e+08 2.52321 201 6418.75
1.62511e+13 0 2.5e+07 8.12553e+13 1 5 2.5e+07 3.07672e-07 190.8 4252.72
0 0 0 0 0 0 0 0 0 0
2.75821e+07 1.04536e+09 7.46605e+07 3.40097e+07 8 5 5.97284e+08 17.5622 160 12534.6
0 0 0 0 0 0 0 0 0 0
0 0 0 0 0 0 0 0 0 0
448440 1.65297e+08 6.5016e+07 43976.2 4 4 2.60064e+08 5913.74 74 5579.51
1.88391e+08 2.12912e+08 5.56609e+07 271542 8 6 4.45288e+08 1639.85 154.833 3471.3
423077 4.76448e+07 5.27423e+07 788606 3 4 1.58227e+08 200.641 132.75 116574
1.22447e+06 1.20298e+09 7.24121e+07 708299 5 6 3.62061e+08 511.17 37.3333 3599.22
41287 2.35605e+08 6.60144e+07 247722 2 6 1.32029e+08 532.972 165.333 4125.2
0 0 0 0 0 0 0 0 0 0
2611.32 1.26015e+08 6.40176e+07 10445.3 2 4 1.28035e+08 12257.7 94 14269.5
0 0 0 0 0 0 0 0 0 0
0 0 0 0 0 0 0 0 0 0
0 0 0 0 0 0 0 0 0 0
0 0 0 0 0 0 0 0 0 0
1.05234e+08 4.39197e+08 8.30272e+07 4.20937e+08 2 4 1.66054e+08 0.394488 24.75 115916
0 0 0 0 0 0 0 0 0 0
4.31859e+13 0 2.5e+07 2.1593e+14 1 5 2.5e+07 1.15778e-07 213.2 4454.7
32840.3 1.36718e+08 6.5615e+07 197042 2 6 1.3123e+08 666.002 80 3480.1
0 0 0 0 0 0 0 0 0 0
0 0 0 0 0 0 0 0 0 0
0 0 0 0 0 0 0 0 0 0
0 0 0 0 0 0 0 0 0 0
54360.1 206530 2.5e+07 271800 2 5 5e+07 183.958 78.8 4627.38
1.83184e+08 1.54592e+09 8.55831e+07 9.15919e+08 2 5 1.71166e+08 0.186879 180.8 4234.52
1.95875e+08 5.35486e+08 8.49042e+07 7.83499e+08 2 4 1.69808e+08 0.216731 102.75 4688.44
2.78283e+06 4.69397e+08 8.44649e+07 1.39141e+07 2 5 1.6893e+08 12.1409 187.2 14462.2
0 0 0 0 0 0 0 0 0 0
104707 2.02842e+08 7.94196e+07 523535 3 5 2.38259e+08 455.096 117.2 3852.25
162268 1.4555e+08 6.40176e+07 811338 2 5 1.28035e+08 157.807 250.8 5181.69
2.01407e+16 0 6.42572e+07 6.79702e+13 6 6 3.85543e+08 5.67224e-06 93.3333 3669.81
0 0 0 0 0 0 0 0 0 0
7.78675e+07 3.84969e+08 7.7689e+07 3.89338e+08 3 5 2.33067e+08 0.598625 106.8 4123.14
1.21951e+09 6.09756e+09 2.13259e+07 6.09756e+09 1 5 2.13259e+07 0.00349745 227.2 4903.29
1.9018e+08 3.43991e+08 5.17838e+07 1.22859e+06 3 5 1.55351e+08 126.447 298.8 14221
0 0 0 0 0 0 0 0 0 0
5.40728e+07 3.88096e+08 8.58227e+07 3.24437e+08 2 6 1.71645e+08 0.529057 80 3396.75
331335 6.84545e+07 6.72125e+07 1.32534e+06 2 4 1.34425e+08 101.427 84 14510.9
199197 4.77071e+07 6.40176e+07 995987 2 5 1.28035e+08 128.551 118 3487.65
0 0 0 0 0 0 0 0 0 0
5.99341e+08 2.19471e+09 7.52738e+07 1.23964e+09 7 4 5.26917e+08 0.425055 114.75 5052.64
0 0 0 0 0 0 0 0 0 0
701734 1.59833e+08 7.46166e+07 57535.3 5 4 3.73083e+08 6484.42 54.75 4694.8
0 0 0 0 0 0 0 0 0 0
1.12816e+14 0 5.27423e+07 1.77015e+14 3 5 1.58227e+08 8.93863e-07 89.2 3201.51
1.9759e+18 0 7.05272e+07 1.0311e+17 7 6 4.9369e+08 4.788e-09 290.833 4220.08
0 0 0 0 0 0 0 0 0 0
83776.3 3.49062e+07 6.55152e+07 244976 4 6 2.62061e+08 1069.74 53.5 3634.73
1.94028e+08 2.16703e+09 7.59385e+07 9.70142e+08 4 5 3.03754e+08 0.313103 504.8 7331.46
202666 3.4913e+08 6.58147e+07 1.01333e+06 2 5 1.31629e+08 129.898 17.2 3991
64902.9 3.70998e+08 6.86102e+07 454320 2 7 1.3722e+08 302.034 121.714 2796.87
1.47951e+13 0 5.1278e+07 4.56001e+13 3 6 1.53834e+08 3.37354e-06 122.833 3990.14
0 0 0 0 0 0 0 0 0 0
281249 1.13124e+08 6.70128e+07 1.125e+06 2 4 1.34026e+08 119.134 182.75 5672.46
8.78652e+07 1.7001e+09 8.56829e+07 2.19558e+08 4 5 3.42732e+08 1.56101 274 3731.44
0 0 0 0 0 0 0 0 0 0
2.32832e+18 0 6.85383e+07 1.0444e+15 10 5 6.85383e+08 6.56246e-07 281.2 4456.18
108188 2.3564e+07 3.88711e+07 305035 6 6 2.33227e+08 764.59 70.8333 3010.72
3.0231e+18 0 2.24441e+07 1.51155e+19 1 5 2.24441e+07 1.48484e-12 200.8 4236.05
0 0 0 0 0 0 0 0 0 0
8.41758e+07 2.86131e+08 8.71805e+07 3.36703e+08 2 4 1.74361e+08 0.517848 176.75 5243.96
0 0 0 0 0 0 0 0 0 0
0 0 0 0 0 0 0 0 0 0
352571 1.43645e+08 7.36581e+07 326788 5 4 3.68291e+08 1127 149 4902.02
49237.9 183771 2.5e+07 295427 2 6 5e+07 169.246 119.333 3953.32
8.28222e+07 1.41662e+09 7.73962e+07 3.31289e+08 3 4 2.32188e+08 0.700864 106 4853.32
8.57259e+12 0 1.25e+07 4.28629e+13 2 5 2.5e+07 5.83254e-07 164.8 4414.31
6.93791e+16 0 7.16054e+07 1.24372e+15 12 4 8.59265e+08 6.90882e-07 173 4789.67
5.1661e+07 2.24145e+09 7.71109e+07 1.7518e+06 7 6 5.39776e+08 308.126 363.5 3988.69
0 0 0 0 0 0 0 0 0 0
643014 1.04233e+08 7.36581e+07 1.31186e+06 5 4 3.68291e+08 280.739 70.75 5143.6
1.75183e+08 2.00514e+09 8.65016e+07 7.00732e+08 2 4 1.73003e+08 0.246889 42.75 4796.47
1.28025e+08 1.97218e+08 8.34265e+07 5.12099e+08 2 4 1.66853e+08 0.325822 114 6444.7
54655.3 176083 2.5e+07 273277 2 5 5e+07 182.965 14.8 3944.76
504742 2.43186e+08 7.3738e+07 200509 5 4 3.6869e+08 1838.77 46 4689.69
217245 1.8189e+08 7.79553e+07 1.30347e+06 3 6 2.33866e+08 179.418 52.8333 3344.81
1.2221e+08 1.25715e+09 8.67812e+07 4.88842e+08 2 4 1.73562e+08 0.355048 196.75 115954
6.2989e+12 0 2.5e+07 3.77934e+13 1 6 2.5e+07 6.61491e-07 144.833 3847.25
4.60818e+18 0 6.49095e+07 8.01627e+16 3 4 1.94728e+08 2.42917e-09 198 5836.01
4.30338e+08 1.88197e+09 7.97705e+07 1.04808e+07 11 4 8.77476e+08 83.7226 154.75 5037.21
8.37676e+07 1.79913e+09 7.86475e+07 5.02606e+08 3 6 2.35942e+08 0.469438 164 3941.93
1.95802e+18 0 4.95474e+07 2.00676e+13 3 5 1.48642e+08 7.40706e-06 206.8 4244.13
273544 2.42281e+08 6.40176e+07 1.36772e+06 2 5 1.28035e+08 93.6121 76 4454.32
0 0 0 0 0 0 0 0 0 0
78040.1 3.00673e+08 6.44169e+07 390200 2 5 1.28834e+08 330.174 24.8 3942.91
0 0 0 0 0 0 0 0 0 0
8.77597e+08 4.38799e+09 2.08466e+07 4.38799e+09 1 5 2.08466e+07 0.00475085 201.2 4426.52
214252 1.558e+08 6.55152e+07 37805.8 4 5 2.62061e+08 6931.76 232 4404.87
0 0 0 0 0 0 0 0 0 0
4.89352e+08 8.59474e+08 5.1278e+07 2.04563e+06 3 5 1.53834e+08 75.2012 165.2 3998.6
0 0 0 0 0 0 0 0 0 0
0 0 0 0 0 0 0 0 0 0
1.15478e+08 1.22614e+09 7.33227e+07 3.41675e+06 5 4 3.66613e+08 107.299 186.75 6753.5
94716.1 1.99683e+08 6.46166e+07 473580 2 5 1.29233e+08 272.886 117.2 4242.89
7.4628e+06 1.21191e+09 7.502e+07 563026 4 5 3.0008e+08 532.976 187.2 5208.27
0 0 0 0 0 0 0 0 0 0
17535 111065 3.75e+07 87675.1 2 5 7.5e+07 855.431 122 4321.11
0 0 0 0 0 0 0 0 0 0
2.41393e+07 1.51363e+09 6.01438e+07 61404.6 6 6 3.60863e+08 5876.8 199.333 4754.11
166533 2.36924e+07 6.66134e+07 832666 2 5 1.33227e+08 160 86.8 3937.2
0 0 0 0 0 0 0 0 0 0
1.6458e+13 0 2.5e+07 8.229e+13 1 5 2.5e+07 3.03803e-07 171.2 4549.73
7.99229e+07 1.48726e+09 7.18717e+07 3.60389e+06 6 5 4.3123e+08 119.657 122.8 5430.98
177522 4.3631e+07 6.58147e+07 887609 2 5 1.31629e+08 148.297 92.8 4062.74
1.00357e+08 4.37452e+08 8.52236e+07 7.02497e+08 2 7 1.70447e+08 0.242631 110 3283.67
1.73742e+08 1.28876e+09 6.88179e+07 640544 10 4 6.88179e+08 1074.37 322.75 5212.09
695150 2.60982e+07 6.54153e+07 2.7806e+06 2 4 1.30831e+08 47.0512 131 6150.8
39277.5 1.72176e+08 6.60144e+07 35797.1 4 6 2.64058e+08 7376.5 163.333 3681.61
529217 1.44513e+08 6.59145e+07 947340 4 4 2.63658e+08 278.314 72.75 4616.16
0 0 0 0 0 0 0 0 0 0
0 0 0 0 0 0 0 0 0 0
1.15495e+07 1.31508e+09 8.69409e+07 6.92969e+07 2 6 1.73882e+08 2.50923 101.333 4817.03
23679.9 1.10886e+06 6.54153e+07 118399 2 5 1.30831e+08 1105 236.8 5814.38
0 0 0 0 0 0 0 0 0 0
6.26577e+07 8.03086e+08 8.63818e+07 2.50631e+08 2 4 1.72764e+08 0.689315 24.75 3966.08
0 0 0 0 0 0 0 0 0 0
0 0 0 0 0 0 0 0 0 0
0 0 0 0 0 0 0 0 0 0
72774.8 6.26566e+07 6.66134e+07 436649 2 6 1.33227e+08 305.112 187.333 3722.74
0 0 0 0 0 0 0 0 0 0
17362.5 106468 2.5e+07 104175 2 6 5e+07 479.962 51.3333 3573.37
0 0 0 0 0 0 0 0 0 0
0 0 0 0 0 0 0 0 0 0
3.52838e+07 5.94393e+08 7.60583e+07 508603 4 5 3.04233e+08 598.175 134.8 4648.33
0 0 0 0 0 0 0 0 0 0
41950.8 4.10566e+07 6.36182e+07 209754 2 5 1.27236e+08 606.599 153.2 4155.33
9383.33 56300 2.5e+07 56300 1 6 2.5e+07 444.05 299.333 4502.58
3.75792e+07 1.76495e+09 7.69702e+07 5.44043e+07 6 4 4.61821e+08 8.48868 122 4738.85
1.24372e+08 3.18274e+08 8.81789e+07 4.9749e+08 2 4 1.76358e+08 0.354495 89 4740.99
0 0 0 0 0 0 0 0 0 0
2392.34 2.97932e+08 6.40176e+07 11961.7 2 5 1.28035e+08 10703.8 75.2 3509.75
0 0 0 0 0 0 0 0 0 0
0 0 0 0 0 0 0 0 0 0
0 0 0 0 0 0 0 0 0 0
0 0 0 0 0 0 0 0 0 0
0 0 0 0 0 0 0 0 0 0
401158 2.28148e+08 6.36182e+07 2.00579e+06 2 5 1.27236e+08 63.4346 42 4664.73
0 0 0 0 0 0 0 0 0 0
0 0 0 0 0 0 0 0 0 0
2.4961e+06 1.30959e+09 7.40415e+07 2.20803e+06 5 4 3.70208e+08 167.664 73 4385.08
1.47882e+09 2.69262e+09 6.45687e+07 2.29535e+08 5 5 3.22843e+08 1.40651 280.8 4886.93
0 0 0 0 0 0 0 0 0 0
3.54313e+08 7.90406e+08 7.33138e+07 2.91898e+06 9 4 6.59824e+08 226.046 94 5107.04
0 0 0 0 0 0 0 0 0 0
8.9412e+07 4.80335e+08 7.65632e+07 4.21787e+06 7 5 5.35942e+08 127.065 108.8 3778.3
0 0 0 0 0 0 0 0 0 0
0 0 0 0 0 0 0 0 0 0
50363.1 207290 6.54153e+07 302179 2 6 1.30831e+08 432.958 59.3333 3513.76
0 0 0 0 0 0 0 0 0 0
8735.96 172720 2.5e+07 52415.8 2 6 5e+07 953.911 54.8333 3554.39
0 0 0 0 0 0 0 0 0 0
1.70362e+08 9.93819e+08 7.1033e+07 2.05632e+06 12 4 8.52396e+08 414.526 233 116770
0 0 0 0 0 0 0 0 0 0
2.58712e+09 4.51412e+09 5.28488e+07 226363 3 5 1.58546e+08 700.406 229.2 4358.02
0 0 0 0 0 0 0 0 0 0
9.18052e+08 5.50831e+09 2.14058e+07 5.50831e+09 1 6 2.14058e+07 0.00388608 147.333 3954.36
