0 0 0 0 0 0 0 0 0 0
1.15275e+08 1.40148e+09 7.39309e+07 1.85881e+06 13 4 9.61102e+08 517.053 4.75 4613.8
3.38097e+07 8.66333e+08 7.74228e+07 1.35239e+08 3 4 2.32268e+08 1.71747 69 5587.71
1.57249e+09 3.13827e+09 7.18124e+07 484971 11 4 7.89936e+08 1628.83 261 13866.8
0 0 0 0 0 0 0 0 0 0
0 0 0 0 0 0 0 0 0 0
5.83285e+08 1.26759e+09 8.17207e+07 4.23703e+08 7 3 5.72045e+08 1.35011 42 5578.93
0 0 0 0 0 0 0 0 0 0
4.35971e+08 2.54873e+09 8.20972e+07 3.26704e+08 7 3 5.74681e+08 1.75903 50 5835.44
0 0 0 0 0 0 0 0 0 0
0 0 0 0 0 0 0 0 0 0
0 0 0 0 0 0 0 0 0 0
4.93854e+06 1.24735e+08 8.74201e+07 2.46927e+07 2 5 1.7484e+08 7.08064 52.8 4190.52
7.84729e+06 1.2596e+08 8.45048e+07 3.13892e+07 2 4 1.6901e+08 5.38433 292.75 117439
0 0 0 0 0 0 0 0 0 0
6.85765e+07 6.90628e+08 6.69728e+07 2.80659e+06 10 4 6.69728e+08 238.627 92.75 5272.62
3.19963e+08 1.50344e+09 7.52263e+07 1.34418e+07 12 4 9.02716e+08 67.1575 72 4824.26
1.01638e+08 1.77808e+09 7.51198e+07 2.40199e+06 4 4 3.00479e+08 125.096 81 4689.71
4.3948e+08 2.62549e+09 7.78931e+07 1.48869e+07 9 3 7.01038e+08 47.0911 28.6667 5615.1
0 0 0 0 0 0 0 0 0 0
104128 1.24163e+08 6.68131e+07 416511 2 4 1.33626e+08 320.823 6.75 4538.63
9.10683e+06 1.71174e+08 8.34265e+07 3.64273e+07 2 4 1.66853e+08 4.58044 152.75 14700.3
1.65511e+08 4.09995e+09 7.27316e+07 4.96533e+08 5 3 3.63658e+08 0.732394 82.6667 5340
0 0 0 0 0 0 0 0 0 0
266151 2.34629e+07 6.5016e+07 1.06461e+06 2 4 1.30032e+08 122.141 62.75 4528.87
0 0 0 0 0 0 0 0 0 0
1.38537e+09 2.64613e+09 6.3778e+07 1.18011e+08 4 4 2.55112e+08 2.16176 282.75 5386.86
0 0 0 0 0 0 0 0 0 0
0 0 0 0 0 0 0 0 0 0
0 0 0 0 0 0 0 0 0 0
319111 1.1958e+08 6.58147e+07 571707 4 4 2.63259e+08 460.478 152.75 5841.7
0 0 0 0 0 0 0 0 0 0
4.07358e+07 1.55273e+09 8.3746e+07 2.35867e+06 4 4 3.34984e+08 142.022 57 4145.25
159658 3.12975e+07 6.36182e+07 638633 2 4 1.27236e+08 199.232 94 4760.07
1.79536e+08 7.27226e+08 6.5655e+07 381056 4 4 2.6262e+08 689.189 243 13841.1
1.43315e+08 3.16642e+09 8.42252e+07 5.7326e+08 2 4 1.6845e+08 0.293847 88.75 5442.07
82712.5 8.40179e+07 6.46166e+07 330850 2 4 1.29233e+08 390.61 169 5890.94
1.8581e+08 6.62564e+08 8.4385e+07 7.43241e+08 2 4 1.6877e+08 0.227073 64.75 4997.57
653270 1.7125e+07 6.30192e+07 2.61308e+06 2 4 1.26038e+08 48.2336 251 6018.59
691204 3.04189e+08 6.5615e+07 862071 4 4 2.6246e+08 304.453 74 4724.19
5.17242e+07 1.84752e+09 7.65176e+07 2.06897e+08 3 4 2.29553e+08 1.1095 84.75 5211.96
5.31337e+08 2.20809e+09 7.33903e+07 1.12297e+06 13 4 9.54073e+08 849.596 304.75 5365.91
274422 2.28216e+08 6.40176e+07 1.09769e+06 2 4 1.28035e+08 116.641 20 4738.55
1.67355e+08 1.06386e+09 7.28594e+07 1.94437e+06 5 4 3.64297e+08 187.36 130 5680.76
5.51729e+08 5.30841e+09 2.78222e+07 307775 3 4 8.34665e+07 271.193 261 117958
0 0 0 0 0 0 0 0 0 0
6.69162e+09 3.56136e+09 6.89377e+07 1.74716e+06 10 4 6.89377e+08 394.569 256.75 13978.5
2.31421e+06 1.24935e+08 7.45367e+07 410435 5 4 3.72684e+08 908.022 80 4610.69
0 0 0 0 0 0 0 0 0 0
0 0 0 0 0 0 0 0 0 0
1.37669e+08 2.1447e+09 8.47444e+07 5.50675e+08 2 4 1.69489e+08 0.307784 69 4654.52
107813 465141 3.75e+07 323440 2 3 7.5e+07 231.882 56 5858.64
340724 6.2912e+07 6.54153e+07 448271 6 5 3.92492e+08 875.569 200 4773.49
5.61731e+07 9.62855e+08 6.80366e+07 924399 11 4 7.48403e+08 809.61 130.75 5200.12
1.77966e+08 1.5961e+09 8.1901e+07 3.32717e+08 5 4 4.09505e+08 1.23079 146 5858.26
0 0 0 0 0 0 0 0 0 0
1.9816e+07 1.44388e+09 7.80618e+07 7.92639e+07 3 4 2.34185e+08 2.9545 117 4065.08
528303 1.72413e+08 7.44569e+07 1.01198e+06 5 4 3.72284e+08 367.877 62 4658.2
0 0 0 0 0 0 0 0 0 0
4.83272e+08 3.41983e+09 8.07668e+07 9.52083e+08 5 4 4.03834e+08 0.424158 218.75 4816.35
0 0 0 0 0 0 0 0 0 0
1.36522e+08 1.69057e+09 8.09744e+07 2.49568e+08 5 4 4.04872e+08 1.62229 14 4039.48
988590 2.2781e+08 7.90202e+07 2.96577e+06 3 3 2.37061e+08 79.9323 6 14161.5
2.75119e+08 4.15988e+09 8.02183e+07 1.10047e+09 3 4 2.40655e+08 0.218683 65 5138.45
6.20531e+06 1.46976e+09 5.39137e+07 2.48212e+07 2 4 1.07827e+08 4.34416 177 4928.46
1.56634e+07 1.43356e+08 7.50399e+07 1.75002e+06 4 4 3.0016e+08 171.518 124.75 5511.06
1.08291e+07 5.53269e+08 7.73429e+07 4.33165e+07 3 4 2.32029e+08 5.35659 69 5040.33
6055.32 4.1101e+08 6.72125e+07 18166 2 3 1.34425e+08 7399.82 16.6667 5967.04
0 0 0 0 0 0 0 0 0 0
6.75548e+07 5.23191e+08 7.49401e+07 4.35259e+06 4 4 2.9976e+08 68.8694 48.75 4441.99
38842.3 2.70439e+08 6.40176e+07 155369 2 4 1.28035e+08 824.071 74.75 4383.8
2.05946e+18 0 2.14058e+07 8.23783e+18 1 4 2.14058e+07 2.59847e-12 86.75 13905.2
2.28083e+08 1.65667e+09 7.76225e+07 8.19823e+07 12 4 9.3147e+08 11.3618 153 4644.86
191150 1.71193e+08 5.40735e+07 764601 3 4 1.6222e+08 212.164 117 4832.37
9.94616e+07 5.96748e+08 7.95527e+07 2.24714e+06 6 4 4.77316e+08 212.41 54.75 4533.59
1.41722e+08 2.02977e+09 7.63122e+07 425755 7 3 5.34185e+08 1254.68 60.6667 5707.48
0 0 0 0 0 0 0 0 0 0
357155 3.89192e+07 6.52157e+07 645280 4 4 2.60863e+08 404.262 165 4667.24
0 0 0 0 0 0 0 0 0 0
1.58034e+08 1.1223e+09 7.47426e+07 1.68548e+06 9 4 6.72684e+08 399.106 77 13555
5.11566e+07 1.49273e+09 7.30032e+07 2.21605e+06 5 4 3.65016e+08 164.715 18.75 4594.03
910006 2.45099e+08 6.58147e+07 3.64002e+06 2 4 1.31629e+08 36.1617 138 5137.44
684474 1.74994e+08 6.68131e+07 2.7379e+06 2 4 1.33626e+08 48.8061 144.75 4671
31859.9 155119 3.75e+07 127439 2 4 7.5e+07 588.515 125 5026.88
3.83276e+08 1.73113e+09 7.62199e+07 2.02269e+06 11 4 8.38419e+08 414.506 209 5289.84
554990 1.86274e+08 7.03807e+07 123696 6 4 4.22284e+08 3413.9 45 5317.86
70179.8 2.75289e+07 6.44169e+07 280719 2 4 1.28834e+08 458.942 42.75 4351.9
1.98045e+08 1.5631e+09 8.69808e+07 3.05732e+08 4 4 3.47923e+08 1.138 96.75 4805.27
0 0 0 0 0 0 0 0 0 0
0 0 0 0 0 0 0 0 0 0
379456 2.75887e+09 7.25106e+07 717737 6 4 4.35064e+08 606.161 152.75 5198.27
5.5142e+08 5.76509e+08 4.43091e+07 306002 4 4 1.77236e+08 579.2 222 5039.35
0 0 0 0 0 0 0 0 0 0
7.99055e+08 3.99527e+09 2.07668e+07 3.99527e+09 1 5 2.07668e+07 0.00519783 273.2 4375.53
1.87158e+08 3.37001e+09 7.67306e+07 7.48632e+08 3 4 2.30192e+08 0.307483 142 13989.6
3.87028e+07 2.54141e+09 7.73429e+07 1.54811e+08 3 4 2.32029e+08 1.49878 58 5408.41
0 0 0 0 0 0 0 0 0 0
0 0 0 0 0 0 0 0 0 0
0 0 0 0 0 0 0 0 0 0
0 0 0 0 0 0 0 0 0 0
1.59728e+06 1.42342e+09 7.46006e+07 579345 4 4 2.98403e+08 515.069 42.75 5048.75
0 0 0 0 0 0 0 0 0 0
1.88848e+08 1.90975e+09 8.39058e+07 7.55393e+08 2 4 1.67812e+08 0.222151 88.75 6458.07
1.23366e+08 7.12426e+08 7.46406e+07 2.19618e+06 4 4 2.98562e+08 135.946 48.75 4706.37
2.90694e+08 1.89298e+09 8.67013e+07 1.16278e+09 2 4 1.73403e+08 0.149128 281 5647.47
761710 2.52478e+08 6.66134e+07 2.28513e+06 2 3 1.33227e+08 58.3016 20.6667 13923.9
0 0 0 0 0 0 0 0 0 0
3.95171e+08 2.22183e+09 7.71299e+07 7.89822e+08 6 4 4.6278e+08 0.585929 242.75 5270.55
1.44007e+08 2.16819e+09 8.36262e+07 5.76029e+08 2 4 1.67252e+08 0.290354 42.75 5814.48
51102.6 3.32848e+07 6.36182e+07 204410 2 4 1.27236e+08 622.456 129 5540.31
0 0 0 0 0 0 0 0 0 0
95536.4 3.67048e+07 6.68131e+07 382146 2 4 1.33626e+08 349.674 108.75 5610.77
0 0 0 0 0 0 0 0 0 0
7.57056e+07 1.54065e+09 8.57827e+07 2.27117e+08 2 3 1.71565e+08 0.755407 56 7142.62
0 0 0 0 0 0 0 0 0 0
0 0 0 0 0 0 0 0 0 0
0 0 0 0 0 0 0 0 0 0
1.25245e+08 9.64215e+08 7.57987e+07 1.40398e+06 4 4 3.03195e+08 215.954 81 5125.06
3.02323e+18 0 6.4976e+07 5.67011e+14 4 4 2.59904e+08 4.58376e-07 248.75 4445.15
3.57297e+08 2.3595e+09 8.04313e+07 4.49867e+08 5 4 4.02157e+08 0.893945 98.75 5037.24
0 0 0 0 0 0 0 0 0 0
4.47293e+07 1.93918e+09 7.73695e+07 1.78917e+08 3 4 2.32109e+08 1.2973 106 5961.19
0 0 0 0 0 0 0 0 0 0
0 0 0 0 0 0 0 0 0 0
0 0 0 0 0 0 0 0 0 0
355528 2.47481e+08 7.99521e+07 1.42211e+06 3 4 2.39856e+08 168.662 126 5211.67
1.93926e+08 6.2138e+08 8.46246e+07 7.75705e+08 2 4 1.69249e+08 0.218188 38 5076.08
158124 1.2352e+07 6.58147e+07 632495 2 4 1.31629e+08 208.111 84.75 5820.77
0 0 0 0 0 0 0 0 0 0
2.82718e+08 2.02935e+09 7.34087e+07 3.70891e+06 13 4 9.54313e+08 257.303 136 5674.47
1.99627e+08 3.1847e+09 8.46645e+07 7.98508e+08 2 4 1.69329e+08 0.212057 51 4781.26
1.03014e+08 9.79126e+08 7.75692e+07 1.25344e+07 6 4 4.65415e+08 37.131 14.75 4649.64
3.92407e+07 4.0817e+08 7.63806e+07 5.71203e+07 7 4 5.34665e+08 9.36032 194.75 5346.18
1.49374e+06 8.1705e+08 7.12327e+07 1.35385e+06 6 4 4.27396e+08 315.689 132.75 5210.04
0 0 0 0 0 0 0 0 0 0
1.10774e+07 1.4795e+09 7.32428e+07 3.12931e+06 5 4 3.66214e+08 117.027 36.75 14334
0 0 0 0 0 0 0 0 0 0
2.48617e+08 1.71949e+09 7.54865e+07 5.04128e+06 11 4 8.30351e+08 164.71 50 4195.93
0 0 0 0 0 0 0 0 0 0
2.54596e+08 1.91643e+09 7.66214e+07 5.82013e+07 10 3 7.66214e+08 13.1649 112.667 14763.2
491205 4.98708e+07 6.40176e+07 1.96482e+06 2 4 1.28035e+08 65.1638 155 5173.28
3.31037e+08 2.13152e+09 7.48802e+07 2.82248e+07 10 4 7.48802e+08 26.53 224.75 5123.63
5.09252e+07 1.47648e+09 8.59026e+07 2.03701e+08 2 4 1.71805e+08 0.843419 70.75 4838.66
62904.3 5.39385e+07 6.40176e+07 251617 2 4 1.28035e+08 508.849 42 5202.54
0 0 0 0 0 0 0 0 0 0
2.02762e+06 6.83059e+07 7.32228e+07 2.10028e+06 4 4 2.92891e+08 139.453 90 3825.56
0 0 0 0 0 0 0 0 0 0
0 0 0 0 0 0 0 0 0 0
2.46513e+08 8.60791e+08 8.57029e+07 4.93e+08 4 4 3.42812e+08 0.695358 118.75 4632.52
1.65563e+07 7.17898e+08 8.6242e+07 3.08742e+07 4 4 3.44968e+08 11.1733 171 4694.06
374620 5.89391e+07 6.60144e+07 1.49848e+06 2 4 1.32029e+08 88.1083 166.75 5079.3
5.25231e+07 9.36347e+08 7.52995e+07 1.07618e+06 4 4 3.01198e+08 279.878 118.75 4726.45
1.35601e+08 2.05339e+09 7.91534e+07 4.06804e+08 3 3 2.3746e+08 0.583721 84.6667 14964.7
