4.80748e+08 1.51718e+09 8.59744e+07 1.65562e+08 15 7 1.28962e+09 7.78935 101.429 464438
5.74045e+08 1.32119e+09 7.71353e+07 3.68866e+07 15 8 1.15703e+09 31.3672 140.875 186202
5.86919e+07 1.41418e+09 8.54183e+07 1.25049e+07 16 6 1.36669e+09 109.292 92.8333 315869
2.95162e+08 1.90744e+09 8.15354e+07 4.30153e+07 17 7 1.3861e+09 32.2235 144 209239
1.0806e+08 1.56936e+09 7.77622e+07 3.06258e+07 12 6 9.33147e+08 30.4693 117.333 409864
4.42998e+09 4.10857e+09 7.29383e+07 1.34682e+07 16 9 1.16701e+09 86.6497 77.5556 275233
2.93784e+08 1.72706e+09 8.53435e+07 3.21612e+08 16 7 1.3655e+09 4.24579 74.8571 508192
5.15189e+08 2.1001e+09 7.77606e+07 2.70887e+08 16 6 1.24417e+09 4.59294 111.5 247482
5.43181e+07 1.55217e+09 7.449e+07 2.44766e+06 13 5 9.68371e+08 395.631 230 426810
3.68515e+07 2.51914e+09 7.32182e+07 4.68684e+06 13 5 9.51837e+08 203.087 153.2 298498
1.86941e+08 2.35994e+09 7.52687e+07 1.31312e+07 11 7 8.27955e+08 63.0526 171.429 210153
4.04044e+08 1.82975e+09 8.39989e+07 9.78907e+07 15 6 1.25998e+09 12.8713 52 362227
4.26739e+08 2.40027e+09 8.1424e+07 1.72323e+08 14 5 1.13994e+09 6.61513 125.2 487658
1.68768e+08 1.53608e+09 8.71748e+07 1.89247e+08 14 6 1.22045e+09 6.44898 191.5 492763
2.98993e+09 3.40226e+09 8.51152e+07 1.66918e+08 14 8 1.19161e+09 7.13891 184 268818
2.92676e+09 3.22607e+09 8.35536e+07 6.37316e+07 11 7 9.19089e+08 14.4212 141.714 254974
2.82118e+08 1.96858e+09 8.67562e+07 1.97139e+08 16 7 1.3881e+09 7.04121 113.429 478995
1.88761e+08 1.83989e+09 8.23133e+07 9.9596e+07 16 6 1.31701e+09 13.2235 80 208442
1.64722e+08 1.77738e+09 8.13898e+07 1.10657e+07 14 6 1.13946e+09 102.972 92 596052
8.74117e+07 2.11374e+09 6.87129e+07 1.19605e+06 14 5 9.61981e+08 804.296 125.2 345527
7.16644e+07 1.81859e+09 7.49274e+07 4.64238e+06 11 8 8.24201e+08 177.538 94.875 267125
2.33152e+08 1.46621e+09 7.89419e+07 3.61823e+07 17 6 1.34201e+09 37.0903 58.8333 302452
6.19662e+08 1.58379e+09 8.11235e+07 3.16373e+07 15 7 1.21685e+09 38.4626 165.714 374918
1.9008e+08 1.71481e+09 7.87294e+07 2.14335e+07 13 7 1.02348e+09 47.7516 162 329785
1.5898e+08 5.67932e+08 8.14696e+07 9.68988e+06 14 12 1.14058e+09 117.708 74 338475
1.83094e+08 1.27974e+09 8.7932e+07 1.2132e+08 11 5 9.67252e+08 7.97272 38.8 207291
9.01339e+08 1.10806e+09 7.58253e+07 5.81764e+07 18 8 1.36486e+09 23.4606 98 293913
1.71018e+18 0 5.33485e+07 2.30112e+14 13 8 6.9353e+08 3.01388e-06 174.875 380725
2.28622e+09 3.24361e+09 8.30017e+07 5.71658e+06 11 8 9.13019e+08 159.714 166 375883
2.05528e+08 1.00665e+09 7.27083e+07 8.87692e+06 13 6 9.45208e+08 106.479 44 212770
3.6301e+09 3.6882e+09 8.09655e+07 1.14472e+08 16 10 1.29545e+09 11.3168 96.9 261807
1.94846e+08 4.37341e+13 8.26677e+07 4.48889e+07 12 6 9.92013e+08 22.0993 70.8333 277033
1.9835e+09 2.09694e+09 7.38918e+07 7.96453e+07 16 8 1.18227e+09 14.8442 171.5 249347
2.21564e+09 2.48393e+09 7.05741e+07 4.33904e+08 17 6 1.19976e+09 2.76503 209.5 246936
3.96141e+08 2.34282e+09 8.30487e+07 1.59326e+07 13 7 1.07963e+09 67.7626 43.4286 407078
7.98006e+07 1.8713e+09 7.73695e+07 1.41069e+07 15 7 1.16054e+09 82.2678 184 252078
2.51176e+18 0 2.41432e+07 2.65833e+17 11 9 2.65575e+08 9.9903e-10 105.556 272707
2.03976e+08 1.25397e+09 8.6886e+07 1.83268e+07 16 7 1.39018e+09 75.8548 50 171461
9.62029e+07 1.17466e+09 8.51837e+07 6.45783e+07 14 6 1.19257e+09 18.4671 136 307829
4.5215e+09 3.95102e+09 7.73351e+07 1.4207e+08 17 9 1.3147e+09 9.25387 126.222 384121
3.3577e+08 1.5456e+09 7.75666e+07 1.71895e+08 15 7 1.1635e+09 6.76867 289.714 1.164e+06
2.3534e+08 1.3379e+09 8.03185e+07 1.88075e+07 17 7 1.36542e+09 72.5996 226 310132
5.91303e+09 5.20052e+09 7.02396e+07 3.58709e+08 15 9 1.05359e+09 2.93718 138.222 221194
1.6987e+08 1.04168e+09 8.67785e+07 4.28994e+07 15 7 1.30168e+09 30.3426 132.857 418051
2.81365e+08 1.99135e+09 8.5607e+07 1.96518e+07 15 6 1.28411e+09 65.3428 28.8333 357300
1.8182e+08 3.23073e+09 7.78222e+07 8.88075e+07 12 4 9.33866e+08 10.5156 181 290554
3.17123e+08 1.4645e+09 8.29815e+07 5.20226e+07 14 7 1.16174e+09 22.3315 344.857 371789
6.55012e+08 2.2554e+09 7.46919e+07 6.61914e+07 14 5 1.04569e+09 15.7979 38.8 270949
2.64381e+08 1.73597e+09 8.51987e+07 1.6076e+08 16 7 1.36318e+09 8.47959 44.8571 374152
5.74566e+09 5.1149e+09 7.33932e+07 1.09056e+07 17 9 1.24768e+09 114.407 112.222 285198
1.20213e+08 2.08235e+09 8.05169e+07 3.01209e+07 14 7 1.12724e+09 37.4237 41.4286 400583
5.40339e+08 1.3258e+09 7.94438e+07 1.81009e+08 11 6 8.73882e+08 4.82784 151.333 325053
9.97796e+07 1.50202e+09 8.08983e+07 3.44705e+07 13 7 1.05168e+09 30.5095 239.429 469977
5.21357e+07 1.55509e+09 8.02716e+07 6.79858e+06 14 8 1.1238e+09 165.3 125.875 326266
1.80116e+08 1.73708e+09 8.50345e+07 3.54585e+07 19 7 1.61565e+09 45.5647 79.4286 586280
1.29433e+09 2.73027e+09 7.48525e+07 2.14943e+07 13 7 9.73083e+08 45.2716 91.7143 282686
3.05482e+08 2.12936e+09 7.28247e+07 2.56463e+07 17 7 1.23802e+09 48.2729 55.4286 561831
1.85998e+08 1.79304e+09 8.48528e+07 4.93219e+07 14 6 1.18794e+09 24.0855 129.333 402072
2.12258e+09 3.09756e+09 8.49973e+07 1.97976e+08 12 9 1.01997e+09 5.15199 140 271821
9.59875e+08 2.66439e+09 7.49601e+07 1.79616e+08 14 8 1.04944e+09 5.84268 222 226821
1.04196e+08 3.19405e+09 8.13898e+07 2.4807e+06 10 5 8.13898e+08 328.092 133.2 436123
3.0165e+09 3.77496e+09 7.20302e+07 1.24767e+07 11 7 7.92332e+08 63.5049 175.714 419626
1.68831e+08 1.7079e+09 7.97674e+07 1.90979e+07 16 6 1.27628e+09 66.8281 121.333 355916
3.37836e+08 2.22586e+09 7.52796e+07 9.76264e+06 16 5 1.20447e+09 123.376 132.8 518366
2.36192e+08 1.5067e+09 8.48129e+07 1.90072e+08 14 7 1.18738e+09 6.24701 192.857 418352
4.32442e+09 5.85484e+09 7.13738e+07 6.02381e+06 15 9 1.07061e+09 177.729 154.889 321528
1.62667e+08 2.05304e+09 6.43371e+07 5.35869e+06 14 9 9.00719e+08 168.086 238.889 192484
1.51853e+08 1.77146e+09 7.60738e+07 4.18219e+07 18 8 1.36933e+09 32.7419 36 454628
6.26368e+08 1.76359e+09 7.91267e+07 2.79701e+07 15 9 1.1869e+09 42.4347 96 317295
9.52487e+17 0 4.62926e+07 1.73844e+17 12 8 5.55511e+08 3.19546e-09 126 357275
3.23848e+18 0 6.96994e+07 1.1951e+17 11 6 7.66693e+08 6.41532e-09 206.833 379958
5.00439e+07 1.97226e+09 7.7864e+07 1.66222e+07 14 5 1.0901e+09 65.5809 30.8 269816
1.7015e+08 1.66636e+09 8.24465e+07 1.20948e+08 13 7 1.07181e+09 8.8617 107.714 377923
2.01165e+09 2.62401e+09 7.91362e+07 6.40387e+07 14 5 1.10791e+09 17.3006 146 428453
4.54994e+08 3.42345e+09 8.30671e+07 7.25481e+06 13 6 1.07987e+09 148.849 98 318268
4.05863e+09 4.40167e+09 8.26895e+07 4.99636e+07 11 8 9.09585e+08 18.2049 244 407579
1.36729e+09 1.83093e+09 7.89137e+07 1.17163e+08 14 7 1.10479e+09 9.42956 93.4286 234017
5.51042e+08 1.98655e+09 8.38316e+07 1.6121e+07 14 9 1.17364e+09 72.802 140 322597
9.31816e+07 2.00894e+09 8.45261e+07 2.44079e+07 15 5 1.26789e+09 51.9459 86.8 239522
5.34281e+07 9.46974e+08 8.83546e+07 3.96644e+07 10 5 8.83546e+08 22.2756 203.2 385065
1.38857e+09 2.19493e+09 8.37202e+07 2.26027e+08 17 7 1.42324e+09 6.29677 82.8571 318650
2.79341e+09 2.8241e+09 7.91583e+07 1.41848e+08 16 8 1.26653e+09 8.92879 34 189755
1.59132e+08 1.76692e+09 7.20547e+07 1.26613e+07 16 6 1.15288e+09 91.055 90.8333 529921
1.89444e+09 5.61752e+09 6.31236e+07 1.68987e+07 13 6 8.20607e+08 48.5604 83.5 195828
3.71893e+09 3.21503e+09 8.19808e+07 4.16539e+07 15 9 1.22971e+09 29.5221 88.8889 181890
7.20182e+08 1.56242e+09 6.87357e+07 4.85848e+06 14 12 9.623e+08 198.066 140.25 228585
3.89454e+08 1.79356e+09 7.69036e+07 1.34922e+07 18 7 1.38427e+09 102.597 171.429 315177
7.17026e+09 4.84975e+09 6.98704e+07 1.20466e+07 18 8 1.25767e+09 104.4 107.875 246325
1.97291e+08 2.85923e+09 7.46306e+07 2.23925e+07 16 7 1.19409e+09 53.3254 28.8571 491094
4.409e+08 1.95845e+09 7.07154e+07 1.17032e+07 14 9 9.90016e+08 84.594 208 317065
2.01363e+08 1.23958e+09 6.75202e+07 6.49917e+06 17 6 1.14784e+09 176.614 131.333 105053
1.56919e+09 2.09006e+09 8.41603e+07 1.54579e+07 16 7 1.34657e+09 87.1118 118.857 281061
1.8704e+08 1.08982e+09 8.11502e+07 2.36692e+07 17 8 1.37955e+09 58.2847 126.875 347483
5.83246e+09 3.63507e+09 8.1443e+07 3.91925e+07 12 5 9.77316e+08 24.9363 65.2 165856
1.6685e+08 1.79714e+09 7.22378e+07 3.24219e+06 12 5 8.66853e+08 267.366 122.8 431373
9.66264e+08 6.186e+09 7.05591e+07 3.79142e+06 10 6 7.05591e+08 186.102 80.8333 505713
1.76968e+09 2.57663e+09 7.77955e+07 3.10329e+07 16 11 1.24473e+09 40.1099 106 205655
2.82751e+08 1.76225e+09 8.43078e+07 2.58562e+07 15 6 1.26462e+09 48.9095 92.8333 403557
3.7993e+09 3.38929e+09 7.38468e+07 1.83359e+07 16 7 1.18155e+09 64.4391 159.714 325996
1.48214e+07 4.89606e+08 8.34065e+07 1.28774e+07 8 5 6.67252e+08 51.8159 650.8 360953
1.04713e+18 0 1.50046e+06 9.42418e+18 14 9 2.10064e+07 2.22899e-12 64 446956
1.45458e+08 2.37574e+09 8.63685e+07 1.56128e+07 15 6 1.29553e+09 82.9786 74 552870
2.08083e+08 1.31392e+09 8.80078e+07 6.88681e+07 14 5 1.23211e+09 17.8908 32.8 275707
3.83301e+08 1.73625e+09 8.7848e+07 3.98012e+08 14 6 1.22987e+09 3.09004 108 332595
7.92591e+08 1.61e+09 7.81949e+07 3.21981e+07 14 6 1.09473e+09 33.9998 121.333 196421
1.02484e+09 1.99521e+09 7.82648e+07 5.34899e+06 16 7 1.25224e+09 234.107 149.714 255460
1.18737e+09 2.55183e+09 7.24091e+07 1.05796e+08 16 7 1.15855e+09 10.9507 155.429 299174
1.85914e+08 2.29894e+09 7.95261e+07 3.72263e+06 12 6 9.54313e+08 256.354 80.8333 192173
2.08295e+08 1.71814e+09 8.46092e+07 1.77079e+07 13 5 1.09992e+09 62.1145 78.8 212690
2.03032e+09 2.91014e+09 8.43573e+07 1.66905e+08 13 9 1.09665e+09 6.57049 136 267991
1.70855e+09 2.31247e+09 7.59523e+07 6.53438e+07 13 10 9.8738e+08 15.1105 116.9 275387
5.34064e+07 1.39633e+09 7.10064e+07 1.10948e+07 14 5 9.94089e+08 89.6 155.2 337525
1.54406e+08 1.28119e+09 8.5024e+07 9.22598e+07 16 9 1.36038e+09 14.7451 118 311988
5.73172e+09 4.55096e+09 4.39126e+07 4.74462e+06 14 8 6.14776e+08 129.573 214.875 113026
1.11688e+09 2.06672e+09 6.64404e+07 2.04562e+06 18 8 1.19593e+09 584.627 112 253626
5.69998e+08 9.91577e+08 8.1869e+07 1.03552e+07 10 7 8.1869e+08 79.0606 153.714 197967
4.79232e+07 1.67105e+09 5.21965e+07 1.66126e+06 10 8 5.21965e+08 314.198 114 179997
1.63041e+08 1.95156e+09 8.80249e+07 3.69176e+07 14 7 1.23235e+09 33.3811 61.4286 308728
6.73528e+08 2.17077e+09 7.29176e+07 1.44782e+07 14 11 1.02085e+09 70.5092 168 273024
3.56616e+08 1.06173e+09 8.15542e+07 1.76806e+07 17 6 1.38642e+09 78.4148 215.333 456464
6.77463e+07 1.80188e+09 7.3549e+07 1.84081e+06 12 5 8.82588e+08 479.457 264.8 884824
2.51414e+07 1.11248e+09 7.01455e+07 2.03286e+07 9 5 6.3131e+08 31.0553 74.8 422776
1.5361e+08 1.78902e+09 8.20972e+07 1.1726e+08 14 7 1.14936e+09 9.80179 193.714 368408
1.38352e+08 1.82969e+09 8.38535e+07 8.72006e+06 13 7 1.0901e+09 125.01 88.8571 259633
5.26964e+08 1.77985e+09 7.93353e+07 3.61601e+07 18 6 1.42804e+09 39.4921 155.333 259360
8.28332e+08 1.60725e+09 6.86962e+07 1.45088e+07 13 9 8.93051e+08 61.5523 119.556 267111
7.08766e+07 1.27248e+09 8.39457e+07 1.09728e+07 12 5 1.00735e+09 91.8038 115.2 392604
8.84913e+09 6.02182e+09 7.10463e+07 4.11546e+08 14 8 9.94649e+08 2.41686 72.875 225373
2.33433e+09 2.15248e+09 7.85357e+07 3.22566e+07 15 7 1.17804e+09 36.5207 193.429 1.11755e+06
3.00433e+08 1.85373e+09 8.38871e+07 933685 15 6 1.25831e+09 1347.68 95.3333 448844
2.73203e+08 1.91224e+09 8.20718e+07 1.8356e+07 13 9 1.06693e+09 58.1245 237.556 322970
1.32591e+09 1.77759e+09 7.80511e+07 2.31036e+08 15 8 1.17077e+09 5.06747 116.875 211853
2.25485e+08 1.55528e+09 8.48136e+07 2.7861e+07 15 7 1.2722e+09 45.6626 51.7143 397123
7.0994e+09 4.92804e+09 7.26653e+07 8.81042e+07 13 7 9.44649e+08 10.7219 141.714 264929
2.783e+18 0 7.38738e+07 1.00789e+17 10 7 7.38738e+08 7.32955e-09 190.857 513466
6.87649e+08 1.57962e+09 7.44509e+07 6.14162e+07 16 7 1.19121e+09 19.3957 187.429 224334
1.10561e+09 1.62536e+09 7.88966e+07 9.21478e+06 14 8 1.10455e+09 119.867 111.5 289284
2.63764e+09 3.05436e+09 8.20687e+07 6.6852e+07 16 10 1.3131e+09 19.6419 134.4 278389
9.51585e+07 9.65592e+08 7.15541e+07 9.92464e+06 14 6 1.00176e+09 100.936 91.3333 173503
3.67201e+08 1.89109e+09 7.94679e+07 1.46565e+08 16 7 1.27149e+09 8.67524 173.429 297841
2.88644e+09 2.69941e+09 7.6656e+07 2.59718e+08 15 7 1.14984e+09 4.42726 104 513296
2.04987e+18 0 3.95833e+07 1.66331e+17 12 10 4.75e+08 2.85576e-09 121.6 356801
1.23968e+08 1.11467e+09 7.16986e+07 1.12666e+07 15 8 1.07548e+09 95.4575 147.5 238231
3.32677e+09 2.00723e+09 7.5686e+07 1.50024e+07 17 7 1.28666e+09 85.7639 59.4286 160439
1.64569e+08 1.56192e+09 9.03583e+07 2.20109e+07 14 6 1.26502e+09 57.4723 128.833 297801
8.79575e+08 1.91003e+09 7.5138e+07 4.49047e+06 11 6 8.26518e+08 184.06 232 271828
2.32399e+09 2.88518e+09 7.83919e+07 6.73601e+06 15 7 1.17588e+09 174.566 62 403337
1.36227e+18 0 2.49693e+07 3.9456e+17 13 11 3.24601e+08 8.2269e-10 20.9091 460893
4.67093e+08 4.36672e+09 6.97977e+07 4.95181e+07 15 5 1.04696e+09 21.1431 46.8 293923
1.75518e+08 1.48963e+09 7.45527e+07 1.68255e+07 15 8 1.11829e+09 66.464 190.875 492250
1.20528e+08 2.31556e+09 8.54739e+07 2.39668e+07 15 6 1.28211e+09 53.4951 178.833 399778
5.3805e+07 1.68007e+09 8.37675e+07 6.39693e+07 13 8 1.08898e+09 17.0234 169.875 502926
6.0399e+06 1.70184e+09 6.61219e+07 2.9566e+06 13 6 8.59585e+08 290.734 93.3333 773859
1.38992e+09 2.12829e+09 7.64477e+07 3.63697e+07 16 9 1.22316e+09 33.6314 88 281471
2.71415e+09 2.46451e+09 6.12726e+07 2.63595e+06 15 9 9.19089e+08 348.675 222 318750
1.96155e+08 1.69748e+09 7.48502e+07 1.62529e+07 16 8 1.1976e+09 73.6856 116 261425
1.43703e+09 2.50562e+09 7.97186e+07 9.91915e+07 13 7 1.03634e+09 10.4479 180 639074
9.74739e+08 2.78869e+09 8.24431e+07 1.47994e+08 16 8 1.31909e+09 8.91311 121.5 860479
1.55014e+08 1.91683e+09 8.47014e+07 4.75563e+07 13 4 1.10112e+09 23.154 90.75 181336
1.64161e+08 1.47465e+09 8.40256e+07 1.4305e+07 14 6 1.17636e+09 82.2343 64.8333 504645
1.47665e+08 1.00315e+09 7.38339e+07 1.95162e+07 15 5 1.10751e+09 56.7481 134.8 138019
5.12785e+09 4.72323e+09 7.34984e+07 1.37434e+08 15 8 1.10248e+09 8.02187 112 252405
1.81756e+18 0 7.15594e+07 1.44969e+11 13 8 9.30272e+08 0.00641702 84 306727
2.24245e+08 1.88148e+09 8.67412e+07 2.94277e+07 14 8 1.21438e+09 41.2665 166.875 307475
5.44706e+09 3.65484e+09 6.66591e+07 4.99164e+06 14 6 9.33227e+08 186.958 157.333 373563
2.43331e+08 1.51417e+09 8.59026e+07 2.44192e+08 14 6 1.20264e+09 4.92496 104.833 299261
3.74402e+07 7.97317e+08 7.73762e+07 5.73076e+06 12 6 9.28514e+08 162.023 100.833 309022
1.35849e+08 9.71541e+08 7.83067e+07 9.87459e+07 15 6 1.1746e+09 11.8952 141.5 243516
2.28588e+08 1.79015e+09 8.77902e+07 9.80608e+07 15 7 1.31685e+09 13.4289 89.7143 287345
8.07836e+08 2.34596e+09 8.19223e+07 1.50231e+08 15 6 1.22883e+09 8.17963 170.833 383870
5.90523e+09 4.84079e+09 6.82575e+07 6.80626e+06 12 6 8.19089e+08 120.344 62.8333 199997
6.87544e+08 1.18633e+10 8.38259e+07 8.22781e+06 12 6 1.00591e+09 122.257 145.333 653688
1.71907e+08 2.13525e+09 8.17252e+07 1.14216e+07 15 7 1.22588e+09 107.33 169.714 227552
1.40861e+08 1.67756e+09 8.03415e+07 9.5728e+07 16 6 1.28546e+09 13.4283 95.3333 345801
3.02399e+08 1.63177e+09 8.39207e+07 4.23071e+07 16 6 1.34273e+09 31.7378 29.3333 340501
2.69898e+08 1.31102e+09 7.92191e+07 1.60649e+07 17 7 1.34673e+09 83.8302 244.857 310173
3.18177e+08 1.94486e+09 7.58618e+07 2.16092e+07 19 7 1.44137e+09 66.7018 87.4286 462555
5.82351e+08 1.64817e+09 7.77328e+07 8.55994e+06 14 6 1.08826e+09 127.134 136.833 297674
1.76955e+08 1.22505e+09 8.36547e+07 5.7384e+07 14 7 1.17117e+09 20.4093 132 497346
1.62026e+08 1.55131e+09 8.53674e+07 8.33949e+07 15 8 1.28051e+09 15.3548 147.5 402257
2.29535e+09 2.52421e+09 7.92332e+07 2.66434e+08 17 7 1.34696e+09 5.05554 265.429 354963
2.58952e+08 1.56575e+09 8.51673e+07 1.25835e+07 17 5 1.44784e+09 115.059 53.2 640502
8.40384e+08 1.39931e+09 7.73709e+07 2.78248e+08 19 8 1.47005e+09 5.28323 90.875 284035
1.39307e+08 6.32011e+08 8.08207e+07 1.32095e+07 16 6 1.29313e+09 97.894 108 330013
1.46896e+09 2.07156e+09 8.14696e+07 1.19968e+08 15 6 1.22204e+09 10.1864 196 235485
2.05781e+08 2.22104e+09 8.2102e+07 1.69253e+08 12 6 9.85224e+08 5.82102 206.833 329321
3.94079e+07 1.9184e+09 7.17652e+07 5.4932e+06 10 9 7.17652e+08 130.644 404.222 265950
7.9438e+07 9.60201e+08 8.44934e+07 1.47268e+07 14 6 1.18291e+09 80.3237 124.833 282665
2.33028e+07 2.29241e+09 8.25007e+07 1.56606e+07 11 7 9.07508e+08 57.9485 107.429 285300
5.67687e+09 4.01559e+09 5.64321e+07 1.75168e+07 17 7 9.59345e+08 54.7671 112.857 216129
2.28444e+08 1.60024e+09 8.10092e+07 1.71153e+07 17 6 1.37716e+09 80.4633 60 582598
1.5269e+08 2.5537e+09 8.10646e+07 1.01334e+07 14 6 1.1349e+09 111.996 163.333 325474
2.62366e+08 2.20155e+09 8.32618e+07 1.08758e+08 16 6 1.33219e+09 12.2491 27.3333 254715
3.39571e+08 1.4503e+09 8.64856e+07 1.65712e+08 20 7 1.72971e+09 10.4381 90.8571 262357
4.70549e+09 4.33945e+09 7.39494e+07 6.78609e+06 13 10 9.61342e+08 141.664 122.1 209279
1.29254e+08 1.47307e+09 7.76558e+07 3.39936e+07 16 6 1.24249e+09 36.5508 172 435869
2.64831e+08 1.8754e+09 8.83719e+07 3.22938e+07 12 8 1.06046e+09 32.838 141.5 239860
1.86159e+09 2.23313e+09 6.83546e+07 8.48061e+06 15 10 1.02532e+09 120.902 116.5 234702
8.45149e+08 1.94324e+09 7.95755e+07 3.22924e+07 14 6 1.11406e+09 34.4991 130 351962
5.436e+09 2.40182e+10 8.62087e+07 7.1528e+07 12 7 1.0345e+09 14.4629 141.429 397678
1.69884e+08 1.16875e+09 8.55631e+07 1.28452e+07 16 7 1.36901e+09 106.578 127.714 272682
